"Y","i","t","alphai","gi","alpha_gi","X1","X2","X3","X4","X5","X6","X7","X8","X9","X10","Tr","lead1","lead2","lead3","lead4","lead5","lag1","lag2","lag3","lag4","lag5"
0.766226738530283,1,1,0,1,0.01,0,0,1,1,0,1,1,0,1,1,0,0,0,0,0,0,0,0,0,0,0
-0.113469025381816,1,2,0,1,0.01,0,0,1,1,0,1,1,0,1,1,0,0,0,0,0,0,0,0,0,0,0
1.1766755065792,1,3,0,1,0.01,0,0,1,1,0,1,1,0,1,1,0,0,0,0,0,0,0,0,0,0,0
0.0427301449849268,1,4,0,1,0.01,0,0,1,1,0,1,1,0,1,1,0,0,0,0,0,0,0,0,0,0,0
-2.34449097332945,1,5,0,1,0.01,0,0,1,1,0,1,1,0,1,1,0,0,0,0,0,0,0,0,0,0,0
0.322391127089185,1,6,0,1,0.01,0,0,1,1,0,1,1,0,1,1,0,0,0,0,0,0,0,0,0,0,0
1.57580814574528,1,7,0,1,0.01,0,0,1,1,0,1,1,0,1,1,0,0,0,0,0,0,0,0,0,0,0
-0.236966859197926,1,8,0,1,0.01,0,0,1,1,0,1,1,0,1,1,0,0,0,0,0,0,0,0,0,0,0
0.365494702647497,1,9,0,1,0.01,0,0,1,1,0,1,1,0,1,1,0,0,0,0,0,0,0,0,0,0,0
0.0539545771918611,1,10,0,1,0.01,0,0,1,1,0,1,1,0,1,1,0,0,0,0,0,0,0,0,0,0,0
0.569466355410219,2,1,0,2,0.0512710963760241,1,0,0,0,1,0,0,0,0,1,0,0,0,0,0,0,0,0,0,0,0
-0.214623333146735,2,2,0,2,0.105170918075648,1,0,0,0,1,0,0,0,0,1,0,0,0,0,0,0,0,0,0,0,0
2.09786922091403,2,3,0,2,0.161834242728283,1,0,0,0,1,0,0,0,0,1,0,0,0,0,0,0,0,0,0,0,0
-1.54178041515173,2,4,0,2,0.22140275816017,1,0,0,0,1,0,0,0,0,1,0,0,0,0,0,0,0,0,0,0,0
-0.18442847147649,2,5,0,2,0.284025416687741,1,0,0,0,1,0,0,0,0,1,0,0,0,0,0,0,0,0,0,0,0
0.330235841329128,2,6,0,2,0.349858807576003,1,0,0,0,1,0,0,0,0,1,0,0,0,0,0,0,0,0,0,0,0
1.56358405269542,2,7,0,2,0.419067548593257,1,0,0,0,1,0,0,0,0,1,0,0,0,0,0,0,0,0,0,0,0
1.42331373199255,2,8,0,2,0.49182469764127,1,0,0,0,1,0,0,0,0,1,0,0,0,0,0,0,0,0,0,0,0
3.74301353259482,2,9,0,2,0.568312185490169,1,0,0,0,1,0,0,0,0,1,0,0,0,0,0,0,0,0,0,0,0
3.0162023851614,2,10,0,2,0.648721270700128,1,0,0,0,1,0,0,0,0,1,0,0,0,0,0,0,0,0,0,0,0
-0.141048707399711,3,1,0,1,0.01,0,0,0,0,1,0,0,0,0,1,0,0,0,0,0,0,0,0,0,0,0
0.628183811803414,3,2,0,1,0.01,0,0,0,0,1,0,0,0,0,1,0,0,0,0,0,0,0,0,0,0,0
-1.35311709973273,3,3,0,1,0.01,0,0,0,0,1,0,0,0,0,1,0,0,0,0,0,0,0,0,0,0,0
0.109845293300259,3,4,0,1,0.01,0,0,0,0,1,0,0,0,0,1,0,0,0,0,0,0,0,0,0,0,0
1.03781556406737,3,5,0,1,0.01,0,0,0,0,1,0,0,0,0,1,0,0,0,0,0,0,0,0,0,0,0
-0.400825601603394,3,6,0,1,0.01,0,0,0,0,1,0,0,0,0,1,0,0,0,0,0,0,0,0,0,0,0
1.41547315945035,3,7,0,1,0.01,0,0,0,0,1,0,0,0,0,1,0,0,0,0,0,0,0,0,0,0,0
1.81266392509319,3,8,0,1,0.01,0,0,0,0,1,0,0,0,0,1,0,0,0,0,0,0,0,0,0,0,0
0.0201105833329929,3,9,0,1,0.01,0,0,0,0,1,0,0,0,0,1,0,0,0,0,0,0,0,0,0,0,0
-0.120412001087637,3,10,0,1,0.01,0,0,0,0,1,0,0,0,0,1,0,0,0,0,0,0,0,0,0,0,0
-0.69312724371121,4,1,0,1,0.01,0,0,1,1,0,1,0,0,1,0,1,0,0,0,0,0,0,0,0,0,0
-0.273184435022738,4,2,0,1,0.01,0,0,1,1,0,1,0,0,1,0,0,0,0,0,0,0,1,0,0,0,0
0.978452916018512,4,3,0,1,0.01,0,0,1,1,0,1,0,0,1,0,0,0,0,0,0,0,0,1,0,0,0
-0.957725351933105,4,4,0,1,0.01,0,0,1,1,0,1,0,0,1,0,0,0,0,0,0,0,0,0,1,0,0
-0.344307762595779,4,5,0,1,0.01,0,0,1,1,0,1,0,0,1,0,0,0,0,0,0,0,0,0,0,1,0
0.542167729647246,4,6,0,1,0.01,0,0,1,1,0,1,0,0,1,0,0,0,0,0,0,0,0,0,0,0,1
-0.896410576478863,4,7,0,1,0.01,0,0,1,1,0,1,0,0,1,0,0,0,0,0,0,0,0,0,0,0,0
-2.67544843128173,4,8,0,1,0.01,0,0,1,1,0,1,0,0,1,0,0,0,0,0,0,0,0,0,0,0,0
-0.0345707616038571,4,9,0,1,0.01,0,0,1,1,0,1,0,0,1,0,0,0,0,0,0,0,0,0,0,0,0
0.258136928387128,4,10,0,1,0.01,0,0,1,1,0,1,0,0,1,0,0,0,0,0,0,0,0,0,0,0,0
-1.27182286948146,5,1,0,1,0.01,0,1,1,1,1,1,1,1,0,1,0,0,0,0,0,0,0,0,0,0,0
-1.68570190456768,5,2,0,1,0.01,0,1,1,1,1,1,1,1,0,1,0,0,0,0,0,0,0,0,0,0,0
-0.768487041024327,5,3,0,1,0.01,0,1,1,1,1,1,1,1,0,1,0,0,0,0,0,0,0,0,0,0,0
1.01668866935912,5,4,0,1,0.01,0,1,1,1,1,1,1,1,0,1,0,0,0,0,0,0,0,0,0,0,0
0.596634304767742,5,5,0,1,0.01,0,1,1,1,1,1,1,1,0,1,0,0,0,0,0,0,0,0,0,0,0
0.695915643783418,5,6,0,1,0.01,0,1,1,1,1,1,1,1,0,1,0,0,0,0,0,0,0,0,0,0,0
-1.01568800099242,5,7,0,1,0.01,0,1,1,1,1,1,1,1,0,1,0,0,0,0,0,0,0,0,0,0,0
-0.793178783907061,5,8,0,1,0.01,0,1,1,1,1,1,1,1,0,1,0,0,0,0,0,0,0,0,0,0,0
0.682076603959103,5,9,0,1,0.01,0,1,1,1,1,1,1,1,0,1,0,0,0,0,0,0,0,0,0,0,0
-1.67495876415527,5,10,0,1,0.01,0,1,1,1,1,1,1,1,0,1,0,0,0,0,0,0,0,0,0,0,0
-0.201837005804519,6,1,0,1,0.01,0,0,0,0,1,0,1,1,0,0,0,0,0,0,0,0,0,0,0,0,0
1.70327892051444,6,2,0,1,0.01,0,0,0,0,1,0,1,1,0,0,0,0,0,0,0,0,0,0,0,0,0
-1.02306695613008,6,3,0,1,0.01,0,0,0,0,1,0,1,1,0,0,0,0,0,0,0,0,0,0,0,0,0
-1.27574818320699,6,4,0,1,0.01,0,0,0,0,1,0,1,1,0,0,0,0,0,0,0,0,0,0,0,0,0
0.245987234453781,6,5,0,1,0.01,0,0,0,0,1,0,1,1,0,0,0,0,0,0,0,0,0,0,0,0,0
0.576941469527042,6,6,0,1,0.01,0,0,0,0,1,0,1,1,0,0,0,0,0,0,0,0,0,0,0,0,0
-1.1281237264106,6,7,0,1,0.01,0,0,0,0,1,0,1,1,0,0,0,0,0,0,0,0,0,0,0,0,0
-2.36162509231799,6,8,0,1,0.01,0,0,0,0,1,0,1,1,0,0,0,0,0,0,0,0,0,0,0,0,0
0.191900677992987,6,9,0,1,0.01,0,0,0,0,1,0,1,1,0,0,0,0,0,0,0,0,0,0,0,0,0
0.638145018325449,6,10,0,1,0.01,0,0,0,0,1,0,1,1,0,0,0,0,0,0,0,0,0,0,0,0,0
-0.982299686414221,7,1,0,2,0.0512710963760241,0,1,1,0,1,1,0,1,1,0,0,0,0,0,0,0,0,0,0,0,0
1.399585945679,7,2,0,2,0.105170918075648,0,1,1,0,1,1,0,1,1,0,0,0,0,0,0,0,0,0,0,0,0
0.824617410941568,7,3,0,2,0.161834242728283,0,1,1,0,1,1,0,1,1,0,0,0,0,0,0,0,0,0,0,0,0
0.337782164305154,7,4,0,2,0.22140275816017,0,1,1,0,1,1,0,1,1,0,0,0,0,0,0,0,0,0,0,0,0
1.41335053824252,7,5,0,2,0.284025416687741,0,1,1,0,1,1,0,1,1,0,0,0,0,0,0,1,0,0,0,0,0
2.83410558249144,7,6,0,2,0.349858807576003,0,1,1,0,1,1,0,1,1,0,0,0,0,0,1,0,0,0,0,0,0
0.681442250703116,7,7,0,2,0.419067548593257,0,1,1,0,1,1,0,1,1,0,0,0,0,1,0,0,0,0,0,0,0
1.39424042638212,7,8,0,2,0.49182469764127,0,1,1,0,1,1,0,1,1,0,0,0,1,0,0,0,0,0,0,0,0
1.73466409451969,7,9,0,2,0.568312185490169,0,1,1,0,1,1,0,1,1,0,0,1,0,0,0,0,0,0,0,0,0
1.7410476307327,7,10,0,2,0.648721270700128,0,1,1,0,1,1,0,1,1,0,1,0,0,0,0,0,0,0,0,0,0
0.969652900412789,8,1,0,2,0.0512710963760241,0,0,0,0,1,0,0,1,1,1,0,0,0,0,0,0,0,0,0,0,0
-0.870479128261793,8,2,0,2,0.105170918075648,0,0,0,0,1,0,0,1,1,1,0,0,0,0,0,0,0,0,0,0,0
1.74307747348037,8,3,0,2,0.161834242728283,0,0,0,0,1,0,0,1,1,1,0,0,0,0,0,0,0,0,0,0,0
0.731127822681337,8,4,0,2,0.22140275816017,0,0,0,0,1,0,0,1,1,1,0,0,0,0,0,0,0,0,0,0,0
0.572143083257522,8,5,0,2,0.284025416687741,0,0,0,0,1,0,0,1,1,1,0,0,0,0,0,0,0,0,0,0,0
2.05762916831641,8,6,0,2,0.349858807576003,0,0,0,0,1,0,0,1,1,1,0,0,0,0,0,0,0,0,0,0,0
3.82690314373683,8,7,0,2,0.419067548593257,0,0,0,0,1,0,0,1,1,1,0,0,0,0,0,0,0,0,0,0,0
2.03246191752231,8,8,0,2,0.49182469764127,0,0,0,0,1,0,0,1,1,1,0,0,0,0,0,0,0,0,0,0,0
2.30055760394134,8,9,0,2,0.568312185490169,0,0,0,0,1,0,0,1,1,1,0,0,0,0,0,0,0,0,0,0,0
3.7051425692711,8,10,0,2,0.648721270700128,0,0,0,0,1,0,0,1,1,1,0,0,0,0,0,0,0,0,0,0,0
-2.4853078603895,9,1,0,2,0.0512710963760241,0,0,0,1,1,0,0,1,1,0,0,0,0,0,0,0,0,0,0,0,0
1.42689314308759,9,2,0,2,0.105170918075648,0,0,0,1,1,0,0,1,1,0,0,0,0,0,0,0,0,0,0,0,0
1.65939642521406,9,3,0,2,0.161834242728283,0,0,0,1,1,0,0,1,1,0,0,0,0,0,0,0,0,0,0,0,0
0.999930694414499,9,4,0,2,0.22140275816017,0,0,0,1,1,0,0,1,1,0,0,0,0,0,0,0,0,0,0,0,0
1.13794143718364,9,5,0,2,0.284025416687741,0,0,0,1,1,0,0,1,1,0,0,0,0,0,0,0,0,0,0,0,0
1.92122684963969,9,6,0,2,0.349858807576003,0,0,0,1,1,0,0,1,1,0,0,0,0,0,0,0,0,0,0,0,0
0.277695908189605,9,7,0,2,0.419067548593257,0,0,0,1,1,0,0,1,1,0,0,0,0,0,0,0,0,0,0,0,0
2.37039100892481,9,8,0,2,0.49182469764127,0,0,0,1,1,0,0,1,1,0,0,0,0,0,0,0,0,0,0,0,0
2.97715915453409,9,9,0,2,0.568312185490169,0,0,0,1,1,0,0,1,1,0,0,0,0,0,0,0,0,0,0,0,0
3.21116688901402,9,10,0,2,0.648721270700128,0,0,0,1,1,0,0,1,1,0,0,0,0,0,0,0,0,0,0,0,0
1.39677087637656,10,1,0,1,0.01,1,0,0,1,1,1,1,1,0,0,0,0,0,1,0,0,0,0,0,0,0
-0.855723729737338,10,2,0,1,0.01,1,0,0,1,1,1,1,1,0,0,0,0,1,0,0,0,0,0,0,0,0
1.07685758269009,10,3,0,1,0.01,1,0,0,1,1,1,1,1,0,0,0,1,0,0,0,0,0,0,0,0,0
0.805673372044548,10,4,0,1,0.01,1,0,0,1,1,1,1,1,0,0,1,0,0,0,0,0,0,0,0,0,0
0.559377287553578,10,5,0,1,0.01,1,0,0,1,1,1,1,1,0,0,0,0,0,0,0,0,1,0,0,0,0
-0.941806259282197,10,6,0,1,0.01,1,0,0,1,1,1,1,1,0,0,0,0,0,0,0,0,0,1,0,0,0
-0.884390629518619,10,7,0,1,0.01,1,0,0,1,1,1,1,1,0,0,0,0,0,0,0,0,0,0,1,0,0
-0.66255337251142,10,8,0,1,0.01,1,0,0,1,1,1,1,1,0,0,0,0,0,0,0,0,0,0,0,1,0
0.971940643617861,10,9,0,1,0.01,1,0,0,1,1,1,1,1,0,0,0,0,0,0,0,0,0,0,0,0,1
-0.697534100509757,10,10,0,1,0.01,1,0,0,1,1,1,1,1,0,0,0,0,0,0,0,0,0,0,0,0,0
0.165568775585741,11,1,0,1,0.01,1,0,1,1,0,0,1,0,0,0,0,1,0,0,0,0,0,0,0,0,0
1.21056178632275,11,2,0,1,0.01,1,0,1,1,0,0,1,0,0,0,1,0,0,0,0,0,0,0,0,0,0
-0.829227631342719,11,3,0,1,0.01,1,0,1,1,0,0,1,0,0,0,0,0,0,0,0,0,1,0,0,0,0
-1.11873078251996,11,4,0,1,0.01,1,0,1,1,0,0,1,0,0,0,0,0,0,0,0,0,0,1,0,0,0
-0.0186173359196805,11,5,0,1,0.01,1,0,1,1,0,0,1,0,0,0,0,0,0,0,0,0,0,0,1,0,0
-1.35191196296027,11,6,0,1,0.01,1,0,1,1,0,0,1,0,0,0,0,0,0,0,0,0,0,0,0,1,0
0.25390494974176,11,7,0,1,0.01,1,0,1,1,0,0,1,0,0,0,0,0,0,0,0,0,0,0,0,0,1
-0.432342554788456,11,8,0,1,0.01,1,0,1,1,0,0,1,0,0,0,0,0,0,0,0,0,0,0,0,0,0
-1.05203041801699,11,9,0,1,0.01,1,0,1,1,0,0,1,0,0,0,0,0,0,0,0,0,0,0,0,0,0
-0.919858942042112,11,10,0,1,0.01,1,0,1,1,0,0,1,0,0,0,0,0,0,0,0,0,0,0,0,0,0
-0.15373875920387,12,1,0,2,0.0512710963760241,1,0,0,0,1,0,1,1,1,0,0,0,0,0,0,0,0,0,0,0,0
0.0345893185823102,12,2,0,2,0.105170918075648,1,0,0,0,1,0,1,1,1,0,0,0,0,0,0,0,0,0,0,0,0
0.78572469390451,12,3,0,2,0.161834242728283,1,0,0,0,1,0,1,1,1,0,0,0,0,0,0,0,0,0,0,0,0
1.84556387834839,12,4,0,2,0.22140275816017,1,0,0,0,1,0,1,1,1,0,0,0,0,0,0,0,0,0,0,0,0
0.902351783962413,12,5,0,2,0.284025416687741,1,0,0,0,1,0,1,1,1,0,0,0,0,0,0,0,0,0,0,0,0
1.71217355239434,12,6,0,2,0.349858807576003,1,0,0,0,1,0,1,1,1,0,0,0,0,0,0,0,0,0,0,0,0
1.39799032465905,12,7,0,2,0.419067548593257,1,0,0,0,1,0,1,1,1,0,0,0,0,0,0,0,0,0,0,0,0
4.01611190579016,12,8,0,2,0.49182469764127,1,0,0,0,1,0,1,1,1,0,0,0,0,0,0,0,0,0,0,0,0
4.35393474867901,12,9,0,2,0.568312185490169,1,0,0,0,1,0,1,1,1,0,0,0,0,0,0,0,0,0,0,0,0
2.55431851075841,12,10,0,2,0.648721270700128,1,0,0,0,1,0,1,1,1,0,0,0,0,0,0,0,0,0,0,0,0
0.0632490044482475,13,1,0,1,0.01,0,1,1,1,0,1,0,0,1,0,0,0,0,1,0,0,0,0,0,0,0
1.24958989593353,13,2,0,1,0.01,0,1,1,1,0,1,0,0,1,0,0,0,1,0,0,0,0,0,0,0,0
-1.42986094114133,13,3,0,1,0.01,0,1,1,1,0,1,0,0,1,0,0,1,0,0,0,0,0,0,0,0,0
0.834016734930646,13,4,0,1,0.01,0,1,1,1,0,1,0,0,1,0,1,0,0,0,0,0,0,0,0,0,0
-1.65929371598743,13,5,0,1,0.01,0,1,1,1,0,1,0,0,1,0,0,0,0,0,0,0,1,0,0,0,0
-0.266330769014103,13,6,0,1,0.01,0,1,1,1,0,1,0,0,1,0,0,0,0,0,0,0,0,1,0,0,0
-0.161230130638508,13,7,0,1,0.01,0,1,1,1,0,1,0,0,1,0,0,0,0,0,0,0,0,0,1,0,0
0.93334837380121,13,8,0,1,0.01,0,1,1,1,0,1,0,0,1,0,0,0,0,0,0,0,0,0,0,1,0
0.875318980901053,13,9,0,1,0.01,0,1,1,1,0,1,0,0,1,0,0,0,0,0,0,0,0,0,0,0,1
0.865793828669286,13,10,0,1,0.01,0,1,1,1,0,1,0,0,1,0,0,0,0,0,0,0,0,0,0,0,0
0.556625033788401,14,1,0,1,0.01,0,0,1,1,1,0,0,1,1,1,0,0,0,1,0,0,0,0,0,0,0
1.57072942458101,14,2,0,1,0.01,0,0,1,1,1,0,0,1,1,1,0,0,1,0,0,0,0,0,0,0,0
-2.97726294466294,14,3,0,1,0.01,0,0,1,1,1,0,0,1,1,1,0,1,0,0,0,0,0,0,0,0,0
0.855437154371847,14,4,0,1,0.01,0,0,1,1,1,0,0,1,1,1,1,0,0,0,0,0,0,0,0,0,0
0.608094396136582,14,5,0,1,0.01,0,0,1,1,1,0,0,1,1,1,0,0,0,0,0,0,1,0,0,0,0
0.08738377041507,14,6,0,1,0.01,0,0,1,1,1,0,0,1,1,1,0,0,0,0,0,0,0,1,0,0,0
-0.0590915740642295,14,7,0,1,0.01,0,0,1,1,1,0,0,1,1,1,0,0,0,0,0,0,0,0,1,0,0
0.0893863944669431,14,8,0,1,0.01,0,0,1,1,1,0,0,1,1,1,0,0,0,0,0,0,0,0,0,1,0
-0.0139306672440044,14,9,0,1,0.01,0,0,1,1,1,0,0,1,1,1,0,0,0,0,0,0,0,0,0,0,1
-0.377887390364408,14,10,0,1,0.01,0,0,1,1,1,0,0,1,1,1,0,0,0,0,0,0,0,0,0,0,0
0.818976913026794,15,1,0,2,0.0512710963760241,0,1,1,0,0,0,0,1,1,1,0,0,0,0,0,0,0,0,0,0,0
0.898985515079992,15,2,0,2,0.105170918075648,0,1,1,0,0,0,0,1,1,1,0,0,0,0,0,0,0,0,0,0,0
0.819000471954623,15,3,0,2,0.161834242728283,0,1,1,0,0,0,0,1,1,1,0,0,0,0,0,0,0,0,0,0,0
0.566994258399769,15,4,0,2,0.22140275816017,0,1,1,0,0,0,0,1,1,1,0,0,0,0,0,0,0,0,0,0,0
-0.100496642574903,15,5,0,2,0.284025416687741,0,1,1,0,0,0,0,1,1,1,0,0,0,0,0,0,0,0,0,0,0
0.692268450596581,15,6,0,2,0.349858807576003,0,1,1,0,0,0,0,1,1,1,0,0,0,0,0,0,0,0,0,0,0
5.75835562155161,15,7,0,2,0.419067548593257,0,1,1,0,0,0,0,1,1,1,0,0,0,0,0,0,0,0,0,0,0
2.11381272497063,15,8,0,2,0.49182469764127,0,1,1,0,0,0,0,1,1,1,0,0,0,0,0,0,0,0,0,0,0
3.83163493804266,15,9,0,2,0.568312185490169,0,1,1,0,0,0,0,1,1,1,0,0,0,0,0,0,0,0,0,0,0
3.05619828739168,15,10,0,2,0.648721270700128,0,1,1,0,0,0,0,1,1,1,0,0,0,0,0,0,0,0,0,0,0
-0.106471455994526,16,1,0,2,0.0512710963760241,0,1,0,0,0,0,0,0,1,0,0,0,0,0,0,0,0,0,0,0,0
2.00843691473679,16,2,0,2,0.105170918075648,0,1,0,0,0,0,0,0,1,0,0,0,0,0,0,0,0,0,0,0,0
1.36259454761364,16,3,0,2,0.161834242728283,0,1,0,0,0,0,0,0,1,0,0,0,0,0,0,0,0,0,0,0,0
2.11280830627794,16,4,0,2,0.22140275816017,0,1,0,0,0,0,0,0,1,0,0,0,0,0,0,0,0,0,0,0,0
0.587086178957825,16,5,0,2,0.284025416687741,0,1,0,0,0,0,0,0,1,0,0,0,0,0,0,0,0,0,0,0,0
2.11963684958739,16,6,0,2,0.349858807576003,0,1,0,0,0,0,0,0,1,0,0,0,0,0,0,0,0,0,0,0,0
1.96793332959298,16,7,0,2,0.419067548593257,0,1,0,0,0,0,0,0,1,0,0,0,0,0,0,0,0,0,0,0,0
3.41994609316025,16,8,0,2,0.49182469764127,0,1,0,0,0,0,0,0,1,0,0,0,0,0,0,0,0,0,0,0,0
1.72896239750707,16,9,0,2,0.568312185490169,0,1,0,0,0,0,0,0,1,0,0,0,0,0,0,0,0,0,0,0,0
3.56597432351415,16,10,0,2,0.648721270700128,0,1,0,0,0,0,0,0,1,0,0,0,0,0,0,0,0,0,0,0,0
0.917713223716378,17,1,0,2,0.0512710963760241,0,1,1,1,1,0,1,1,1,1,0,0,0,0,0,0,0,0,0,0,0
-0.326512525340354,17,2,0,2,0.105170918075648,0,1,1,1,1,0,1,1,1,1,0,0,0,0,0,0,0,0,0,0,0
-0.864223996181072,17,3,0,2,0.161834242728283,0,1,1,1,1,0,1,1,1,1,0,0,0,0,0,0,0,0,0,0,0
0.569920265839632,17,4,0,2,0.22140275816017,0,1,1,1,1,0,1,1,1,1,0,0,0,0,0,0,0,0,0,0,0
0.136554957953346,17,5,0,2,0.284025416687741,0,1,1,1,1,0,1,1,1,1,0,0,0,0,0,0,0,0,0,0,0
0.667145596055172,17,6,0,2,0.349858807576003,0,1,1,1,1,0,1,1,1,1,0,0,0,0,0,0,0,0,0,0,0
1.56170934640188,17,7,0,2,0.419067548593257,0,1,1,1,1,0,1,1,1,1,0,0,0,0,0,0,0,0,0,0,0
2.2496277844335,17,8,0,2,0.49182469764127,0,1,1,1,1,0,1,1,1,1,0,0,0,0,0,0,0,0,0,0,0
2.97165705503563,17,9,0,2,0.568312185490169,0,1,1,1,1,0,1,1,1,1,0,0,0,0,0,0,0,0,0,0,0
2.63144116243484,17,10,0,2,0.648721270700128,0,1,1,1,1,0,1,1,1,1,0,0,0,0,0,0,0,0,0,0,0
0.643053589253688,18,1,0,2,0.0512710963760241,0,1,0,1,0,1,1,0,1,0,0,0,0,0,0,0,0,0,0,0,0
0.758619258753189,18,2,0,2,0.105170918075648,0,1,0,1,0,1,1,0,1,0,0,0,0,0,0,0,0,0,0,0,0
-0.0368445480759149,18,3,0,2,0.161834242728283,0,1,0,1,0,1,1,0,1,0,0,0,0,0,0,0,0,0,0,0,0
2.04969221292702,18,4,0,2,0.22140275816017,0,1,0,1,0,1,1,0,1,0,0,0,0,0,0,0,0,0,0,0,0
1.30187410837731,18,5,0,2,0.284025416687741,0,1,0,1,0,1,1,0,1,0,0,0,0,0,0,0,0,0,0,0,0
3.41507303896839,18,6,0,2,0.349858807576003,0,1,0,1,0,1,1,0,1,0,0,0,0,0,0,0,0,0,0,0,0
3.0390426678995,18,7,0,2,0.419067548593257,0,1,0,1,0,1,1,0,1,0,0,0,0,0,0,0,0,0,0,0,0
2.81767120994853,18,8,0,2,0.49182469764127,0,1,0,1,0,1,1,0,1,0,0,0,0,0,0,0,0,0,0,0,0
2.00909862093163,18,9,0,2,0.568312185490169,0,1,0,1,0,1,1,0,1,0,0,0,0,0,0,0,0,0,0,0,0
1.86981108326578,18,10,0,2,0.648721270700128,0,1,0,1,0,1,1,0,1,0,0,0,0,0,0,0,0,0,0,0,0
0.424437798712729,19,1,0,2,0.0512710963760241,0,1,1,1,1,1,1,1,1,1,0,0,0,0,0,0,0,0,0,0,0
0.339130198525014,19,2,0,2,0.105170918075648,0,1,1,1,1,1,1,1,1,1,0,0,0,0,0,0,0,0,0,0,0
-0.0731579344024421,19,3,0,2,0.161834242728283,0,1,1,1,1,1,1,1,1,1,0,0,0,0,0,0,0,0,0,0,0
1.287516973386,19,4,0,2,0.22140275816017,0,1,1,1,1,1,1,1,1,1,0,0,0,0,0,0,0,0,0,0,0
2.13202042769607,19,5,0,2,0.284025416687741,0,1,1,1,1,1,1,1,1,1,0,0,0,0,0,0,0,0,0,0,0
1.88907807480013,19,6,0,2,0.349858807576003,0,1,1,1,1,1,1,1,1,1,0,0,0,0,0,0,0,0,0,0,0
2.05855019207538,19,7,0,2,0.419067548593257,0,1,1,1,1,1,1,1,1,1,0,0,0,0,0,0,0,0,0,0,0
1.76598552897042,19,8,0,2,0.49182469764127,0,1,1,1,1,1,1,1,1,1,0,0,0,0,0,0,0,0,0,0,0
3.04557841285151,19,9,0,2,0.568312185490169,0,1,1,1,1,1,1,1,1,1,0,0,0,0,0,0,0,0,0,0,0
1.59646372631206,19,10,0,2,0.648721270700128,0,1,1,1,1,1,1,1,1,1,0,0,0,0,0,0,0,0,0,0,0
0.343668298974482,20,1,0,1,0.01,0,0,1,0,0,0,0,0,1,1,0,0,0,0,0,0,0,0,0,0,0
2.41350339673875,20,2,0,1,0.01,0,0,1,0,0,0,0,0,1,1,0,0,0,0,0,0,0,0,0,0,0
-0.72658852134386,20,3,0,1,0.01,0,0,1,0,0,0,0,0,1,1,0,0,0,0,0,0,0,0,0,0,0
-0.545927523659991,20,4,0,1,0.01,0,0,1,0,0,0,0,0,1,1,0,0,0,0,0,0,0,0,0,0,0
-2.42679574165001,20,5,0,1,0.01,0,0,1,0,0,0,0,0,1,1,0,0,0,0,0,0,0,0,0,0,0
1.4179151003825,20,6,0,1,0.01,0,0,1,0,0,0,0,0,1,1,0,0,0,0,0,0,0,0,0,0,0
0.0205259036645422,20,7,0,1,0.01,0,0,1,0,0,0,0,0,1,1,0,0,0,0,0,0,0,0,0,0,0
1.09941072005354,20,8,0,1,0.01,0,0,1,0,0,0,0,0,1,1,0,0,0,0,0,0,0,0,0,0,0
1.27180874448122,20,9,0,1,0.01,0,0,1,0,0,0,0,0,1,1,0,0,0,0,0,0,0,0,0,0,0
-0.147781765726542,20,10,0,1,0.01,0,0,1,0,0,0,0,0,1,1,0,0,0,0,0,0,0,0,0,0,0
0.413267120998079,21,1,0,1,0.01,0,0,0,0,1,1,0,0,1,0,0,0,0,0,0,0,0,0,0,0,0
-0.599976615075554,21,2,0,1,0.01,0,0,0,0,1,1,0,0,1,0,0,0,0,0,0,0,0,0,0,0,0
-0.397027106995049,21,3,0,1,0.01,0,0,0,0,1,1,0,0,1,0,0,0,0,0,0,0,0,0,0,0,0
0.107191863740949,21,4,0,1,0.01,0,0,0,0,1,1,0,0,1,0,0,0,0,0,0,0,0,0,0,0,0
-0.0105182397326502,21,5,0,1,0.01,0,0,0,0,1,1,0,0,1,0,0,0,0,0,0,0,0,0,0,0,0
-1.12480461690967,21,6,0,1,0.01,0,0,0,0,1,1,0,0,1,0,0,0,0,0,0,0,0,0,0,0,0
0.114303197253728,21,7,0,1,0.01,0,0,0,0,1,1,0,0,1,0,0,0,0,0,0,0,0,0,0,0,0
-0.596471810273119,21,8,0,1,0.01,0,0,0,0,1,1,0,0,1,0,0,0,0,0,0,0,0,0,0,0,0
-0.990541367137221,21,9,0,1,0.01,0,0,0,0,1,1,0,0,1,0,0,0,0,0,0,0,0,0,0,0,0
0.527155205368436,21,10,0,1,0.01,0,0,0,0,1,1,0,0,1,0,0,0,0,0,0,0,0,0,0,0,0
-0.365618734214638,22,1,0,1,0.01,0,0,1,0,1,0,0,1,0,1,0,1,0,0,0,0,0,0,0,0,0
-1.53702815448548,22,2,0,1,0.01,0,0,1,0,1,0,0,1,0,1,1,0,0,0,0,0,0,0,0,0,0
0.998735196729146,22,3,0,1,0.01,0,0,1,0,1,0,0,1,0,1,0,0,0,0,0,0,1,0,0,0,0
-0.139884155190946,22,4,0,1,0.01,0,0,1,0,1,0,0,1,0,1,0,0,0,0,0,0,0,1,0,0,0
3.08039570461914,22,5,0,1,0.01,0,0,1,0,1,0,0,1,0,1,0,0,0,0,0,0,0,0,1,0,0
-1.67392914179305,22,6,0,1,0.01,0,0,1,0,1,0,0,1,0,1,0,0,0,0,0,0,0,0,0,1,0
-1.24881442406486,22,7,0,1,0.01,0,0,1,0,1,0,0,1,0,1,0,0,0,0,0,0,0,0,0,0,1
-0.34832911289453,22,8,0,1,0.01,0,0,1,0,1,0,0,1,0,1,0,0,0,0,0,0,0,0,0,0,0
-0.485440987339231,22,9,0,1,0.01,0,0,1,0,1,0,0,1,0,1,0,0,0,0,0,0,0,0,0,0,0
-0.569038833123867,22,10,0,1,0.01,0,0,1,0,1,0,0,1,0,1,0,0,0,0,0,0,0,0,0,0,0
1.30949879620072,23,1,0,1,0.01,0,1,0,0,1,1,1,1,1,1,0,0,0,0,0,0,0,0,0,0,0
-0.00769672539726787,23,2,0,1,0.01,0,1,0,0,1,1,1,1,1,1,0,0,0,0,0,0,0,0,0,0,0
-1.43911264749924,23,3,0,1,0.01,0,1,0,0,1,1,1,1,1,1,0,0,0,0,0,0,0,0,0,0,0
0.181093042958029,23,4,0,1,0.01,0,1,0,0,1,1,1,1,1,1,0,0,0,0,0,0,0,0,0,0,0
-0.959697004753037,23,5,0,1,0.01,0,1,0,0,1,1,1,1,1,1,0,0,0,0,0,0,0,0,0,0,0
-1.33203081264014,23,6,0,1,0.01,0,1,0,0,1,1,1,1,1,1,0,0,0,0,0,0,0,0,0,0,0
0.0730537479012949,23,7,0,1,0.01,0,1,0,0,1,1,1,1,1,1,0,0,0,0,0,0,0,0,0,0,0
0.244710355333433,23,8,0,1,0.01,0,1,0,0,1,1,1,1,1,1,0,0,0,0,0,0,0,0,0,0,0
0.215099204483324,23,9,0,1,0.01,0,1,0,0,1,1,1,1,1,1,0,0,0,0,0,0,0,0,0,0,0
-1.12017153353646,23,10,0,1,0.01,0,1,0,0,1,1,1,1,1,1,0,0,0,0,0,0,0,0,0,0,0
2.27458895676295,24,1,0,1,0.01,0,1,1,1,0,0,1,1,0,0,0,0,1,0,0,0,0,0,0,0,0
-0.223465269255388,24,2,0,1,0.01,0,1,1,1,0,0,1,1,0,0,0,1,0,0,0,0,0,0,0,0,0
-1.42525084281572,24,3,0,1,0.01,0,1,1,1,0,0,1,1,0,0,1,0,0,0,0,0,0,0,0,0,0
-0.703005974478262,24,4,0,1,0.01,0,1,1,1,0,0,1,1,0,0,0,0,0,0,0,0,1,0,0,0,0
2.14061113796162,24,5,0,1,0.01,0,1,1,1,0,0,1,1,0,0,0,0,0,0,0,0,0,1,0,0,0
0.116097670471793,24,6,0,1,0.01,0,1,1,1,0,0,1,1,0,0,0,0,0,0,0,0,0,0,1,0,0
-0.532179584550056,24,7,0,1,0.01,0,1,1,1,0,0,1,1,0,0,0,0,0,0,0,0,0,0,0,1,0
1.17981348402963,24,8,0,1,0.01,0,1,1,1,0,0,1,1,0,0,0,0,0,0,0,0,0,0,0,0,1
0.0399950552534623,24,9,0,1,0.01,0,1,1,1,0,0,1,1,0,0,0,0,0,0,0,0,0,0,0,0,0
1.8439982717064,24,10,0,1,0.01,0,1,1,1,0,0,1,1,0,0,0,0,0,0,0,0,0,0,0,0,0
1.57465979316272,25,1,0,2,0.0512710963760241,0,1,1,1,1,1,0,0,1,1,0,0,0,0,0,0,0,0,0,0,0
-0.536300289261546,25,2,0,2,0.105170918075648,0,1,1,1,1,1,0,0,1,1,0,0,0,0,0,0,0,0,0,0,0
0.537724267790657,25,3,0,2,0.161834242728283,0,1,1,1,1,1,0,0,1,1,0,0,0,0,0,0,0,0,0,0,0
1.42877749858742,25,4,0,2,0.22140275816017,0,1,1,1,1,1,0,0,1,1,0,0,0,0,0,0,0,0,0,0,0
1.37479789361647,25,5,0,2,0.284025416687741,0,1,1,1,1,1,0,0,1,1,0,0,0,0,0,1,0,0,0,0,0
1.49920177984642,25,6,0,2,0.349858807576003,0,1,1,1,1,1,0,0,1,1,0,0,0,0,1,0,0,0,0,0,0
1.53017906005592,25,7,0,2,0.419067548593257,0,1,1,1,1,1,0,0,1,1,0,0,0,1,0,0,0,0,0,0,0
0.379795847914661,25,8,0,2,0.49182469764127,0,1,1,1,1,1,0,0,1,1,0,0,1,0,0,0,0,0,0,0,0
1.68034114104615,25,9,0,2,0.568312185490169,0,1,1,1,1,1,0,0,1,1,0,1,0,0,0,0,0,0,0,0,0
1.96998670357624,25,10,0,2,0.648721270700128,0,1,1,1,1,1,0,0,1,1,1,0,0,0,0,0,0,0,0,0,0
-0.550887757218592,26,1,0,1,0.01,0,0,0,0,1,1,0,1,1,1,0,0,0,0,0,0,0,0,0,0,0
-1.71051444397003,26,2,0,1,0.01,0,0,0,0,1,1,0,1,1,1,0,0,0,0,0,0,0,0,0,0,0
-0.618961915003423,26,3,0,1,0.01,0,0,0,0,1,1,0,1,1,1,0,0,0,0,0,0,0,0,0,0,0
0.485533478712942,26,4,0,1,0.01,0,0,0,0,1,1,0,1,1,1,0,0,0,0,0,0,0,0,0,0,0
1.55951895949734,26,5,0,1,0.01,0,0,0,0,1,1,0,1,1,1,0,0,0,0,0,0,0,0,0,0,0
-0.210562439144641,26,6,0,1,0.01,0,0,0,0,1,1,0,1,1,1,0,0,0,0,0,0,0,0,0,0,0
0.290845510879459,26,7,0,1,0.01,0,0,0,0,1,1,0,1,1,1,0,0,0,0,0,0,0,0,0,0,0
-0.673694254882672,26,8,0,1,0.01,0,0,0,0,1,1,0,1,1,1,0,0,0,0,0,0,0,0,0,0,0
-0.540523320004122,26,9,0,1,0.01,0,0,0,0,1,1,0,1,1,1,0,0,0,0,0,0,0,0,0,0,0
-0.82646709853695,26,10,0,1,0.01,0,0,0,0,1,1,0,1,1,1,0,0,0,0,0,0,0,0,0,0,0
-0.140447757964589,27,1,0,1,0.01,1,1,0,1,0,0,0,1,0,1,0,0,0,0,0,0,0,0,0,0,0
0.300663898688356,27,2,0,1,0.01,1,1,0,1,0,0,0,1,0,1,0,0,0,0,0,0,0,0,0,0,0
0.638650805464446,27,3,0,1,0.01,1,1,0,1,0,0,0,1,0,1,0,0,0,0,0,0,0,0,0,0,0
0.691543290277956,27,4,0,1,0.01,1,1,0,1,0,0,0,1,0,1,0,0,0,0,0,0,0,0,0,0,0
0.846445418400881,27,5,0,1,0.01,1,1,0,1,0,0,0,1,0,1,0,0,0,0,0,0,0,0,0,0,0
-2.25981748021807,27,6,0,1,0.01,1,1,0,1,0,0,0,1,0,1,0,0,0,0,0,0,0,0,0,0,0
-0.449045106075603,27,7,0,1,0.01,1,1,0,1,0,0,0,1,0,1,0,0,0,0,0,0,0,0,0,0,0
-0.881085656461045,27,8,0,1,0.01,1,1,0,1,0,0,0,1,0,1,0,0,0,0,0,0,0,0,0,0,0
0.0216950672330195,27,9,0,1,0.01,1,1,0,1,0,0,0,1,0,1,0,0,0,0,0,0,0,0,0,0,0
1.54591963042853,27,10,0,1,0.01,1,1,0,1,0,0,0,1,0,1,0,0,0,0,0,0,0,0,0,0,0
-0.304803918661392,28,1,0,2,0.0512710963760241,0,1,1,1,1,0,0,0,1,1,0,0,0,0,0,0,0,0,0,0,0
2.42110556116924,28,2,0,2,0.105170918075648,0,1,1,1,1,0,0,0,1,1,0,0,0,0,0,0,0,0,0,0,0
0.835510746920389,28,3,0,2,0.161834242728283,0,1,1,1,1,0,0,0,1,1,0,0,0,0,0,0,0,0,0,0,0
1.11783896392414,28,4,0,2,0.22140275816017,0,1,1,1,1,0,0,0,1,1,0,0,0,0,0,0,0,0,0,0,0
0.776552798826327,28,5,0,2,0.284025416687741,0,1,1,1,1,0,0,0,1,1,0,0,0,0,0,0,0,0,0,0,0
1.94038807081808,28,6,0,2,0.349858807576003,0,1,1,1,1,0,0,0,1,1,0,0,0,0,0,0,0,0,0,0,0
1.16882680719113,28,7,0,2,0.419067548593257,0,1,1,1,1,0,0,0,1,1,0,0,0,0,0,0,0,0,0,0,0
0.727481985739499,28,8,0,2,0.49182469764127,0,1,1,1,1,0,0,0,1,1,0,0,0,0,0,0,0,0,0,0,0
4.29842738647212,28,9,0,2,0.568312185490169,0,1,1,1,1,0,0,0,1,1,0,0,0,0,0,0,0,0,0,0,0
2.4414099841634,28,10,0,2,0.648721270700128,0,1,1,1,1,0,0,0,1,1,0,0,0,0,0,0,0,0,0,0,0
0.277222482203157,29,1,0,2,0.0512710963760241,1,0,0,1,1,0,1,1,1,1,0,0,0,0,0,0,0,0,0,0,0
1.1630154666187,29,2,0,2,0.105170918075648,1,0,0,1,1,0,1,1,1,1,0,0,0,0,0,0,0,0,0,0,0
1.46417640478466,29,3,0,2,0.161834242728283,1,0,0,1,1,0,1,1,1,1,0,0,0,0,0,0,0,0,0,0,0
1.21859322140903,29,4,0,2,0.22140275816017,1,0,0,1,1,0,1,1,1,1,0,0,0,0,0,0,0,0,0,0,0
1.55496801222437,29,5,0,2,0.284025416687741,1,0,0,1,1,0,1,1,1,1,0,0,0,0,0,0,0,0,0,0,0
1.42140335996532,29,6,0,2,0.349858807576003,1,0,0,1,1,0,1,1,1,1,0,0,0,0,0,0,0,0,0,0,0
2.71181904753953,29,7,0,2,0.419067548593257,1,0,0,1,1,0,1,1,1,1,0,0,0,0,0,0,0,0,0,0,0
1.14302752985433,29,8,0,2,0.49182469764127,1,0,0,1,1,0,1,1,1,1,0,0,0,0,0,0,0,0,0,0,0
1.36027897008748,29,9,0,2,0.568312185490169,1,0,0,1,1,0,1,1,1,1,0,0,0,0,0,0,0,0,0,0,0
2.87986216934512,29,10,0,2,0.648721270700128,1,0,0,1,1,0,1,1,1,1,0,0,0,0,0,0,0,0,0,0,0
-0.260945117235911,30,1,0,1,0.01,1,0,0,0,1,1,1,0,1,0,0,0,0,0,0,0,0,0,0,0,0
0.0701230930846457,30,2,0,1,0.01,1,0,0,0,1,1,1,0,1,0,0,0,0,0,0,0,0,0,0,0,0
-0.93713306579255,30,3,0,1,0.01,1,0,0,0,1,1,1,0,1,0,0,0,0,0,0,0,0,0,0,0,0
0.934666572052779,30,4,0,1,0.01,1,0,0,0,1,1,1,0,1,0,0,0,0,0,0,0,0,0,0,0,0
-1.31666588965573,30,5,0,1,0.01,1,0,0,0,1,1,1,0,1,0,0,0,0,0,0,0,0,0,0,0,0
0.746410784400807,30,6,0,1,0.01,1,0,0,0,1,1,1,0,1,0,0,0,0,0,0,0,0,0,0,0,0
0.337590424798271,30,7,0,1,0.01,1,0,0,0,1,1,1,0,1,0,0,0,0,0,0,0,0,0,0,0,0
-1.01274866299735,30,8,0,1,0.01,1,0,0,0,1,1,1,0,1,0,0,0,0,0,0,0,0,0,0,0,0
0.184737446759281,30,9,0,1,0.01,1,0,0,0,1,1,1,0,1,0,0,0,0,0,0,0,0,0,0,0,0
1.17600058994284,30,10,0,1,0.01,1,0,0,0,1,1,1,0,1,0,0,0,0,0,0,0,0,0,0,0,0
1.12063438289313,31,1,0,1,0.01,0,1,1,0,1,0,0,1,0,1,0,0,0,0,0,0,0,0,0,0,0
0.869885512012705,31,2,0,1,0.01,0,1,1,0,1,0,0,1,0,1,0,0,0,0,0,0,0,0,0,0,0
0.8434123191991,31,3,0,1,0.01,0,1,1,0,1,0,0,1,0,1,0,0,0,0,0,0,0,0,0,0,0
0.893994661152267,31,4,0,1,0.01,0,1,1,0,1,0,0,1,0,1,0,0,0,0,0,0,0,0,0,0,0
-0.655113455854222,31,5,0,1,0.01,0,1,1,0,1,0,0,1,0,1,0,0,0,0,0,0,0,0,0,0,0
1.38071735254232,31,6,0,1,0.01,0,1,1,0,1,0,0,1,0,1,0,0,0,0,0,0,0,0,0,0,0
0.94772681405398,31,7,0,1,0.01,0,1,1,0,1,0,0,1,0,1,0,0,0,0,0,0,0,0,0,0,0
0.0162192822748519,31,8,0,1,0.01,0,1,1,0,1,0,0,1,0,1,0,0,0,0,0,0,0,0,0,0,0
0.89688516664317,31,9,0,1,0.01,0,1,1,0,1,0,0,1,0,1,0,0,0,0,0,0,0,0,0,0,0
0.268326550936851,31,10,0,1,0.01,0,1,1,0,1,0,0,1,0,1,0,0,0,0,0,0,0,0,0,0,0
0.530359046693654,32,1,0,1,0.01,1,0,1,0,0,1,1,0,1,0,0,0,0,1,0,0,0,0,0,0,0
0.799736424917612,32,2,0,1,0.01,1,0,1,0,0,1,1,0,1,0,0,0,1,0,0,0,0,0,0,0,0
0.113365038394803,32,3,0,1,0.01,1,0,1,0,0,1,1,0,1,0,0,1,0,0,0,0,0,0,0,0,0
-0.855682324967693,32,4,0,1,0.01,1,0,1,0,0,1,1,0,1,0,1,0,0,0,0,0,0,0,0,0,0
0.178813167515096,32,5,0,1,0.01,1,0,1,0,0,1,1,0,1,0,0,0,0,0,0,0,1,0,0,0,0
-1.29860514878055,32,6,0,1,0.01,1,0,1,0,0,1,1,0,1,0,0,0,0,0,0,0,0,1,0,0,0
-2.37105246036161,32,7,0,1,0.01,1,0,1,0,0,1,1,0,1,0,0,0,0,0,0,0,0,0,1,0,0
0.650413930223611,32,8,0,1,0.01,1,0,1,0,0,1,1,0,1,0,0,0,0,0,0,0,0,0,0,1,0
-0.760842050932417,32,9,0,1,0.01,1,0,1,0,0,1,1,0,1,0,0,0,0,0,0,0,0,0,0,0,1
0.655759880666016,32,10,0,1,0.01,1,0,1,0,0,1,1,0,1,0,0,0,0,0,0,0,0,0,0,0,0
-0.123924180580845,33,1,0,2,0.0512710963760241,0,0,0,0,1,1,0,0,1,0,0,0,0,0,0,0,0,0,0,0,0
1.18220709619531,33,2,0,2,0.105170918075648,0,0,0,0,1,1,0,0,1,0,0,0,0,0,0,0,0,0,0,0,0
1.79388066304596,33,3,0,2,0.161834242728283,0,0,0,0,1,1,0,0,1,0,0,0,0,0,0,1,0,0,0,0,0
0.603093669542419,33,4,0,2,0.22140275816017,0,0,0,0,1,1,0,0,1,0,0,0,0,0,1,0,0,0,0,0,0
3.26953132847946,33,5,0,2,0.284025416687741,0,0,0,0,1,1,0,0,1,0,0,0,0,1,0,0,0,0,0,0,0
2.21268588587599,33,6,0,2,0.349858807576003,0,0,0,0,1,1,0,0,1,0,0,0,1,0,0,0,0,0,0,0,0
2.98624842236309,33,7,0,2,0.419067548593257,0,0,0,0,1,1,0,0,1,0,0,1,0,0,0,0,0,0,0,0,0
4.13683858421464,33,8,0,2,0.49182469764127,0,0,0,0,1,1,0,0,1,0,1,0,0,0,0,0,0,0,0,0,0
2.69482692720221,33,9,0,2,0.568312185490169,0,0,0,0,1,1,0,0,1,0,0,0,0,0,0,0,1,0,0,0,0
3.16014816714959,33,10,0,2,0.648721270700128,0,0,0,0,1,1,0,0,1,0,0,0,0,0,0,0,0,1,0,0,0
-0.971798184564896,34,1,0,2,0.0512710963760241,1,0,0,0,0,0,0,1,0,1,0,0,0,0,0,0,0,0,0,0,0
-0.408090781931727,34,2,0,2,0.105170918075648,1,0,0,0,0,0,0,1,0,1,0,0,0,0,0,1,0,0,0,0,0
1.86248505172504,34,3,0,2,0.161834242728283,1,0,0,0,0,0,0,1,0,1,0,0,0,0,1,0,0,0,0,0,0
-0.0100531106408934,34,4,0,2,0.22140275816017,1,0,0,0,0,0,0,1,0,1,0,0,0,1,0,0,0,0,0,0,0
1.9202688035327,34,5,0,2,0.284025416687741,1,0,0,0,0,0,0,1,0,1,0,0,1,0,0,0,0,0,0,0,0
0.783917287754787,34,6,0,2,0.349858807576003,1,0,0,0,0,0,0,1,0,1,0,1,0,0,0,0,0,0,0,0,0
1.35338398331313,34,7,0,2,0.419067548593257,1,0,0,0,0,0,0,1,0,1,1,0,0,0,0,0,0,0,0,0,0
1.8335327494692,34,8,0,2,0.49182469764127,1,0,0,0,0,0,0,1,0,1,0,0,0,0,0,0,1,0,0,0,0
3.81174692521445,34,9,0,2,0.568312185490169,1,0,0,0,0,0,0,1,0,1,0,0,0,0,0,0,0,1,0,0,0
2.46514370457063,34,10,0,2,0.648721270700128,1,0,0,0,0,0,0,1,0,1,0,0,0,0,0,0,0,0,1,0,0
1.92002979381597,35,1,0,1,0.01,1,0,0,0,1,1,1,0,1,1,0,0,1,0,0,0,0,0,0,0,0
1.69528070017829,35,2,0,1,0.01,1,0,0,0,1,1,1,0,1,1,0,1,0,0,0,0,0,0,0,0,0
-0.531447342510667,35,3,0,1,0.01,1,0,0,0,1,1,1,0,1,1,1,0,0,0,0,0,0,0,0,0,0
0.262132951011392,35,4,0,1,0.01,1,0,0,0,1,1,1,0,1,1,0,0,0,0,0,0,1,0,0,0,0
1.1413663220625,35,5,0,1,0.01,1,0,0,0,1,1,1,0,1,1,0,0,0,0,0,0,0,1,0,0,0
0.467021335442262,35,6,0,1,0.01,1,0,0,0,1,1,1,0,1,1,0,0,0,0,0,0,0,0,1,0,0
-0.290657817132765,35,7,0,1,0.01,1,0,0,0,1,1,1,0,1,1,0,0,0,0,0,0,0,0,0,1,0
0.367421187582165,35,8,0,1,0.01,1,0,0,0,1,1,1,0,1,1,0,0,0,0,0,0,0,0,0,0,1
-0.628389585419613,35,9,0,1,0.01,1,0,0,0,1,1,1,0,1,1,0,0,0,0,0,0,0,0,0,0,0
0.408090989076017,35,10,0,1,0.01,1,0,0,0,1,1,1,0,1,1,0,0,0,0,0,0,0,0,0,0,0
0.629533617454631,36,1,0,2,0.0512710963760241,1,0,1,1,1,1,0,1,1,0,0,0,0,0,1,0,0,0,0,0,0
0.472318244238584,36,2,0,2,0.105170918075648,1,0,1,1,1,1,0,1,1,0,0,0,0,1,0,0,0,0,0,0,0
-0.101720822413357,36,3,0,2,0.161834242728283,1,0,1,1,1,1,0,1,1,0,0,0,1,0,0,0,0,0,0,0,0
1.20520875173704,36,4,0,2,0.22140275816017,1,0,1,1,1,1,0,1,1,0,0,1,0,0,0,0,0,0,0,0,0
0.439061006803992,36,5,0,2,0.284025416687741,1,0,1,1,1,1,0,1,1,0,1,0,0,0,0,0,0,0,0,0,0
1.15475962444038,36,6,0,2,0.349858807576003,1,0,1,1,1,1,0,1,1,0,0,0,0,0,0,0,1,0,0,0,0
0.739305512289077,36,7,0,2,0.419067548593257,1,0,1,1,1,1,0,1,1,0,0,0,0,0,0,0,0,1,0,0,0
2.82450909338315,36,8,0,2,0.49182469764127,1,0,1,1,1,1,0,1,1,0,0,0,0,0,0,0,0,0,1,0,0
1.98258182393981,36,9,0,2,0.568312185490169,1,0,1,1,1,1,0,1,1,0,0,0,0,0,0,0,0,0,0,1,0
4.55349608055601,36,10,0,2,0.648721270700128,1,0,1,1,1,1,0,1,1,0,0,0,0,0,0,0,0,0,0,0,1
-0.456836258904933,37,1,0,1,0.01,0,0,1,0,0,0,1,1,1,0,0,1,0,0,0,0,0,0,0,0,0
0.171209893226964,37,2,0,1,0.01,0,0,1,0,0,0,1,1,1,0,1,0,0,0,0,0,0,0,0,0,0
1.37575301579718,37,3,0,1,0.01,0,0,1,0,0,0,1,1,1,0,0,0,0,0,0,0,1,0,0,0,0
1.43347171799227,37,4,0,1,0.01,0,0,1,0,0,0,1,1,1,0,0,0,0,0,0,0,0,1,0,0,0
-0.0720904912032687,37,5,0,1,0.01,0,0,1,0,0,0,1,1,1,0,0,0,0,0,0,0,0,0,1,0,0
-0.311150386118419,37,6,0,1,0.01,0,0,1,0,0,0,1,1,1,0,0,0,0,0,0,0,0,0,0,1,0
-0.105566470343507,37,7,0,1,0.01,0,0,1,0,0,0,1,1,1,0,0,0,0,0,0,0,0,0,0,0,1
1.0266277897428,37,8,0,1,0.01,0,0,1,0,0,0,1,1,1,0,0,0,0,0,0,0,0,0,0,0,0
0.92360184140691,37,9,0,1,0.01,0,0,1,0,0,0,1,1,1,0,0,0,0,0,0,0,0,0,0,0,0
1.28457301926275,37,10,0,1,0.01,0,0,1,0,0,0,1,1,1,0,0,0,0,0,0,0,0,0,0,0,0
2.49817085270369,38,1,0,1,0.01,1,1,0,1,1,1,1,1,0,0,0,0,0,0,0,0,0,0,0,0,0
1.05131110657396,38,2,0,1,0.01,1,1,0,1,1,1,1,1,0,0,0,0,0,0,0,0,0,0,0,0,0
-1.34747545542777,38,3,0,1,0.01,1,1,0,1,1,1,1,1,0,0,0,0,0,0,0,0,0,0,0,0,0
1.08151209393573,38,4,0,1,0.01,1,1,0,1,1,1,1,1,0,0,0,0,0,0,0,0,0,0,0,0,0
-0.0376479661660809,38,5,0,1,0.01,1,1,0,1,1,1,1,1,0,0,0,0,0,0,0,0,0,0,0,0,0
-0.268328739395895,38,6,0,1,0.01,1,1,0,1,1,1,1,1,0,0,0,0,0,0,0,0,0,0,0,0,0
1.92711135166569,38,7,0,1,0.01,1,1,0,1,1,1,1,1,0,0,0,0,0,0,0,0,0,0,0,0,0
-0.302517242563561,38,8,0,1,0.01,1,1,0,1,1,1,1,1,0,0,0,0,0,0,0,0,0,0,0,0,0
-0.723173482904184,38,9,0,1,0.01,1,1,0,1,1,1,1,1,0,0,0,0,0,0,0,0,0,0,0,0,0
1.17631774036873,38,10,0,1,0.01,1,1,0,1,1,1,1,1,0,0,0,0,0,0,0,0,0,0,0,0,0
0.936030406724576,39,1,0,3,0.127496851579376,0,0,1,0,0,1,0,0,1,1,0,0,0,0,0,0,0,0,0,0,0
3.55941648867791,39,2,0,3,0.271249150321405,0,0,1,0,0,1,0,0,1,1,0,0,0,0,0,0,0,0,0,0,0
2.99166035554224,39,3,0,3,0.43332941456034,0,0,1,0,0,1,0,0,1,1,0,0,0,0,0,0,0,0,0,0,0
2.65095781790196,39,4,0,3,0.616074402192893,0,0,1,0,0,1,0,0,1,1,0,0,0,0,0,0,0,0,0,0,0
4.39003360756717,39,5,0,3,0.822118800390509,0,0,1,0,0,1,0,0,1,1,0,0,0,0,0,0,0,0,0,0,0
4.31030471183866,39,6,0,3,1.05443321064389,0,0,1,0,0,1,0,0,1,1,0,0,0,0,0,0,0,0,0,0,0
6.75003077561254,39,7,0,3,1.31636697678109,0,0,1,0,0,1,0,0,1,1,0,0,0,0,0,0,0,0,0,0,0
8.03764698893018,39,8,0,3,1.61169647342312,0,0,1,0,0,1,0,0,1,1,0,0,0,0,0,0,0,0,0,0,0
10.4056954867093,39,9,0,3,1.94467955106552,0,0,1,0,0,1,0,0,1,1,0,0,0,0,0,0,0,0,0,0,0
11.7501787863324,39,10,0,3,2.32011692273655,0,0,1,0,0,1,0,0,1,1,0,0,0,0,0,0,0,0,0,0,0
-0.157621853736116,40,1,0,1,0.01,1,1,0,0,1,1,1,0,1,0,0,0,0,0,0,0,0,0,0,0,0
0.17339645632868,40,2,0,1,0.01,1,1,0,0,1,1,1,0,1,0,0,0,0,0,0,0,0,0,0,0,0
2.01755828761823,40,3,0,1,0.01,1,1,0,0,1,1,1,0,1,0,0,0,0,0,0,0,0,0,0,0,0
-0.752100777339838,40,4,0,1,0.01,1,1,0,0,1,1,1,0,1,0,0,0,0,0,0,0,0,0,0,0,0
-2.45842560601512,40,5,0,1,0.01,1,1,0,0,1,1,1,0,1,0,0,0,0,0,0,0,0,0,0,0,0
-0.313643842594352,40,6,0,1,0.01,1,1,0,0,1,1,1,0,1,0,0,0,0,0,0,0,0,0,0,0,0
1.95776242063265,40,7,0,1,0.01,1,1,0,0,1,1,1,0,1,0,0,0,0,0,0,0,0,0,0,0,0
0.785272517493335,40,8,0,1,0.01,1,1,0,0,1,1,1,0,1,0,0,0,0,0,0,0,0,0,0,0,0
-0.919140862001559,40,9,0,1,0.01,1,1,0,0,1,1,1,0,1,0,0,0,0,0,0,0,0,0,0,0,0
0.89432256274434,40,10,0,1,0.01,1,1,0,0,1,1,1,0,1,0,0,0,0,0,0,0,0,0,0,0,0
-1.13951437973436,41,1,0,2,0.0512710963760241,1,0,0,0,1,1,0,0,0,0,0,0,0,0,0,0,0,0,0,0,0
-0.713307407244576,41,2,0,2,0.105170918075648,1,0,0,0,1,1,0,0,0,0,0,0,0,0,0,0,0,0,0,0,0
1.15418454814753,41,3,0,2,0.161834242728283,1,0,0,0,1,1,0,0,0,0,0,0,0,0,0,0,0,0,0,0,0
1.21743369849863,41,4,0,2,0.22140275816017,1,0,0,0,1,1,0,0,0,0,0,0,0,0,0,0,0,0,0,0,0
1.43651999402884,41,5,0,2,0.284025416687741,1,0,0,0,1,1,0,0,0,0,0,0,0,0,0,0,0,0,0,0,0
2.49890862363985,41,6,0,2,0.349858807576003,1,0,0,0,1,1,0,0,0,0,0,0,0,0,0,0,0,0,0,0,0
3.06214999668129,41,7,0,2,0.419067548593257,1,0,0,0,1,1,0,0,0,0,0,0,0,0,0,0,0,0,0,0,0
1.12445760170402,41,8,0,2,0.49182469764127,1,0,0,0,1,1,0,0,0,0,0,0,0,0,0,0,0,0,0,0,0
2.79762468850011,41,9,0,2,0.568312185490169,1,0,0,0,1,1,0,0,0,0,0,0,0,0,0,0,0,0,0,0,0
2.9137189924313,41,10,0,2,0.648721270700128,1,0,0,0,1,1,0,0,0,0,0,0,0,0,0,0,0,0,0,0,0
1.46364533210771,42,1,0,1,0.01,0,1,1,1,1,1,0,0,1,1,0,0,0,0,0,0,0,0,0,0,0
-0.345532230615136,42,2,0,1,0.01,0,1,1,1,1,1,0,0,1,1,0,0,0,0,0,0,0,0,0,0,0
1.24598783005017,42,3,0,1,0.01,0,1,1,1,1,1,0,0,1,1,0,0,0,0,0,0,0,0,0,0,0
1.04200797549029,42,4,0,1,0.01,0,1,1,1,1,1,0,0,1,1,0,0,0,0,0,0,0,0,0,0,0
-0.517661134537072,42,5,0,1,0.01,0,1,1,1,1,1,0,0,1,1,0,0,0,0,0,0,0,0,0,0,0
0.690189386768314,42,6,0,1,0.01,0,1,1,1,1,1,0,0,1,1,0,0,0,0,0,0,0,0,0,0,0
-0.173259355033128,42,7,0,1,0.01,0,1,1,1,1,1,0,0,1,1,0,0,0,0,0,0,0,0,0,0,0
1.41658934967951,42,8,0,1,0.01,0,1,1,1,1,1,0,0,1,1,0,0,0,0,0,0,0,0,0,0,0
-0.579604888334895,42,9,0,1,0.01,0,1,1,1,1,1,0,0,1,1,0,0,0,0,0,0,0,0,0,0,0
-0.0925589023334076,42,10,0,1,0.01,0,1,1,1,1,1,0,0,1,1,0,0,0,0,0,0,0,0,0,0,0
0.159015063093113,43,1,0,2,0.0512710963760241,0,0,0,0,1,1,1,1,0,1,0,0,0,0,0,0,0,0,0,0,0
1.25414747453539,43,2,0,2,0.105170918075648,0,0,0,0,1,1,1,1,0,1,0,0,0,0,0,0,0,0,0,0,0
-0.127678717277025,43,3,0,2,0.161834242728283,0,0,0,0,1,1,1,1,0,1,0,0,0,0,0,0,0,0,0,0,0
1.18368586734828,43,4,0,2,0.22140275816017,0,0,0,0,1,1,1,1,0,1,0,0,0,0,0,0,0,0,0,0,0
1.98583850577377,43,5,0,2,0.284025416687741,0,0,0,0,1,1,1,1,0,1,0,0,0,0,0,1,0,0,0,0,0
0.973902140687868,43,6,0,2,0.349858807576003,0,0,0,0,1,1,1,1,0,1,0,0,0,0,1,0,0,0,0,0,0
2.55733685449044,43,7,0,2,0.419067548593257,0,0,0,0,1,1,1,1,0,1,0,0,0,1,0,0,0,0,0,0,0
2.36719590809129,43,8,0,2,0.49182469764127,0,0,0,0,1,1,1,1,0,1,0,0,1,0,0,0,0,0,0,0,0
3.50868080069268,43,9,0,2,0.568312185490169,0,0,0,0,1,1,1,1,0,1,0,1,0,0,0,0,0,0,0,0,0
3.33858550639278,43,10,0,2,0.648721270700128,0,0,0,0,1,1,1,1,0,1,1,0,0,0,0,0,0,0,0,0,0
1.12194114979959,44,1,0,1,0.01,0,0,1,1,1,0,0,1,0,0,0,0,0,0,1,0,0,0,0,0,0
-2.14815727151723,44,2,0,1,0.01,0,0,1,1,1,0,0,1,0,0,0,0,0,1,0,0,0,0,0,0,0
-0.748210604235237,44,3,0,1,0.01,0,0,1,1,1,0,0,1,0,0,0,0,1,0,0,0,0,0,0,0,0
-0.83481439249912,44,4,0,1,0.01,0,0,1,1,1,0,0,1,0,0,0,1,0,0,0,0,0,0,0,0,0
1.26281573374418,44,5,0,1,0.01,0,0,1,1,1,0,0,1,0,0,1,0,0,0,0,0,0,0,0,0,0
1.82759842721329,44,6,0,1,0.01,0,0,1,1,1,0,0,1,0,0,0,0,0,0,0,0,1,0,0,0,0
-1.09385895717176,44,7,0,1,0.01,0,0,1,1,1,0,0,1,0,0,0,0,0,0,0,0,0,1,0,0,0
-0.916717161957274,44,8,0,1,0.01,0,0,1,1,1,0,0,1,0,0,0,0,0,0,0,0,0,0,1,0,0
1.15166445786081,44,9,0,1,0.01,0,0,1,1,1,0,0,1,0,0,0,0,0,0,0,0,0,0,0,1,0
-1.154734916024,44,10,0,1,0.01,0,0,1,1,1,0,0,1,0,0,0,0,0,0,0,0,0,0,0,0,1
0.185711957253015,45,1,0,1,0.01,0,0,1,1,1,0,0,0,1,1,0,0,0,0,0,0,0,0,0,0,0
0.946867415669876,45,2,0,1,0.01,0,0,1,1,1,0,0,0,1,1,0,0,0,0,0,0,0,0,0,0,0
-0.847411107846902,45,3,0,1,0.01,0,0,1,1,1,0,0,0,1,1,0,0,0,0,0,0,0,0,0,0,0
0.9124646466381,45,4,0,1,0.01,0,0,1,1,1,0,0,0,1,1,0,0,0,0,0,0,0,0,0,0,0
-1.53521025361454,45,5,0,1,0.01,0,0,1,1,1,0,0,0,1,1,0,0,0,0,0,0,0,0,0,0,0
-0.775743820484147,45,6,0,1,0.01,0,0,1,1,1,0,0,0,1,1,0,0,0,0,0,0,0,0,0,0,0
0.183761309922074,45,7,0,1,0.01,0,0,1,1,1,0,0,0,1,1,0,0,0,0,0,0,0,0,0,0,0
1.90743621152408,45,8,0,1,0.01,0,0,1,1,1,0,0,0,1,1,0,0,0,0,0,0,0,0,0,0,0
-0.923465609804489,45,9,0,1,0.01,0,0,1,1,1,0,0,0,1,1,0,0,0,0,0,0,0,0,0,0,0
1.15454604975528,45,10,0,1,0.01,0,0,1,1,1,0,0,0,1,1,0,0,0,0,0,0,0,0,0,0,0
1.52006849061756,46,1,0,3,0.127496851579376,0,1,1,1,1,1,1,0,1,1,0,0,0,0,0,0,0,0,0,0,0
3.63934408383267,46,2,0,3,0.271249150321405,0,1,1,1,1,1,1,0,1,1,0,0,0,0,0,0,0,0,0,0,0
3.60553782843351,46,3,0,3,0.43332941456034,0,1,1,1,1,1,1,0,1,1,0,0,0,0,0,0,0,0,0,0,0
2.70285924458683,46,4,0,3,0.616074402192893,0,1,1,1,1,1,1,0,1,1,0,0,0,0,0,0,0,0,0,0,0
3.5801518115759,46,5,0,3,0.822118800390509,0,1,1,1,1,1,1,0,1,1,0,0,0,0,0,0,0,0,0,0,0
3.49631094795194,46,6,0,3,1.05443321064389,0,1,1,1,1,1,1,0,1,1,0,0,0,0,0,0,0,0,0,0,0
5.58918448652782,46,7,0,3,1.31636697678109,0,1,1,1,1,1,1,0,1,1,0,0,0,0,0,0,0,0,0,0,0
9.35867796501769,46,8,0,3,1.61169647342312,0,1,1,1,1,1,1,0,1,1,0,0,0,0,0,0,0,0,0,0,0
10.4828613992216,46,9,0,3,1.94467955106552,0,1,1,1,1,1,1,0,1,1,0,0,0,0,0,0,0,0,0,0,0
13.1633739503886,46,10,0,3,2.32011692273655,0,1,1,1,1,1,1,0,1,1,0,0,0,0,0,0,0,0,0,0,0
0.430649803218209,47,1,0,2,0.0512710963760241,0,1,1,1,1,0,1,1,1,1,0,0,0,0,0,0,0,0,0,0,0
-0.329289331690773,47,2,0,2,0.105170918075648,0,1,1,1,1,0,1,1,1,1,0,0,0,0,0,0,0,0,0,0,0
1.37627563341514,47,3,0,2,0.161834242728283,0,1,1,1,1,0,1,1,1,1,0,0,0,0,0,0,0,0,0,0,0
2.05270577609054,47,4,0,2,0.22140275816017,0,1,1,1,1,0,1,1,1,1,0,0,0,0,0,0,0,0,0,0,0
0.963742399166415,47,5,0,2,0.284025416687741,0,1,1,1,1,0,1,1,1,1,0,0,0,0,0,0,0,0,0,0,0
1.90188804746069,47,6,0,2,0.349858807576003,0,1,1,1,1,0,1,1,1,1,0,0,0,0,0,0,0,0,0,0,0
2.87333424022331,47,7,0,2,0.419067548593257,0,1,1,1,1,0,1,1,1,1,0,0,0,0,0,0,0,0,0,0,0
2.01833942048589,47,8,0,2,0.49182469764127,0,1,1,1,1,0,1,1,1,1,0,0,0,0,0,0,0,0,0,0,0
3.26820345848957,47,9,0,2,0.568312185490169,0,1,1,1,1,0,1,1,1,1,0,0,0,0,0,0,0,0,0,0,0
3.26163751446268,47,10,0,2,0.648721270700128,0,1,1,1,1,0,1,1,1,1,0,0,0,0,0,0,0,0,0,0,0
0.16655720406299,48,1,0,1,0.01,1,0,1,1,0,1,0,0,0,1,0,0,0,0,0,0,0,0,0,0,0
0.281026287271932,48,2,0,1,0.01,1,0,1,1,0,1,0,0,0,1,0,0,0,0,0,0,0,0,0,0,0
0.0432975012028751,48,3,0,1,0.01,1,0,1,1,0,1,0,0,0,1,0,0,0,0,0,0,0,0,0,0,0
0.728160654769662,48,4,0,1,0.01,1,0,1,1,0,1,0,0,0,1,0,0,0,0,0,0,0,0,0,0,0
0.371727073470424,48,5,0,1,0.01,1,0,1,1,0,1,0,0,0,1,0,0,0,0,0,0,0,0,0,0,0
-0.0890163111950217,48,6,0,1,0.01,1,0,1,1,0,1,0,0,0,1,0,0,0,0,0,0,0,0,0,0,0
0.528921251810458,48,7,0,1,0.01,1,0,1,1,0,1,0,0,0,1,0,0,0,0,0,0,0,0,0,0,0
-0.0162516016205265,48,8,0,1,0.01,1,0,1,1,0,1,0,0,0,1,0,0,0,0,0,0,0,0,0,0,0
0.952049608103905,48,9,0,1,0.01,1,0,1,1,0,1,0,0,0,1,0,0,0,0,0,0,0,0,0,0,0
1.88155471484402,48,10,0,1,0.01,1,0,1,1,0,1,0,0,0,1,0,0,0,0,0,0,0,0,0,0,0
0.860324741721721,49,1,0,1,0.01,1,1,0,1,0,1,0,0,1,1,0,0,0,0,0,0,0,0,0,0,0
0.348614757905132,49,2,0,1,0.01,1,1,0,1,0,1,0,0,1,1,0,0,0,0,0,0,0,0,0,0,0
2.53437933735446,49,3,0,1,0.01,1,1,0,1,0,1,0,0,1,1,0,0,0,0,0,0,0,0,0,0,0
1.71561516994793,49,4,0,1,0.01,1,1,0,1,0,1,0,0,1,1,0,0,0,0,0,0,0,0,0,0,0
0.682134782819716,49,5,0,1,0.01,1,1,0,1,0,1,0,0,1,1,0,0,0,0,0,0,0,0,0,0,0
0.119809833275147,49,6,0,1,0.01,1,1,0,1,0,1,0,0,1,1,0,0,0,0,0,0,0,0,0,0,0
0.436884698532003,49,7,0,1,0.01,1,1,0,1,0,1,0,0,1,1,0,0,0,0,0,0,0,0,0,0,0
1.39038584606295,49,8,0,1,0.01,1,1,0,1,0,1,0,0,1,1,0,0,0,0,0,0,0,0,0,0,0
-1.19088656584474,49,9,0,1,0.01,1,1,0,1,0,1,0,0,1,1,0,0,0,0,0,0,0,0,0,0,0
1.2706555053723,49,10,0,1,0.01,1,1,0,1,0,1,0,0,1,1,0,0,0,0,0,0,0,0,0,0,0
1.5963081626928,50,1,0,1,0.01,0,1,0,0,0,1,0,0,0,0,0,0,0,0,0,0,0,0,0,0,0
-0.499499088659978,50,2,0,1,0.01,0,1,0,0,0,1,0,0,0,0,0,0,0,0,0,0,0,0,0,0,0
1.26045426032586,50,3,0,1,0.01,0,1,0,0,0,1,0,0,0,0,0,0,0,0,0,0,0,0,0,0,0
0.202598034041483,50,4,0,1,0.01,0,1,0,0,0,1,0,0,0,0,0,0,0,0,0,0,0,0,0,0,0
0.927696157427553,50,5,0,1,0.01,0,1,0,0,0,1,0,0,0,0,0,0,0,0,0,0,0,0,0,0,0
-1.65224863092537,50,6,0,1,0.01,0,1,0,0,0,1,0,0,0,0,0,0,0,0,0,0,0,0,0,0,0
0.646686816659773,50,7,0,1,0.01,0,1,0,0,0,1,0,0,0,0,0,0,0,0,0,0,0,0,0,0,0
2.14431930548541,50,8,0,1,0.01,0,1,0,0,0,1,0,0,0,0,0,0,0,0,0,0,0,0,0,0,0
-1.31293282417928,50,9,0,1,0.01,0,1,0,0,0,1,0,0,0,0,0,0,0,0,0,0,0,0,0,0,0
-0.441801062453781,50,10,0,1,0.01,0,1,0,0,0,1,0,0,0,0,0,0,0,0,0,0,0,0,0,0,0
0.189451333403282,51,1,0,1,0.01,0,0,0,1,0,0,1,1,1,0,0,0,0,0,0,0,0,0,0,0,0
-0.52929395032359,51,2,0,1,0.01,0,0,0,1,0,0,1,1,1,0,0,0,0,0,0,0,0,0,0,0,0
0.313071994257989,51,3,0,1,0.01,0,0,0,1,0,0,1,1,1,0,0,0,0,0,0,0,0,0,0,0,0
0.763176433112302,51,4,0,1,0.01,0,0,0,1,0,0,1,1,1,0,0,0,0,0,0,0,0,0,0,0,0
-0.901439268591283,51,5,0,1,0.01,0,0,0,1,0,0,1,1,1,0,0,0,0,0,0,0,0,0,0,0,0
0.164914478911096,51,6,0,1,0.01,0,0,0,1,0,0,1,1,1,0,0,0,0,0,0,0,0,0,0,0,0
-1.54449660591369,51,7,0,1,0.01,0,0,0,1,0,0,1,1,1,0,0,0,0,0,0,0,0,0,0,0,0
0.19072555256687,51,8,0,1,0.01,0,0,0,1,0,0,1,1,1,0,0,0,0,0,0,0,0,0,0,0,0
-0.65877014567396,51,9,0,1,0.01,0,0,0,1,0,0,1,1,1,0,0,0,0,0,0,0,0,0,0,0,0
-0.757965188865331,51,10,0,1,0.01,0,0,0,1,0,0,1,1,1,0,0,0,0,0,0,0,0,0,0,0,0
0.0555505015844872,52,1,0,2,0.0512710963760241,0,1,1,1,0,1,1,0,1,1,0,0,0,0,0,0,0,0,0,0,0
0.38650600859988,52,2,0,2,0.105170918075648,0,1,1,1,0,1,1,0,1,1,0,0,0,0,0,0,0,0,0,0,0
0.680535733284124,52,3,0,2,0.161834242728283,0,1,1,1,0,1,1,0,1,1,0,0,0,0,0,0,0,0,0,0,0
-0.968898282217425,52,4,0,2,0.22140275816017,0,1,1,1,0,1,1,0,1,1,0,0,0,0,0,0,0,0,0,0,0
1.78647262792742,52,5,0,2,0.284025416687741,0,1,1,1,0,1,1,0,1,1,0,0,0,0,0,0,0,0,0,0,0
-0.231226122688029,52,6,0,2,0.349858807576003,0,1,1,1,0,1,1,0,1,1,0,0,0,0,0,0,0,0,0,0,0
1.95276189250199,52,7,0,2,0.419067548593257,0,1,1,1,0,1,1,0,1,1,0,0,0,0,0,0,0,0,0,0,0
2.91878381855989,52,8,0,2,0.49182469764127,0,1,1,1,0,1,1,0,1,1,0,0,0,0,0,0,0,0,0,0,0
2.54205032596115,52,9,0,2,0.568312185490169,0,1,1,1,0,1,1,0,1,1,0,0,0,0,0,0,0,0,0,0,0
2.61247366457269,52,10,0,2,0.648721270700128,0,1,1,1,0,1,1,0,1,1,0,0,0,0,0,0,0,0,0,0,0
-0.806212631935192,53,1,0,1,0.01,0,1,1,1,0,1,0,1,0,1,0,0,0,0,0,0,0,0,0,0,0
1.90304020122738,53,2,0,1,0.01,0,1,1,1,0,1,0,1,0,1,0,0,0,0,0,0,0,0,0,0,0
-1.83752663011259,53,3,0,1,0.01,0,1,1,1,0,1,0,1,0,1,0,0,0,0,0,0,0,0,0,0,0
-1.17652915370595,53,4,0,1,0.01,0,1,1,1,0,1,0,1,0,1,0,0,0,0,0,0,0,0,0,0,0
0.984606956099644,53,5,0,1,0.01,0,1,1,1,0,1,0,1,0,1,0,0,0,0,0,0,0,0,0,0,0
-1.43950355085118,53,6,0,1,0.01,0,1,1,1,0,1,0,1,0,1,0,0,0,0,0,0,0,0,0,0,0
0.89077017951405,53,7,0,1,0.01,0,1,1,1,0,1,0,1,0,1,0,0,0,0,0,0,0,0,0,0,0
0.517526301829697,53,8,0,1,0.01,0,1,1,1,0,1,0,1,0,1,0,0,0,0,0,0,0,0,0,0,0
0.609213987049079,53,9,0,1,0.01,0,1,1,1,0,1,0,1,0,1,0,0,0,0,0,0,0,0,0,0,0
-0.0403280949680601,53,10,0,1,0.01,0,1,1,1,0,1,0,1,0,1,0,0,0,0,0,0,0,0,0,0,0
0.343463518213723,54,1,0,1,0.01,1,1,1,0,0,1,1,0,0,0,0,0,0,0,0,0,0,0,0,0,0
-0.949019800166275,54,2,0,1,0.01,1,1,1,0,0,1,1,0,0,0,0,0,0,0,0,0,0,0,0,0,0
0.488056275561058,54,3,0,1,0.01,1,1,1,0,0,1,1,0,0,0,0,0,0,0,0,0,0,0,0,0,0
0.558087449091849,54,4,0,1,0.01,1,1,1,0,0,1,1,0,0,0,0,0,0,0,0,0,0,0,0,0,0
0.511703109525596,54,5,0,1,0.01,1,1,1,0,0,1,1,0,0,0,0,0,0,0,0,0,0,0,0,0,0
0.806069423412868,54,6,0,1,0.01,1,1,1,0,0,1,1,0,0,0,0,0,0,0,0,0,0,0,0,0,0
-0.330958390894634,54,7,0,1,0.01,1,1,1,0,0,1,1,0,0,0,0,0,0,0,0,0,0,0,0,0,0
-1.47008632438195,54,8,0,1,0.01,1,1,1,0,0,1,1,0,0,0,0,0,0,0,0,0,0,0,0,0,0
0.725358848870419,54,9,0,1,0.01,1,1,1,0,0,1,1,0,0,0,0,0,0,0,0,0,0,0,0,0,0
-1.52721517388251,54,10,0,1,0.01,1,1,1,0,0,1,1,0,0,0,0,0,0,0,0,0,0,0,0,0,0
-1.75829744640453,55,1,0,1,0.01,1,1,1,1,0,0,0,1,0,0,0,0,0,0,0,0,0,0,0,0,0
0.392222710802706,55,2,0,1,0.01,1,1,1,1,0,0,0,1,0,0,0,0,0,0,0,0,0,0,0,0,0
0.0716033362144329,55,3,0,1,0.01,1,1,1,1,0,0,0,1,0,0,0,0,0,0,0,0,0,0,0,0,0
-1.09868077625927,55,4,0,1,0.01,1,1,1,1,0,0,0,1,0,0,0,0,0,0,0,0,0,0,0,0,0
2.01569509436724,55,5,0,1,0.01,1,1,1,1,0,0,0,1,0,0,0,0,0,0,0,0,0,0,0,0,0
-0.35874550533358,55,6,0,1,0.01,1,1,1,1,0,0,0,1,0,0,0,0,0,0,0,0,0,0,0,0,0
0.101783914413426,55,7,0,1,0.01,1,1,1,1,0,0,0,1,0,0,0,0,0,0,0,0,0,0,0,0,0
-0.27764708273394,55,8,0,1,0.01,1,1,1,1,0,0,0,1,0,0,0,0,0,0,0,0,0,0,0,0,0
1.02829139240065,55,9,0,1,0.01,1,1,1,1,0,0,0,1,0,0,0,0,0,0,0,0,0,0,0,0,0
0.247264703669483,55,10,0,1,0.01,1,1,1,1,0,0,0,1,0,0,0,0,0,0,0,0,0,0,0,0,0
-0.500272715693208,56,1,0,2,0.0512710963760241,1,1,0,0,0,1,1,0,0,1,0,0,0,0,0,0,0,0,0,0,0
1.8465180801133,56,2,0,2,0.105170918075648,1,1,0,0,0,1,1,0,0,1,0,0,0,0,0,1,0,0,0,0,0
0.801879453550082,56,3,0,2,0.161834242728283,1,1,0,0,0,1,1,0,0,1,0,0,0,0,1,0,0,0,0,0,0
0.285065982137899,56,4,0,2,0.22140275816017,1,1,0,0,0,1,1,0,0,1,0,0,0,1,0,0,0,0,0,0,0
4.37663092362808,56,5,0,2,0.284025416687741,1,1,0,0,0,1,1,0,0,1,0,0,1,0,0,0,0,0,0,0,0
3.1016661899651,56,6,0,2,0.349858807576003,1,1,0,0,0,1,1,0,0,1,0,1,0,0,0,0,0,0,0,0,0
2.95024940658067,56,7,0,2,0.419067548593257,1,1,0,0,0,1,1,0,0,1,1,0,0,0,0,0,0,0,0,0,0
1.04197981722546,56,8,0,2,0.49182469764127,1,1,0,0,0,1,1,0,0,1,0,0,0,0,0,0,1,0,0,0,0
2.01575394994236,56,9,0,2,0.568312185490169,1,1,0,0,0,1,1,0,0,1,0,0,0,0,0,0,0,1,0,0,0
3.84395825045869,56,10,0,2,0.648721270700128,1,1,0,0,0,1,1,0,0,1,0,0,0,0,0,0,0,0,1,0,0
-1.14491941477202,57,1,0,2,0.0512710963760241,1,1,0,0,0,0,0,0,0,1,0,0,0,0,0,0,0,0,0,0,0
2.10464711098372,57,2,0,2,0.105170918075648,1,1,0,0,0,0,0,0,0,1,0,0,0,0,0,0,0,0,0,0,0
-0.644888885674555,57,3,0,2,0.161834242728283,1,1,0,0,0,0,0,0,0,1,0,0,0,0,0,0,0,0,0,0,0
-0.116873637464346,57,4,0,2,0.22140275816017,1,1,0,0,0,0,0,0,0,1,0,0,0,0,0,0,0,0,0,0,0
0.940717616946774,57,5,0,2,0.284025416687741,1,1,0,0,0,0,0,0,0,1,0,0,0,0,0,0,0,0,0,0,0
1.94503360611355,57,6,0,2,0.349858807576003,1,1,0,0,0,0,0,0,0,1,0,0,0,0,0,0,0,0,0,0,0
2.63594509541026,57,7,0,2,0.419067548593257,1,1,0,0,0,0,0,0,0,1,0,0,0,0,0,0,0,0,0,0,0
4.78293742733834,57,8,0,2,0.49182469764127,1,1,0,0,0,0,0,0,0,1,0,0,0,0,0,0,0,0,0,0,0
3.48366792830265,57,9,0,2,0.568312185490169,1,1,0,0,0,0,0,0,0,1,0,0,0,0,0,0,0,0,0,0,0
2.06188161046719,57,10,0,2,0.648721270700128,1,1,0,0,0,0,0,0,0,1,0,0,0,0,0,0,0,0,0,0,0
-0.635096947544218,58,1,0,1,0.01,0,0,0,1,1,1,0,0,0,1,0,0,0,0,0,0,0,0,0,0,0
-0.406044607862923,58,2,0,1,0.01,0,0,0,1,1,1,0,0,0,1,0,0,0,0,0,0,0,0,0,0,0
0.846609627635524,58,3,0,1,0.01,0,0,0,1,1,1,0,0,0,1,0,0,0,0,0,0,0,0,0,0,0
0.030904459608611,58,4,0,1,0.01,0,0,0,1,1,1,0,0,0,1,0,0,0,0,0,0,0,0,0,0,0
-1.55346313570227,58,5,0,1,0.01,0,0,0,1,1,1,0,0,0,1,0,0,0,0,0,0,0,0,0,0,0
2.08803963963199,58,6,0,1,0.01,0,0,0,1,1,1,0,0,0,1,0,0,0,0,0,0,0,0,0,0,0
-0.23428682084708,58,7,0,1,0.01,0,0,0,1,1,1,0,0,0,1,0,0,0,0,0,0,0,0,0,0,0
-0.903308843121059,58,8,0,1,0.01,0,0,0,1,1,1,0,0,0,1,0,0,0,0,0,0,0,0,0,0,0
-1.22231102929104,58,9,0,1,0.01,0,0,0,1,1,1,0,0,0,1,0,0,0,0,0,0,0,0,0,0,0
-0.654726408206683,58,10,0,1,0.01,0,0,0,1,1,1,0,0,0,1,0,0,0,0,0,0,0,0,0,0,0
-0.490143550915186,59,1,0,2,0.0512710963760241,1,1,0,0,0,1,0,1,0,0,0,0,0,0,0,0,0,0,0,0,0
-1.13285975573442,59,2,0,2,0.105170918075648,1,1,0,0,0,1,0,1,0,0,0,0,0,0,0,0,0,0,0,0,0
1.46861809779505,59,3,0,2,0.161834242728283,1,1,0,0,0,1,0,1,0,0,0,0,0,0,0,0,0,0,0,0,0
1.63492932109414,59,4,0,2,0.22140275816017,1,1,0,0,0,1,0,1,0,0,0,0,0,0,0,0,0,0,0,0,0
1.83497801928157,59,5,0,2,0.284025416687741,1,1,0,0,0,1,0,1,0,0,0,0,0,0,0,0,0,0,0,0,0
2.81413377193209,59,6,0,2,0.349858807576003,1,1,0,0,0,1,0,1,0,0,0,0,0,0,0,0,0,0,0,0,0
1.66591290181734,59,7,0,2,0.419067548593257,1,1,0,0,0,1,0,1,0,0,0,0,0,0,0,0,0,0,0,0,0
0.771716257608968,59,8,0,2,0.49182469764127,1,1,0,0,0,1,0,1,0,0,0,0,0,0,0,0,0,0,0,0,0
3.3415297862517,59,9,0,2,0.568312185490169,1,1,0,0,0,1,0,1,0,0,0,0,0,0,0,0,0,0,0,0,0
3.0013180112082,59,10,0,2,0.648721270700128,1,1,0,0,0,1,0,1,0,0,0,0,0,0,0,0,0,0,0,0,0
0.301150215928856,60,1,0,1,0.01,1,1,0,1,1,0,0,0,0,0,0,0,0,0,0,0,0,0,0,0,0
-1.17383269272739,60,2,0,1,0.01,1,1,0,1,1,0,0,0,0,0,0,0,0,0,0,0,0,0,0,0,0
0.0396273257873846,60,3,0,1,0.01,1,1,0,1,1,0,0,0,0,0,0,0,0,0,0,0,0,0,0,0,0
0.329300270963163,60,4,0,1,0.01,1,1,0,1,1,0,0,0,0,0,0,0,0,0,0,0,0,0,0,0,0
0.0783699912762697,60,5,0,1,0.01,1,1,0,1,1,0,0,0,0,0,0,0,0,0,0,0,0,0,0,0,0
-0.822921445654634,60,6,0,1,0.01,1,1,0,1,1,0,0,0,0,0,0,0,0,0,0,0,0,0,0,0,0
-0.755482878653236,60,7,0,1,0.01,1,1,0,1,1,0,0,0,0,0,0,0,0,0,0,0,0,0,0,0,0
0.027504185892253,60,8,0,1,0.01,1,1,0,1,1,0,0,0,0,0,0,0,0,0,0,0,0,0,0,0,0
-0.0941799283159557,60,9,0,1,0.01,1,1,0,1,1,0,0,0,0,0,0,0,0,0,0,0,0,0,0,0,0
1.13995504001416,60,10,0,1,0.01,1,1,0,1,1,0,0,0,0,0,0,0,0,0,0,0,0,0,0,0,0
-0.0700719139946787,61,1,0,1,0.01,0,1,0,0,1,1,1,1,0,1,0,0,0,0,0,0,0,0,0,0,0
0.0373910600681641,61,2,0,1,0.01,0,1,0,0,1,1,1,1,0,1,0,0,0,0,0,0,0,0,0,0,0
-0.0359891032416761,61,3,0,1,0.01,0,1,0,0,1,1,1,1,0,1,0,0,0,0,0,0,0,0,0,0,0
0.13732205839001,61,4,0,1,0.01,0,1,0,0,1,1,1,1,0,1,0,0,0,0,0,0,0,0,0,0,0
0.365631245145357,61,5,0,1,0.01,0,1,0,0,1,1,1,1,0,1,0,0,0,0,0,0,0,0,0,0,0
-0.206429950180607,61,6,0,1,0.01,0,1,0,0,1,1,1,1,0,1,0,0,0,0,0,0,0,0,0,0,0
-0.789636335083268,61,7,0,1,0.01,0,1,0,0,1,1,1,1,0,1,0,0,0,0,0,0,0,0,0,0,0
-0.573334727691758,61,8,0,1,0.01,0,1,0,0,1,1,1,1,0,1,0,0,0,0,0,0,0,0,0,0,0
-1.10863894648846,61,9,0,1,0.01,0,1,0,0,1,1,1,1,0,1,0,0,0,0,0,0,0,0,0,0,0
0.235636258862408,61,10,0,1,0.01,0,1,0,0,1,1,1,1,0,1,0,0,0,0,0,0,0,0,0,0,0
0.0399270946212602,62,1,0,1,0.01,1,1,1,0,1,0,1,1,1,1,0,0,0,0,1,0,0,0,0,0,0
-2.74337614538542,62,2,0,1,0.01,1,1,1,0,1,0,1,1,1,1,0,0,0,1,0,0,0,0,0,0,0
-1.27036546018273,62,3,0,1,0.01,1,1,1,0,1,0,1,1,1,1,0,0,1,0,0,0,0,0,0,0,0
-0.0180387704426675,62,4,0,1,0.01,1,1,1,0,1,0,1,1,1,1,0,1,0,0,0,0,0,0,0,0,0
1.38750436278857,62,5,0,1,0.01,1,1,1,0,1,0,1,1,1,1,1,0,0,0,0,0,0,0,0,0,0
-0.00869235770701596,62,6,0,1,0.01,1,1,1,0,1,0,1,1,1,1,0,0,0,0,0,0,1,0,0,0,0
0.160423635892974,62,7,0,1,0.01,1,1,1,0,1,0,1,1,1,1,0,0,0,0,0,0,0,1,0,0,0
0.353805772778435,62,8,0,1,0.01,1,1,1,0,1,0,1,1,1,1,0,0,0,0,0,0,0,0,1,0,0
-0.77930345869669,62,9,0,1,0.01,1,1,1,0,1,0,1,1,1,1,0,0,0,0,0,0,0,0,0,1,0
0.282682014099946,62,10,0,1,0.01,1,1,1,0,1,0,1,1,1,1,0,0,0,0,0,0,0,0,0,0,1
-0.659231730745308,63,1,0,2,0.0512710963760241,1,1,0,0,1,0,1,1,0,1,0,0,0,0,0,0,0,0,0,0,0
0.535787535579429,63,2,0,2,0.105170918075648,1,1,0,0,1,0,1,1,0,1,0,0,0,0,0,0,0,0,0,0,0
2.87271625872196,63,3,0,2,0.161834242728283,1,1,0,0,1,0,1,1,0,1,0,0,0,0,0,0,0,0,0,0,0
0.406663707441907,63,4,0,2,0.22140275816017,1,1,0,0,1,0,1,1,0,1,0,0,0,0,0,0,0,0,0,0,0
1.69070800257611,63,5,0,2,0.284025416687741,1,1,0,0,1,0,1,1,0,1,0,0,0,0,0,0,0,0,0,0,0
2.45008412860418,63,6,0,2,0.349858807576003,1,1,0,0,1,0,1,1,0,1,0,0,0,0,0,0,0,0,0,0,0
1.29110474380221,63,7,0,2,0.419067548593257,1,1,0,0,1,0,1,1,0,1,0,0,0,0,0,0,0,0,0,0,0
3.06991622921478,63,8,0,2,0.49182469764127,1,1,0,0,1,0,1,1,0,1,0,0,0,0,0,0,0,0,0,0,0
2.39426437224849,63,9,0,2,0.568312185490169,1,1,0,0,1,0,1,1,0,1,0,0,0,0,0,0,0,0,0,0,0
4.35481652866629,63,10,0,2,0.648721270700128,1,1,0,0,1,0,1,1,0,1,0,0,0,0,0,0,0,0,0,0,0
0.385539812248731,64,1,0,2,0.0512710963760241,1,1,0,0,0,1,1,1,1,1,0,0,0,0,0,0,0,0,0,0,0
-0.549068265224755,64,2,0,2,0.105170918075648,1,1,0,0,0,1,1,1,1,1,0,0,0,0,0,0,0,0,0,0,0
1.14688302770549,64,3,0,2,0.161834242728283,1,1,0,0,0,1,1,1,1,1,0,0,0,0,0,0,0,0,0,0,0
1.0442559310943,64,4,0,2,0.22140275816017,1,1,0,0,0,1,1,1,1,1,0,0,0,0,0,0,0,0,0,0,0
0.163947118207097,64,5,0,2,0.284025416687741,1,1,0,0,0,1,1,1,1,1,0,0,0,0,0,0,0,0,0,0,0
1.1489424533998,64,6,0,2,0.349858807576003,1,1,0,0,0,1,1,1,1,1,0,0,0,0,0,0,0,0,0,0,0
2.0941980558313,64,7,0,2,0.419067548593257,1,1,0,0,0,1,1,1,1,1,0,0,0,0,0,0,0,0,0,0,0
3.39877719294323,64,8,0,2,0.49182469764127,1,1,0,0,0,1,1,1,1,1,0,0,0,0,0,0,0,0,0,0,0
3.24451434796679,64,9,0,2,0.568312185490169,1,1,0,0,0,1,1,1,1,1,0,0,0,0,0,0,0,0,0,0,0
3.4553643196185,64,10,0,2,0.648721270700128,1,1,0,0,0,1,1,1,1,1,0,0,0,0,0,0,0,0,0,0,0
1.02216550212659,65,1,0,2,0.0512710963760241,0,0,0,0,0,1,0,0,1,1,0,0,0,0,0,0,0,0,0,0,0
-0.551749455804305,65,2,0,2,0.105170918075648,0,0,0,0,0,1,0,0,1,1,0,0,0,0,0,0,0,0,0,0,0
2.17952880327091,65,3,0,2,0.161834242728283,0,0,0,0,0,1,0,0,1,1,0,0,0,0,0,1,0,0,0,0,0
0.850025342732275,65,4,0,2,0.22140275816017,0,0,0,0,0,1,0,0,1,1,0,0,0,0,1,0,0,0,0,0,0
0.010178134019899,65,5,0,2,0.284025416687741,0,0,0,0,0,1,0,0,1,1,0,0,0,1,0,0,0,0,0,0,0
1.23526631365942,65,6,0,2,0.349858807576003,0,0,0,0,0,1,0,0,1,1,0,0,1,0,0,0,0,0,0,0,0
1.40687766593411,65,7,0,2,0.419067548593257,0,0,0,0,0,1,0,0,1,1,0,1,0,0,0,0,0,0,0,0,0
3.34777440188371,65,8,0,2,0.49182469764127,0,0,0,0,0,1,0,0,1,1,1,0,0,0,0,0,0,0,0,0,0
1.55867894189374,65,9,0,2,0.568312185490169,0,0,0,0,0,1,0,0,1,1,0,0,0,0,0,0,1,0,0,0,0
1.72416715679161,65,10,0,2,0.648721270700128,0,0,0,0,0,1,0,0,1,1,0,0,0,0,0,0,0,1,0,0,0
0.502134556558845,66,1,0,2,0.0512710963760241,1,0,0,0,1,1,0,0,1,0,0,0,0,0,0,0,0,0,0,0,0
0.313870859855131,66,2,0,2,0.105170918075648,1,0,0,0,1,1,0,0,1,0,0,0,0,0,0,1,0,0,0,0,0
-0.978955963672971,66,3,0,2,0.161834242728283,1,0,0,0,1,1,0,0,1,0,0,0,0,0,1,0,0,0,0,0,0
0.813678660786518,66,4,0,2,0.22140275816017,1,0,0,0,1,1,0,0,1,0,0,0,0,1,0,0,0,0,0,0,0
1.4650479481043,66,5,0,2,0.284025416687741,1,0,0,0,1,1,0,0,1,0,0,0,1,0,0,0,0,0,0,0,0
0.989571979877466,66,6,0,2,0.349858807576003,1,0,0,0,1,1,0,0,1,0,0,1,0,0,0,0,0,0,0,0,0
2.17363907512232,66,7,0,2,0.419067548593257,1,0,0,0,1,1,0,0,1,0,1,0,0,0,0,0,0,0,0,0,0
4.27519828151687,66,8,0,2,0.49182469764127,1,0,0,0,1,1,0,0,1,0,0,0,0,0,0,0,1,0,0,0,0
2.24978161780147,66,9,0,2,0.568312185490169,1,0,0,0,1,1,0,0,1,0,0,0,0,0,0,0,0,1,0,0,0
2.30492776852236,66,10,0,2,0.648721270700128,1,0,0,0,1,1,0,0,1,0,0,0,0,0,0,0,0,0,1,0,0
-1.43912521027199,67,1,0,1,0.01,1,1,1,1,1,1,0,1,0,0,0,0,0,0,0,0,0,0,0,0,0
0.676168205270062,67,2,0,1,0.01,1,1,1,1,1,1,0,1,0,0,0,0,0,0,0,0,0,0,0,0,0
1.60487261537518,67,3,0,1,0.01,1,1,1,1,1,1,0,1,0,0,0,0,0,0,0,0,0,0,0,0,0
-0.00574732604207547,67,4,0,1,0.01,1,1,1,1,1,1,0,1,0,0,0,0,0,0,0,0,0,0,0,0,0
-0.0479982787357935,67,5,0,1,0.01,1,1,1,1,1,1,0,1,0,0,0,0,0,0,0,0,0,0,0,0,0
0.404720895437884,67,6,0,1,0.01,1,1,1,1,1,1,0,1,0,0,0,0,0,0,0,0,0,0,0,0,0
0.220333100983595,67,7,0,1,0.01,1,1,1,1,1,1,0,1,0,0,0,0,0,0,0,0,0,0,0,0,0
-1.35684038355713,67,8,0,1,0.01,1,1,1,1,1,1,0,1,0,0,0,0,0,0,0,0,0,0,0,0,0
-0.823259878153281,67,9,0,1,0.01,1,1,1,1,1,1,0,1,0,0,0,0,0,0,0,0,0,0,0,0,0
1.4358956407371,67,10,0,1,0.01,1,1,1,1,1,1,0,1,0,0,0,0,0,0,0,0,0,0,0,0,0
0.538498650040414,68,1,0,2,0.0512710963760241,0,1,1,0,1,1,1,1,0,1,0,0,0,0,0,0,0,0,0,0,0
0.296553132291562,68,2,0,2,0.105170918075648,0,1,1,0,1,1,1,1,0,1,0,0,0,0,0,0,0,0,0,0,0
1.23453459492945,68,3,0,2,0.161834242728283,0,1,1,0,1,1,1,1,0,1,0,0,0,0,0,1,0,0,0,0,0
0.0510606214200491,68,4,0,2,0.22140275816017,0,1,1,0,1,1,1,1,0,1,0,0,0,0,1,0,0,0,0,0,0
2.68413613233524,68,5,0,2,0.284025416687741,0,1,1,0,1,1,1,1,0,1,0,0,0,1,0,0,0,0,0,0,0
1.82381529746478,68,6,0,2,0.349858807576003,0,1,1,0,1,1,1,1,0,1,0,0,1,0,0,0,0,0,0,0,0
2.99637342206976,68,7,0,2,0.419067548593257,0,1,1,0,1,1,1,1,0,1,0,1,0,0,0,0,0,0,0,0,0
1.01610294098311,68,8,0,2,0.49182469764127,0,1,1,0,1,1,1,1,0,1,1,0,0,0,0,0,0,0,0,0,0
5.26891008547402,68,9,0,2,0.568312185490169,0,1,1,0,1,1,1,1,0,1,0,0,0,0,0,0,1,0,0,0,0
4.612314749546,68,10,0,2,0.648721270700128,0,1,1,0,1,1,1,1,0,1,0,0,0,0,0,0,0,1,0,0,0
0.615464972352635,69,1,0,2,0.0512710963760241,0,1,0,0,1,1,1,1,0,1,0,0,0,0,0,0,0,0,0,0,0
0.468012741347827,69,2,0,2,0.105170918075648,0,1,0,0,1,1,1,1,0,1,0,0,0,0,0,0,0,0,0,0,0
0.298616889242922,69,3,0,2,0.161834242728283,0,1,0,0,1,1,1,1,0,1,0,0,0,0,0,0,0,0,0,0,0
0.531753044290149,69,4,0,2,0.22140275816017,0,1,0,0,1,1,1,1,0,1,0,0,0,0,0,0,0,0,0,0,0
0.580250757825468,69,5,0,2,0.284025416687741,0,1,0,0,1,1,1,1,0,1,0,0,0,0,0,0,0,0,0,0,0
1.05555917977664,69,6,0,2,0.349858807576003,0,1,0,0,1,1,1,1,0,1,0,0,0,0,0,0,0,0,0,0,0
0.505368112734372,69,7,0,2,0.419067548593257,0,1,0,0,1,1,1,1,0,1,0,0,0,0,0,0,0,0,0,0,0
1.36099591472546,69,8,0,2,0.49182469764127,0,1,0,0,1,1,1,1,0,1,0,0,0,0,0,0,0,0,0,0,0
2.75549316904701,69,9,0,2,0.568312185490169,0,1,0,0,1,1,1,1,0,1,0,0,0,0,0,0,0,0,0,0,0
3.17097366301475,69,10,0,2,0.648721270700128,0,1,0,0,1,1,1,1,0,1,0,0,0,0,0,0,0,0,0,0,0
1.29165634080077,70,1,0,2,0.0512710963760241,1,1,0,0,0,1,1,0,1,1,0,0,0,0,0,0,0,0,0,0,0
2.16210484160811,70,2,0,2,0.105170918075648,1,1,0,0,0,1,1,0,1,1,0,0,0,0,0,0,0,0,0,0,0
2.15095719217166,70,3,0,2,0.161834242728283,1,1,0,0,0,1,1,0,1,1,0,0,0,0,0,0,0,0,0,0,0
1.24600503604964,70,4,0,2,0.22140275816017,1,1,0,0,0,1,1,0,1,1,0,0,0,0,0,0,0,0,0,0,0
-0.34203730152434,70,5,0,2,0.284025416687741,1,1,0,0,0,1,1,0,1,1,0,0,0,0,0,0,0,0,0,0,0
0.579443468377472,70,6,0,2,0.349858807576003,1,1,0,0,0,1,1,0,1,1,0,0,0,0,0,0,0,0,0,0,0
1.79527647749863,70,7,0,2,0.419067548593257,1,1,0,0,0,1,1,0,1,1,0,0,0,0,0,0,0,0,0,0,0
3.89100978862878,70,8,0,2,0.49182469764127,1,1,0,0,0,1,1,0,1,1,0,0,0,0,0,0,0,0,0,0,0
2.64030959541765,70,9,0,2,0.568312185490169,1,1,0,0,0,1,1,0,1,1,0,0,0,0,0,0,0,0,0,0,0
4.28855178011681,70,10,0,2,0.648721270700128,1,1,0,0,0,1,1,0,1,1,0,0,0,0,0,0,0,0,0,0,0
-0.675788924483679,71,1,0,2,0.0512710963760241,0,1,0,1,1,0,0,1,1,1,0,0,0,0,0,0,0,0,0,0,0
2.29747497055205,71,2,0,2,0.105170918075648,0,1,0,1,1,0,0,1,1,1,0,0,0,0,0,0,0,0,0,0,0
1.61226959700197,71,3,0,2,0.161834242728283,0,1,0,1,1,0,0,1,1,1,0,0,0,0,0,0,0,0,0,0,0
1.47875563678496,71,4,0,2,0.22140275816017,0,1,0,1,1,0,0,1,1,1,0,0,0,0,0,0,0,0,0,0,0
0.75279350776614,71,5,0,2,0.284025416687741,0,1,0,1,1,0,0,1,1,1,0,0,0,0,0,0,0,0,0,0,0
0.569826828884086,71,6,0,2,0.349858807576003,0,1,0,1,1,0,0,1,1,1,0,0,0,0,0,0,0,0,0,0,0
2.87771685887052,71,7,0,2,0.419067548593257,0,1,0,1,1,0,0,1,1,1,0,0,0,0,0,0,0,0,0,0,0
1.93827016120495,71,8,0,2,0.49182469764127,0,1,0,1,1,0,0,1,1,1,0,0,0,0,0,0,0,0,0,0,0
1.23708974985977,71,9,0,2,0.568312185490169,0,1,0,1,1,0,0,1,1,1,0,0,0,0,0,0,0,0,0,0,0
2.27912328526178,71,10,0,2,0.648721270700128,0,1,0,1,1,0,0,1,1,1,0,0,0,0,0,0,0,0,0,0,0
-0.633348838825876,72,1,0,1,0.01,1,0,0,0,1,1,1,1,1,0,0,0,0,0,0,0,0,0,0,0,0
0.100700662925253,72,2,0,1,0.01,1,0,0,0,1,1,1,1,1,0,0,0,0,0,0,0,0,0,0,0,0
-0.609974148997806,72,3,0,1,0.01,1,0,0,0,1,1,1,1,1,0,0,0,0,0,0,0,0,0,0,0,0
-0.0367774315289727,72,4,0,1,0.01,1,0,0,0,1,1,1,1,1,0,0,0,0,0,0,0,0,0,0,0,0
0.0563453007941574,72,5,0,1,0.01,1,0,0,0,1,1,1,1,1,0,0,0,0,0,0,0,0,0,0,0,0
0.0826581039139268,72,6,0,1,0.01,1,0,0,0,1,1,1,1,1,0,0,0,0,0,0,0,0,0,0,0,0
-0.333415574795585,72,7,0,1,0.01,1,0,0,0,1,1,1,1,1,0,0,0,0,0,0,0,0,0,0,0,0
-0.975544703982665,72,8,0,1,0.01,1,0,0,0,1,1,1,1,1,0,0,0,0,0,0,0,0,0,0,0,0
0.00159866980667138,72,9,0,1,0.01,1,0,0,0,1,1,1,1,1,0,0,0,0,0,0,0,0,0,0,0,0
-0.178250040768994,72,10,0,1,0.01,1,0,0,0,1,1,1,1,1,0,0,0,0,0,0,0,0,0,0,0,0
-0.0983088352715746,73,1,0,2,0.0512710963760241,1,0,0,1,1,0,1,0,1,0,0,1,0,0,0,0,0,0,0,0,0
0.573155230880665,73,2,0,2,0.105170918075648,1,0,0,1,1,0,1,0,1,0,1,0,0,0,0,0,0,0,0,0,0
0.623306908854219,73,3,0,2,0.161834242728283,1,0,0,1,1,0,1,0,1,0,0,0,0,0,0,0,1,0,0,0,0
1.14216097328757,73,4,0,2,0.22140275816017,1,0,0,1,1,0,1,0,1,0,0,0,0,0,0,0,0,1,0,0,0
0.860407578892426,73,5,0,2,0.284025416687741,1,0,0,1,1,0,1,0,1,0,0,0,0,0,0,0,0,0,1,0,0
1.47178299034104,73,6,0,2,0.349858807576003,1,0,0,1,1,0,1,0,1,0,0,0,0,0,0,0,0,0,0,1,0
2.32376344728688,73,7,0,2,0.419067548593257,1,0,0,1,1,0,1,0,1,0,0,0,0,0,0,0,0,0,0,0,1
3.05876220056571,73,8,0,2,0.49182469764127,1,0,0,1,1,0,1,0,1,0,0,0,0,0,0,0,0,0,0,0,0
2.73749520720744,73,9,0,2,0.568312185490169,1,0,0,1,1,0,1,0,1,0,0,0,0,0,0,0,0,0,0,0,0
2.35352101828652,73,10,0,2,0.648721270700128,1,0,0,1,1,0,1,0,1,0,0,0,0,0,0,0,0,0,0,0,0
1.32290321579978,74,1,0,1,0.01,0,1,1,1,0,1,1,1,1,0,0,0,0,0,0,0,0,0,0,0,0
0.601744972749243,74,2,0,1,0.01,0,1,1,1,0,1,1,1,1,0,0,0,0,0,0,0,0,0,0,0,0
1.0022253047463,74,3,0,1,0.01,0,1,1,1,0,1,1,1,1,0,0,0,0,0,0,0,0,0,0,0,0
-0.327254459291731,74,4,0,1,0.01,0,1,1,1,0,1,1,1,1,0,0,0,0,0,0,0,0,0,0,0,0
0.953466962291374,74,5,0,1,0.01,0,1,1,1,0,1,1,1,1,0,0,0,0,0,0,0,0,0,0,0,0
0.474082036861145,74,6,0,1,0.01,0,1,1,1,0,1,1,1,1,0,0,0,0,0,0,0,0,0,0,0,0
0.527189697523985,74,7,0,1,0.01,0,1,1,1,0,1,1,1,1,0,0,0,0,0,0,0,0,0,0,0,0
-0.168861430210116,74,8,0,1,0.01,0,1,1,1,0,1,1,1,1,0,0,0,0,0,0,0,0,0,0,0,0
2.61689388004031,74,9,0,1,0.01,0,1,1,1,0,1,1,1,1,0,0,0,0,0,0,0,0,0,0,0,0
-0.332198860746128,74,10,0,1,0.01,0,1,1,1,0,1,1,1,1,0,0,0,0,0,0,0,0,0,0,0,0
-0.134431845722099,75,1,0,1,0.01,0,0,0,1,0,1,1,1,1,0,0,1,0,0,0,0,0,0,0,0,0
0.10932003040839,75,2,0,1,0.01,0,0,0,1,0,1,1,1,1,0,1,0,0,0,0,0,0,0,0,0,0
1.92179299444989,75,3,0,1,0.01,0,0,0,1,0,1,1,1,1,0,0,0,0,0,0,0,1,0,0,0,0
1.55492791327312,75,4,0,1,0.01,0,0,0,1,0,1,1,1,1,0,0,0,0,0,0,0,0,1,0,0,0
0.715033130814043,75,5,0,1,0.01,0,0,0,1,0,1,1,1,1,0,0,0,0,0,0,0,0,0,1,0,0
0.766401455497873,75,6,0,1,0.01,0,0,0,1,0,1,1,1,1,0,0,0,0,0,0,0,0,0,0,1,0
0.0284194867593853,75,7,0,1,0.01,0,0,0,1,0,1,1,1,1,0,0,0,0,0,0,0,0,0,0,0,1
-1.61676420237069,75,8,0,1,0.01,0,0,0,1,0,1,1,1,1,0,0,0,0,0,0,0,0,0,0,0,0
0.0607949974305988,75,9,0,1,0.01,0,0,0,1,0,1,1,1,1,0,0,0,0,0,0,0,0,0,0,0,0
-0.0700218075220684,75,10,0,1,0.01,0,0,0,1,0,1,1,1,1,0,0,0,0,0,0,0,0,0,0,0,0
0.245613746494115,76,1,0,2,0.0512710963760241,1,1,1,1,1,0,0,1,0,1,0,0,0,0,0,0,0,0,0,0,0
1.14461173718202,76,2,0,2,0.105170918075648,1,1,1,1,1,0,0,1,0,1,0,0,0,0,0,0,0,0,0,0,0
1.80085251569435,76,3,0,2,0.161834242728283,1,1,1,1,1,0,0,1,0,1,0,0,0,0,0,0,0,0,0,0,0
-0.909770480867549,76,4,0,2,0.22140275816017,1,1,1,1,1,0,0,1,0,1,0,0,0,0,0,0,0,0,0,0,0
-0.25388559653282,76,5,0,2,0.284025416687741,1,1,1,1,1,0,0,1,0,1,0,0,0,0,0,0,0,0,0,0,0
1.8255792776806,76,6,0,2,0.349858807576003,1,1,1,1,1,0,0,1,0,1,0,0,0,0,0,0,0,0,0,0,0
1.80092999681763,76,7,0,2,0.419067548593257,1,1,1,1,1,0,0,1,0,1,0,0,0,0,0,0,0,0,0,0,0
4.33828320878556,76,8,0,2,0.49182469764127,1,1,1,1,1,0,0,1,0,1,0,0,0,0,0,0,0,0,0,0,0
2.97987121288948,76,9,0,2,0.568312185490169,1,1,1,1,1,0,0,1,0,1,0,0,0,0,0,0,0,0,0,0,0
4.29771137081821,76,10,0,2,0.648721270700128,1,1,1,1,1,0,0,1,0,1,0,0,0,0,0,0,0,0,0,0,0
-1.04975931711726,77,1,0,2,0.0512710963760241,1,0,1,1,0,1,0,0,0,0,0,0,0,0,0,0,0,0,0,0,0
-1.29134761388811,77,2,0,2,0.105170918075648,1,0,1,1,0,1,0,0,0,0,0,0,0,0,0,0,0,0,0,0,0
0.823081178396722,77,3,0,2,0.161834242728283,1,0,1,1,0,1,0,0,0,0,0,0,0,0,0,0,0,0,0,0,0
1.1356858089098,77,4,0,2,0.22140275816017,1,0,1,1,0,1,0,0,0,0,0,0,0,0,0,0,0,0,0,0,0
1.06177804343365,77,5,0,2,0.284025416687741,1,0,1,1,0,1,0,0,0,0,0,0,0,0,0,0,0,0,0,0,0
-0.709035891507428,77,6,0,2,0.349858807576003,1,0,1,1,0,1,0,0,0,0,0,0,0,0,0,0,0,0,0,0,0
2.72829659719616,77,7,0,2,0.419067548593257,1,0,1,1,0,1,0,0,0,0,0,0,0,0,0,0,0,0,0,0,0
2.0509724798856,77,8,0,2,0.49182469764127,1,0,1,1,0,1,0,0,0,0,0,0,0,0,0,0,0,0,0,0,0
2.7214963859384,77,9,0,2,0.568312185490169,1,0,1,1,0,1,0,0,0,0,0,0,0,0,0,0,0,0,0,0,0
1.24315114598099,77,10,0,2,0.648721270700128,1,0,1,1,0,1,0,0,0,0,0,0,0,0,0,0,0,0,0,0,0
-0.585116357984793,78,1,0,1,0.01,0,1,0,1,0,0,1,0,0,1,0,0,0,0,0,0,0,0,0,0,0
0.484771382581132,78,2,0,1,0.01,0,1,0,1,0,0,1,0,0,1,0,0,0,0,0,0,0,0,0,0,0
1.85572755778085,78,3,0,1,0.01,0,1,0,1,0,0,1,0,0,1,0,0,0,0,0,0,0,0,0,0,0
0.250603933535052,78,4,0,1,0.01,0,1,0,1,0,0,1,0,0,1,0,0,0,0,0,0,0,0,0,0,0
1.25938540855276,78,5,0,1,0.01,0,1,0,1,0,0,1,0,0,1,0,0,0,0,0,0,0,0,0,0,0
0.469605026841577,78,6,0,1,0.01,0,1,0,1,0,0,1,0,0,1,0,0,0,0,0,0,0,0,0,0,0
2.98058139081533,78,7,0,1,0.01,0,1,0,1,0,0,1,0,0,1,0,0,0,0,0,0,0,0,0,0,0
0.648663445701694,78,8,0,1,0.01,0,1,0,1,0,0,1,0,0,1,0,0,0,0,0,0,0,0,0,0,0
1.02150021952611,78,9,0,1,0.01,0,1,0,1,0,0,1,0,0,1,0,0,0,0,0,0,0,0,0,0,0
0.225660332756624,78,10,0,1,0.01,0,1,0,1,0,0,1,0,0,1,0,0,0,0,0,0,0,0,0,0,0
-1.49245273739133,79,1,0,1,0.01,0,1,0,0,1,0,1,1,0,1,0,0,0,0,0,0,0,0,0,0,0
0.979330629887,79,2,0,1,0.01,0,1,0,0,1,0,1,1,0,1,0,0,0,0,0,0,0,0,0,0,0
0.377775278751259,79,3,0,1,0.01,0,1,0,0,1,0,1,1,0,1,0,0,0,0,0,0,0,0,0,0,0
-0.465487091433729,79,4,0,1,0.01,0,1,0,0,1,0,1,1,0,1,0,0,0,0,0,0,0,0,0,0,0
-0.645564983186566,79,5,0,1,0.01,0,1,0,0,1,0,1,1,0,1,0,0,0,0,0,0,0,0,0,0,0
0.735830639786851,79,6,0,1,0.01,0,1,0,0,1,0,1,1,0,1,0,0,0,0,0,0,0,0,0,0,0
0.507413296152957,79,7,0,1,0.01,0,1,0,0,1,0,1,1,0,1,0,0,0,0,0,0,0,0,0,0,0
-0.701872720085882,79,8,0,1,0.01,0,1,0,0,1,0,1,1,0,1,0,0,0,0,0,0,0,0,0,0,0
0.0851470839769165,79,9,0,1,0.01,0,1,0,0,1,0,1,1,0,1,0,0,0,0,0,0,0,0,0,0,0
-2.60056537650053,79,10,0,1,0.01,0,1,0,0,1,0,1,1,0,1,0,0,0,0,0,0,0,0,0,0,0
0.361843937886345,80,1,0,2,0.0512710963760241,0,1,0,1,0,0,1,0,1,1,0,0,0,0,0,0,0,0,0,0,0
0.878528789716952,80,2,0,2,0.105170918075648,0,1,0,1,0,0,1,0,1,1,0,0,0,0,0,0,0,0,0,0,0
1.53295669825371,80,3,0,2,0.161834242728283,0,1,0,1,0,0,1,0,1,1,0,0,0,0,0,0,0,0,0,0,0
1.5198711412298,80,4,0,2,0.22140275816017,0,1,0,1,0,0,1,0,1,1,0,0,0,0,0,0,0,0,0,0,0
2.27022688660486,80,5,0,2,0.284025416687741,0,1,0,1,0,0,1,0,1,1,0,0,0,0,0,0,0,0,0,0,0
1.90470668357606,80,6,0,2,0.349858807576003,0,1,0,1,0,0,1,0,1,1,0,0,0,0,0,0,0,0,0,0,0
1.49349310540129,80,7,0,2,0.419067548593257,0,1,0,1,0,0,1,0,1,1,0,0,0,0,0,0,0,0,0,0,0
2.39877110984719,80,8,0,2,0.49182469764127,0,1,0,1,0,0,1,0,1,1,0,0,0,0,0,0,0,0,0,0,0
2.30236907639349,80,9,0,2,0.568312185490169,0,1,0,1,0,0,1,0,1,1,0,0,0,0,0,0,0,0,0,0,0
5.30276074791331,80,10,0,2,0.648721270700128,0,1,0,1,0,0,1,0,1,1,0,0,0,0,0,0,0,0,0,0,0
0.508437212960882,81,1,0,1,0.01,1,0,0,0,1,1,1,1,1,0,0,0,0,0,0,0,0,0,0,0,0
-0.630702074997302,81,2,0,1,0.01,1,0,0,0,1,1,1,1,1,0,0,0,0,0,0,0,0,0,0,0,0
-1.52780681581863,81,3,0,1,0.01,1,0,0,0,1,1,1,1,1,0,0,0,0,0,0,0,0,0,0,0,0
0.161147637966184,81,4,0,1,0.01,1,0,0,0,1,1,1,1,1,0,0,0,0,0,0,0,0,0,0,0,0
0.440723016304493,81,5,0,1,0.01,1,0,0,0,1,1,1,1,1,0,0,0,0,0,0,0,0,0,0,0,0
-0.462450443574681,81,6,0,1,0.01,1,0,0,0,1,1,1,1,1,0,0,0,0,0,0,0,0,0,0,0,0
-0.0563886327757187,81,7,0,1,0.01,1,0,0,0,1,1,1,1,1,0,0,0,0,0,0,0,0,0,0,0,0
0.990644425808027,81,8,0,1,0.01,1,0,0,0,1,1,1,1,1,0,0,0,0,0,0,0,0,0,0,0,0
-0.0569414553735198,81,9,0,1,0.01,1,0,0,0,1,1,1,1,1,0,0,0,0,0,0,0,0,0,0,0,0
0.465194562273686,81,10,0,1,0.01,1,0,0,0,1,1,1,1,1,0,0,0,0,0,0,0,0,0,0,0,0
-0.0920163975281354,82,1,0,1,0.01,0,1,0,0,1,0,1,1,1,1,0,0,0,0,0,0,0,0,0,0,0
-0.688329791660301,82,2,0,1,0.01,0,1,0,0,1,0,1,1,1,1,0,0,0,0,0,0,0,0,0,0,0
1.97357767254943,82,3,0,1,0.01,0,1,0,0,1,0,1,1,1,1,0,0,0,0,0,0,0,0,0,0,0
0.847596501119376,82,4,0,1,0.01,0,1,0,0,1,0,1,1,1,1,0,0,0,0,0,0,0,0,0,0,0
0.619341431940257,82,5,0,1,0.01,0,1,0,0,1,0,1,1,1,1,0,0,0,0,0,0,0,0,0,0,0
0.543912918398658,82,6,0,1,0.01,0,1,0,0,1,0,1,1,1,1,0,0,0,0,0,0,0,0,0,0,0
0.611762436175694,82,7,0,1,0.01,0,1,0,0,1,0,1,1,1,1,0,0,0,0,0,0,0,0,0,0,0
-1.07684253415662,82,8,0,1,0.01,0,1,0,0,1,0,1,1,1,1,0,0,0,0,0,0,0,0,0,0,0
-0.242035185833244,82,9,0,1,0.01,0,1,0,0,1,0,1,1,1,1,0,0,0,0,0,0,0,0,0,0,0
-1.54776562560139,82,10,0,1,0.01,0,1,0,0,1,0,1,1,1,1,0,0,0,0,0,0,0,0,0,0,0
-0.472185286700347,83,1,0,2,0.0512710963760241,0,1,0,0,1,1,0,0,0,1,0,0,0,0,0,0,0,0,0,0,0
0.495557664294157,83,2,0,2,0.105170918075648,0,1,0,0,1,1,0,0,0,1,0,0,0,0,0,0,0,0,0,0,0
0.458436312155779,83,3,0,2,0.161834242728283,0,1,0,0,1,1,0,0,0,1,0,0,0,0,0,0,0,0,0,0,0
1.20103158988661,83,4,0,2,0.22140275816017,0,1,0,0,1,1,0,0,0,1,0,0,0,0,0,0,0,0,0,0,0
1.65400783230173,83,5,0,2,0.284025416687741,0,1,0,0,1,1,0,0,0,1,0,0,0,0,0,0,0,0,0,0,0
3.7337667123696,83,6,0,2,0.349858807576003,0,1,0,0,1,1,0,0,0,1,0,0,0,0,0,0,0,0,0,0,0
2.24124177206248,83,7,0,2,0.419067548593257,0,1,0,0,1,1,0,0,0,1,0,0,0,0,0,0,0,0,0,0,0
3.29559129105189,83,8,0,2,0.49182469764127,0,1,0,0,1,1,0,0,0,1,0,0,0,0,0,0,0,0,0,0,0
4.18918499897516,83,9,0,2,0.568312185490169,0,1,0,0,1,1,0,0,0,1,0,0,0,0,0,0,0,0,0,0,0
4.51448609530805,83,10,0,2,0.648721270700128,0,1,0,0,1,1,0,0,0,1,0,0,0,0,0,0,0,0,0,0,0
2.25955845652602,84,1,0,2,0.0512710963760241,0,1,0,1,0,0,0,0,0,0,0,0,0,1,0,0,0,0,0,0,0
2.33786070255628,84,2,0,2,0.105170918075648,0,1,0,1,0,0,0,0,0,0,0,0,1,0,0,0,0,0,0,0,0
-0.315088358949085,84,3,0,2,0.161834242728283,0,1,0,1,0,0,0,0,0,0,0,1,0,0,0,0,0,0,0,0,0
1.12359969979171,84,4,0,2,0.22140275816017,0,1,0,1,0,0,0,0,0,0,1,0,0,0,0,0,0,0,0,0,0
1.03354721562879,84,5,0,2,0.284025416687741,0,1,0,1,0,0,0,0,0,0,0,0,0,0,0,0,1,0,0,0,0
2.1151149903099,84,6,0,2,0.349858807576003,0,1,0,1,0,0,0,0,0,0,0,0,0,0,0,0,0,1,0,0,0
1.72080728772315,84,7,0,2,0.419067548593257,0,1,0,1,0,0,0,0,0,0,0,0,0,0,0,0,0,0,1,0,0
2.65406947035692,84,8,0,2,0.49182469764127,0,1,0,1,0,0,0,0,0,0,0,0,0,0,0,0,0,0,0,1,0
3.02431743265245,84,9,0,2,0.568312185490169,0,1,0,1,0,0,0,0,0,0,0,0,0,0,0,0,0,0,0,0,1
3.23601420832286,84,10,0,2,0.648721270700128,0,1,0,1,0,0,0,0,0,0,0,0,0,0,0,0,0,0,0,0,0
0.521189285292138,85,1,0,1,0.01,0,0,1,1,0,0,0,1,0,0,0,0,0,0,0,0,0,0,0,0,0
-1.42289055420647,85,2,0,1,0.01,0,0,1,1,0,0,0,1,0,0,0,0,0,0,0,0,0,0,0,0,0
0.381679676691952,85,3,0,1,0.01,0,0,1,1,0,0,0,1,0,0,0,0,0,0,0,0,0,0,0,0,0
1.4882631737127,85,4,0,1,0.01,0,0,1,1,0,0,0,1,0,0,0,0,0,0,0,0,0,0,0,0,0
-0.639529804062302,85,5,0,1,0.01,0,0,1,1,0,0,0,1,0,0,0,0,0,0,0,0,0,0,0,0,0
0.240344774719017,85,6,0,1,0.01,0,0,1,1,0,0,0,1,0,0,0,0,0,0,0,0,0,0,0,0,0
-1.79254667183217,85,7,0,1,0.01,0,0,1,1,0,0,0,1,0,0,0,0,0,0,0,0,0,0,0,0,0
0.690886854364302,85,8,0,1,0.01,0,0,1,1,0,0,0,1,0,0,0,0,0,0,0,0,0,0,0,0,0
1.07307036824011,85,9,0,1,0.01,0,0,1,1,0,0,0,1,0,0,0,0,0,0,0,0,0,0,0,0,0
1.12544082843883,85,10,0,1,0.01,0,0,1,1,0,0,0,1,0,0,0,0,0,0,0,0,0,0,0,0,0
-0.468269187877024,86,1,0,1,0.01,1,0,0,1,1,1,1,0,0,0,0,0,0,0,0,0,0,0,0,0,0
-1.05191895684951,86,2,0,1,0.01,1,0,0,1,1,1,1,0,0,0,0,0,0,0,0,0,0,0,0,0,0
1.09381576308916,86,3,0,1,0.01,1,0,0,1,1,1,1,0,0,0,0,0,0,0,0,0,0,0,0,0,0
0.0403401714303756,86,4,0,1,0.01,1,0,0,1,1,1,1,0,0,0,0,0,0,0,0,0,0,0,0,0,0
-0.615217176048615,86,5,0,1,0.01,1,0,0,1,1,1,1,0,0,0,0,0,0,0,0,0,0,0,0,0,0
0.218319243057226,86,6,0,1,0.01,1,0,0,1,1,1,1,0,0,0,0,0,0,0,0,0,0,0,0,0,0
-1.2976770523215,86,7,0,1,0.01,1,0,0,1,1,1,1,0,0,0,0,0,0,0,0,0,0,0,0,0,0
0.067352328359717,86,8,0,1,0.01,1,0,0,1,1,1,1,0,0,0,0,0,0,0,0,0,0,0,0,0,0
-0.155719172660988,86,9,0,1,0.01,1,0,0,1,1,1,1,0,0,0,0,0,0,0,0,0,0,0,0,0,0
0.772092287727474,86,10,0,1,0.01,1,0,0,1,1,1,1,0,0,0,0,0,0,0,0,0,0,0,0,0,0
0.0395865393814611,87,1,0,2,0.0512710963760241,0,1,1,1,0,1,1,1,0,0,0,0,0,0,0,0,0,0,0,0,0
-0.0258528512669862,87,2,0,2,0.105170918075648,0,1,1,1,0,1,1,1,0,0,0,0,0,0,0,0,0,0,0,0,0
-0.782103518017613,87,3,0,2,0.161834242728283,0,1,1,1,0,1,1,1,0,0,0,0,0,0,0,0,0,0,0,0,0
2.27680237139481,87,4,0,2,0.22140275816017,0,1,1,1,0,1,1,1,0,0,0,0,0,0,0,0,0,0,0,0,0
2.7360752316149,87,5,0,2,0.284025416687741,0,1,1,1,0,1,1,1,0,0,0,0,0,0,0,0,0,0,0,0,0
3.57762043235663,87,6,0,2,0.349858807576003,0,1,1,1,0,1,1,1,0,0,0,0,0,0,0,0,0,0,0,0,0
2.81304929912108,87,7,0,2,0.419067548593257,0,1,1,1,0,1,1,1,0,0,0,0,0,0,0,0,0,0,0,0,0
4.40117285650865,87,8,0,2,0.49182469764127,0,1,1,1,0,1,1,1,0,0,0,0,0,0,0,0,0,0,0,0,0
1.0612156046548,87,9,0,2,0.568312185490169,0,1,1,1,0,1,1,1,0,0,0,0,0,0,0,0,0,0,0,0,0
3.80363088455273,87,10,0,2,0.648721270700128,0,1,1,1,0,1,1,1,0,0,0,0,0,0,0,0,0,0,0,0,0
1.06814209990383,88,1,0,2,0.0512710963760241,0,0,1,0,1,1,1,0,1,1,0,0,0,0,0,0,0,0,0,0,0
0.634193516205788,88,2,0,2,0.105170918075648,0,0,1,0,1,1,1,0,1,1,0,0,0,0,0,1,0,0,0,0,0
1.80744611782817,88,3,0,2,0.161834242728283,0,0,1,0,1,1,1,0,1,1,0,0,0,0,1,0,0,0,0,0,0
2.08039813627221,88,4,0,2,0.22140275816017,0,0,1,0,1,1,1,0,1,1,0,0,0,1,0,0,0,0,0,0,0
1.53565603270607,88,5,0,2,0.284025416687741,0,0,1,0,1,1,1,0,1,1,0,0,1,0,0,0,0,0,0,0,0
1.73681335631887,88,6,0,2,0.349858807576003,0,0,1,0,1,1,1,0,1,1,0,1,0,0,0,0,0,0,0,0,0
2.27298157320166,88,7,0,2,0.419067548593257,0,0,1,0,1,1,1,0,1,1,1,0,0,0,0,0,0,0,0,0,0
2.28121621459983,88,8,0,2,0.49182469764127,0,0,1,0,1,1,1,0,1,1,0,0,0,0,0,0,1,0,0,0,0
1.63715734606461,88,9,0,2,0.568312185490169,0,0,1,0,1,1,1,0,1,1,0,0,0,0,0,0,0,1,0,0,0
2.81765336378925,88,10,0,2,0.648721270700128,0,0,1,0,1,1,1,0,1,1,0,0,0,0,0,0,0,0,1,0,0
-1.01519024396407,89,1,0,1,0.01,0,1,0,0,1,1,0,0,0,1,0,0,0,0,0,0,0,0,0,0,0
1.01000635202473,89,2,0,1,0.01,0,1,0,0,1,1,0,0,0,1,0,0,0,0,0,0,0,0,0,0,0
0.772406966100748,89,3,0,1,0.01,0,1,0,0,1,1,0,0,0,1,0,0,0,0,0,0,0,0,0,0,0
-1.71376604735949,89,4,0,1,0.01,0,1,0,0,1,1,0,0,0,1,0,0,0,0,0,0,0,0,0,0,0
-1.62764630229567,89,5,0,1,0.01,0,1,0,0,1,1,0,0,0,1,0,0,0,0,0,0,0,0,0,0,0
-0.48664438612123,89,6,0,1,0.01,0,1,0,0,1,1,0,0,0,1,0,0,0,0,0,0,0,0,0,0,0
2.37128662472391,89,7,0,1,0.01,0,1,0,0,1,1,0,0,0,1,0,0,0,0,0,0,0,0,0,0,0
-0.640610528946962,89,8,0,1,0.01,0,1,0,0,1,1,0,0,0,1,0,0,0,0,0,0,0,0,0,0,0
0.149026942521584,89,9,0,1,0.01,0,1,0,0,1,1,0,0,0,1,0,0,0,0,0,0,0,0,0,0,0
-0.320999277504588,89,10,0,1,0.01,0,1,0,0,1,1,0,0,0,1,0,0,0,0,0,0,0,0,0,0,0
0.143973392210281,90,1,0,2,0.0512710963760241,1,1,0,1,1,0,0,1,0,0,0,0,0,0,0,0,0,0,0,0,0
0.263903171523681,90,2,0,2,0.105170918075648,1,1,0,1,1,0,0,1,0,0,0,0,0,0,0,0,0,0,0,0,0
0.301117746284815,90,3,0,2,0.161834242728283,1,1,0,1,1,0,0,1,0,0,0,0,0,0,0,0,0,0,0,0,0
0.922208689260888,90,4,0,2,0.22140275816017,1,1,0,1,1,0,0,1,0,0,0,0,0,0,0,0,0,0,0,0,0
0.445023154990604,90,5,0,2,0.284025416687741,1,1,0,1,1,0,0,1,0,0,0,0,0,0,0,0,0,0,0,0,0
2.62392549629821,90,6,0,2,0.349858807576003,1,1,0,1,1,0,0,1,0,0,0,0,0,0,0,0,0,0,0,0,0
1.11345733687355,90,7,0,2,0.419067548593257,1,1,0,1,1,0,0,1,0,0,0,0,0,0,0,0,0,0,0,0,0
2.24766269216194,90,8,0,2,0.49182469764127,1,1,0,1,1,0,0,1,0,0,0,0,0,0,0,0,0,0,0,0,0
3.18190537013979,90,9,0,2,0.568312185490169,1,1,0,1,1,0,0,1,0,0,0,0,0,0,0,0,0,0,0,0,0
3.09103950494966,90,10,0,2,0.648721270700128,1,1,0,1,1,0,0,1,0,0,0,0,0,0,0,0,0,0,0,0,0
0.406400805287094,91,1,0,2,0.0512710963760241,0,0,0,0,0,1,1,0,1,0,0,0,0,0,1,0,0,0,0,0,0
1.13517167683695,91,2,0,2,0.105170918075648,0,0,0,0,0,1,1,0,1,0,0,0,0,1,0,0,0,0,0,0,0
0.21900199273485,91,3,0,2,0.161834242728283,0,0,0,0,0,1,1,0,1,0,0,0,1,0,0,0,0,0,0,0,0
1.63214141513513,91,4,0,2,0.22140275816017,0,0,0,0,0,1,1,0,1,0,0,1,0,0,0,0,0,0,0,0,0
0.229273242531471,91,5,0,2,0.284025416687741,0,0,0,0,0,1,1,0,1,0,1,0,0,0,0,0,0,0,0,0,0
2.68622135697263,91,6,0,2,0.349858807576003,0,0,0,0,0,1,1,0,1,0,0,0,0,0,0,0,1,0,0,0,0
2.63846531519886,91,7,0,2,0.419067548593257,0,0,0,0,0,1,1,0,1,0,0,0,0,0,0,0,0,1,0,0,0
2.20541056042699,91,8,0,2,0.49182469764127,0,0,0,0,0,1,1,0,1,0,0,0,0,0,0,0,0,0,1,0,0
3.31378112699523,91,9,0,2,0.568312185490169,0,0,0,0,0,1,1,0,1,0,0,0,0,0,0,0,0,0,0,1,0
3.7171827340189,91,10,0,2,0.648721270700128,0,0,0,0,0,1,1,0,1,0,0,0,0,0,0,0,0,0,0,0,1
1.07627616085015,92,1,0,1,0.01,1,0,0,1,1,0,1,0,1,1,0,0,0,0,0,0,0,0,0,0,0
-2.51698385035049,92,2,0,1,0.01,1,0,0,1,1,0,1,0,1,1,0,0,0,0,0,0,0,0,0,0,0
0.814986914980373,92,3,0,1,0.01,1,0,0,1,1,0,1,0,1,1,0,0,0,0,0,0,0,0,0,0,0
0.736750492202898,92,4,0,1,0.01,1,0,0,1,1,0,1,0,1,1,0,0,0,0,0,0,0,0,0,0,0
0.117862206267838,92,5,0,1,0.01,1,0,0,1,1,0,1,0,1,1,0,0,0,0,0,0,0,0,0,0,0
-1.9757663231512,92,6,0,1,0.01,1,0,0,1,1,0,1,0,1,1,0,0,0,0,0,0,0,0,0,0,0
0.275402118431256,92,7,0,1,0.01,1,0,0,1,1,0,1,0,1,1,0,0,0,0,0,0,0,0,0,0,0
-1.43801902598142,92,8,0,1,0.01,1,0,0,1,1,0,1,0,1,1,0,0,0,0,0,0,0,0,0,0,0
0.532966395651486,92,9,0,1,0.01,1,0,0,1,1,0,1,0,1,1,0,0,0,0,0,0,0,0,0,0,0
-2.06923694555622,92,10,0,1,0.01,1,0,0,1,1,0,1,0,1,1,0,0,0,0,0,0,0,0,0,0,0
0.18135951377803,93,1,0,1,0.01,0,1,1,0,0,0,0,0,1,0,0,0,0,0,0,0,0,0,0,0,0
0.0247024632914107,93,2,0,1,0.01,0,1,1,0,0,0,0,0,1,0,0,0,0,0,0,0,0,0,0,0,0
1.10679501522113,93,3,0,1,0.01,0,1,1,0,0,0,0,0,1,0,0,0,0,0,0,0,0,0,0,0,0
-0.842553271211108,93,4,0,1,0.01,0,1,1,0,0,0,0,0,1,0,0,0,0,0,0,0,0,0,0,0,0
0.1380707051041,93,5,0,1,0.01,0,1,1,0,0,0,0,0,1,0,0,0,0,0,0,0,0,0,0,0,0
0.940017193450123,93,6,0,1,0.01,0,1,1,0,0,0,0,0,1,0,0,0,0,0,0,0,0,0,0,0,0
-1.18696852286835,93,7,0,1,0.01,0,1,1,0,0,0,0,0,1,0,0,0,0,0,0,0,0,0,0,0,0
0.734166125012513,93,8,0,1,0.01,0,1,1,0,0,0,0,0,1,0,0,0,0,0,0,0,0,0,0,0,0
1.61352255804186,93,9,0,1,0.01,0,1,1,0,0,0,0,0,1,0,0,0,0,0,0,0,0,0,0,0,0
3.2203055861008,93,10,0,1,0.01,0,1,1,0,0,0,0,0,1,0,0,0,0,0,0,0,0,0,0,0,0
1.73077312614005,94,1,0,1,0.01,1,1,0,0,0,0,0,1,0,0,0,0,0,0,1,0,0,0,0,0,0
-1.01606299369911,94,2,0,1,0.01,1,1,0,0,0,0,0,1,0,0,0,0,0,1,0,0,0,0,0,0,0
0.034157251540716,94,3,0,1,0.01,1,1,0,0,0,0,0,1,0,0,0,0,1,0,0,0,0,0,0,0,0
-1.88599865215444,94,4,0,1,0.01,1,1,0,0,0,0,0,1,0,0,0,1,0,0,0,0,0,0,0,0,0
-1.84652131791908,94,5,0,1,0.01,1,1,0,0,0,0,0,1,0,0,1,0,0,0,0,0,0,0,0,0,0
-0.648174797196669,94,6,0,1,0.01,1,1,0,0,0,0,0,1,0,0,0,0,0,0,0,0,1,0,0,0,0
1.08857608209587,94,7,0,1,0.01,1,1,0,0,0,0,0,1,0,0,0,0,0,0,0,0,0,1,0,0,0
0.805932222227766,94,8,0,1,0.01,1,1,0,0,0,0,0,1,0,0,0,0,0,0,0,0,0,0,1,0,0
0.0238915190238166,94,9,0,1,0.01,1,1,0,0,0,0,0,1,0,0,0,0,0,0,0,0,0,0,0,1,0
-0.723101526697302,94,10,0,1,0.01,1,1,0,0,0,0,0,1,0,0,0,0,0,0,0,0,0,0,0,0,1
1.10781743829312,95,1,0,2,0.0512710963760241,1,0,1,0,0,0,0,1,0,0,0,0,0,0,0,0,0,0,0,0,0
-0.735244573452649,95,2,0,2,0.105170918075648,1,0,1,0,0,0,0,1,0,0,0,0,0,0,0,0,0,0,0,0,0
2.24987074327185,95,3,0,2,0.161834242728283,1,0,1,0,0,0,0,1,0,0,0,0,0,0,0,0,0,0,0,0,0
1.46269297449476,95,4,0,2,0.22140275816017,1,0,1,0,0,0,0,1,0,0,0,0,0,0,0,0,0,0,0,0,0
2.2140022608508,95,5,0,2,0.284025416687741,1,0,1,0,0,0,0,1,0,0,0,0,0,0,0,0,0,0,0,0,0
1.72164115401189,95,6,0,2,0.349858807576003,1,0,1,0,0,0,0,1,0,0,0,0,0,0,0,0,0,0,0,0,0
3.8185205775366,95,7,0,2,0.419067548593257,1,0,1,0,0,0,0,1,0,0,0,0,0,0,0,0,0,0,0,0,0
1.72202548630712,95,8,0,2,0.49182469764127,1,0,1,0,0,0,0,1,0,0,0,0,0,0,0,0,0,0,0,0,0
1.46818034930936,95,9,0,2,0.568312185490169,1,0,1,0,0,0,0,1,0,0,0,0,0,0,0,0,0,0,0,0,0
2.89052084822987,95,10,0,2,0.648721270700128,1,0,1,0,0,0,0,1,0,0,0,0,0,0,0,0,0,0,0,0,0
0.136645539840529,96,1,0,3,0.127496851579376,0,0,0,1,0,1,1,0,0,1,0,0,0,0,0,0,0,0,0,0,0
1.93843211910788,96,2,0,3,0.271249150321405,0,0,0,1,0,1,1,0,0,1,0,0,0,0,0,1,0,0,0,0,0
0.60100946684308,96,3,0,3,0.43332941456034,0,0,0,1,0,1,1,0,0,1,0,0,0,0,1,0,0,0,0,0,0
2.76733675935233,96,4,0,3,0.616074402192893,0,0,0,1,0,1,1,0,0,1,0,0,0,1,0,0,0,0,0,0,0
4.18751405005234,96,5,0,3,0.822118800390509,0,0,0,1,0,1,1,0,0,1,0,0,1,0,0,0,0,0,0,0,0
5.56265277220838,96,6,0,3,1.05443321064389,0,0,0,1,0,1,1,0,0,1,0,1,0,0,0,0,0,0,0,0,0
5.54001509210475,96,7,0,3,1.31636697678109,0,0,0,1,0,1,1,0,0,1,1,0,0,0,0,0,0,0,0,0,0
9.03483615351136,96,8,0,3,1.61169647342312,0,0,0,1,0,1,1,0,0,1,0,0,0,0,0,0,1,0,0,0,0
10.3081958567297,96,9,0,3,1.94467955106552,0,0,0,1,0,1,1,0,0,1,0,0,0,0,0,0,0,1,0,0,0
10.8763705094353,96,10,0,3,2.32011692273655,0,0,0,1,0,1,1,0,0,1,0,0,0,0,0,0,0,0,1,0,0
-0.250948694919009,97,1,0,1,0.01,1,0,0,1,0,1,0,1,1,0,0,0,0,0,0,0,0,0,0,0,0
-0.446700517519555,97,2,0,1,0.01,1,0,0,1,0,1,0,1,1,0,0,0,0,0,0,0,0,0,0,0,0
0.933247149932541,97,3,0,1,0.01,1,0,0,1,0,1,0,1,1,0,0,0,0,0,0,0,0,0,0,0,0
-0.773702069204053,97,4,0,1,0.01,1,0,0,1,0,1,0,1,1,0,0,0,0,0,0,0,0,0,0,0,0
1.07067926399645,97,5,0,1,0.01,1,0,0,1,0,1,0,1,1,0,0,0,0,0,0,0,0,0,0,0,0
-0.806996579307462,97,6,0,1,0.01,1,0,0,1,0,1,0,1,1,0,0,0,0,0,0,0,0,0,0,0,0
-0.723714699495189,97,7,0,1,0.01,1,0,0,1,0,1,0,1,1,0,0,0,0,0,0,0,0,0,0,0,0
-0.656372897513832,97,8,0,1,0.01,1,0,0,1,0,1,0,1,1,0,0,0,0,0,0,0,0,0,0,0,0
0.794818168551375,97,9,0,1,0.01,1,0,0,1,0,1,0,1,1,0,0,0,0,0,0,0,0,0,0,0,0
-0.457653900432593,97,10,0,1,0.01,1,0,0,1,0,1,0,1,1,0,0,0,0,0,0,0,0,0,0,0,0
0.717869042318845,98,1,0,2,0.0512710963760241,1,0,0,0,0,1,0,1,1,0,0,0,0,0,0,0,0,0,0,0,0
0.90959318071129,98,2,0,2,0.105170918075648,1,0,0,0,0,1,0,1,1,0,0,0,0,0,0,0,0,0,0,0,0
1.2036627250664,98,3,0,2,0.161834242728283,1,0,0,0,0,1,0,1,1,0,0,0,0,0,0,0,0,0,0,0,0
0.465320783369484,98,4,0,2,0.22140275816017,1,0,0,0,0,1,0,1,1,0,0,0,0,0,0,0,0,0,0,0,0
1.67989831077084,98,5,0,2,0.284025416687741,1,0,0,0,0,1,0,1,1,0,0,0,0,0,0,0,0,0,0,0,0
2.00808269706991,98,6,0,2,0.349858807576003,1,0,0,0,0,1,0,1,1,0,0,0,0,0,0,0,0,0,0,0,0
1.47733739120808,98,7,0,2,0.419067548593257,1,0,0,0,0,1,0,1,1,0,0,0,0,0,0,0,0,0,0,0,0
2.48401272050502,98,8,0,2,0.49182469764127,1,0,0,0,0,1,0,1,1,0,0,0,0,0,0,0,0,0,0,0,0
2.01184509541963,98,9,0,2,0.568312185490169,1,0,0,0,0,1,0,1,1,0,0,0,0,0,0,0,0,0,0,0,0
3.63417579538324,98,10,0,2,0.648721270700128,1,0,0,0,0,1,0,1,1,0,0,0,0,0,0,0,0,0,0,0,0
-0.758014165484533,99,1,0,1,0.01,0,1,1,0,0,1,0,1,0,0,0,0,0,0,0,0,0,0,0,0,0
0.172312848210687,99,2,0,1,0.01,0,1,1,0,0,1,0,1,0,0,0,0,0,0,0,0,0,0,0,0,0
0.375290952920773,99,3,0,1,0.01,0,1,1,0,0,1,0,1,0,0,0,0,0,0,0,0,0,0,0,0,0
-1.0363238370306,99,4,0,1,0.01,0,1,1,0,0,1,0,1,0,0,0,0,0,0,0,0,0,0,0,0,0
2.15657582949781,99,5,0,1,0.01,0,1,1,0,0,1,0,1,0,0,0,0,0,0,0,0,0,0,0,0,0
-0.99758547494536,99,6,0,1,0.01,0,1,1,0,0,1,0,1,0,0,0,0,0,0,0,0,0,0,0,0,0
1.02958225423127,99,7,0,1,0.01,0,1,1,0,0,1,0,1,0,0,0,0,0,0,0,0,0,0,0,0,0
-0.820305321863967,99,8,0,1,0.01,0,1,1,0,0,1,0,1,0,0,0,0,0,0,0,0,0,0,0,0,0
-0.729254042619426,99,9,0,1,0.01,0,1,1,0,0,1,0,1,0,0,0,0,0,0,0,0,0,0,0,0,0
-0.879040182720627,99,10,0,1,0.01,0,1,1,0,0,1,0,1,0,0,0,0,0,0,0,0,0,0,0,0,0
1.20743130398259,100,1,0,3,0.127496851579376,1,0,1,1,0,1,0,1,0,0,0,0,0,0,0,0,0,0,0,0,0
0.723116134038568,100,2,0,3,0.271249150321405,1,0,1,1,0,1,0,1,0,0,0,0,0,0,0,0,0,0,0,0,0
2.00796603701522,100,3,0,3,0.43332941456034,1,0,1,1,0,1,0,1,0,0,0,0,0,0,0,0,0,0,0,0,0
3.64466137844783,100,4,0,3,0.616074402192893,1,0,1,1,0,1,0,1,0,0,0,0,0,0,0,0,0,0,0,0,0
3.21930384781661,100,5,0,3,0.822118800390509,1,0,1,1,0,1,0,1,0,0,0,0,0,0,0,0,0,0,0,0,0
5.31971075568849,100,6,0,3,1.05443321064389,1,0,1,1,0,1,0,1,0,0,0,0,0,0,0,0,0,0,0,0,0
6.34285820258107,100,7,0,3,1.31636697678109,1,0,1,1,0,1,0,1,0,0,0,0,0,0,0,0,0,0,0,0,0
8.58174770433361,100,8,0,3,1.61169647342312,1,0,1,1,0,1,0,1,0,0,0,0,0,0,0,0,0,0,0,0,0
11.1896642057618,100,9,0,3,1.94467955106552,1,0,1,1,0,1,0,1,0,0,0,0,0,0,0,0,0,0,0,0,0
12.0027585265306,100,10,0,3,2.32011692273655,1,0,1,1,0,1,0,1,0,0,0,0,0,0,0,0,0,0,0,0,0
-0.451910899229456,101,1,0,1,0.01,1,0,1,0,1,0,1,0,0,0,0,0,0,0,0,0,0,0,0,0,0
0.797446126314839,101,2,0,1,0.01,1,0,1,0,1,0,1,0,0,0,0,0,0,0,0,0,0,0,0,0,0
-0.786625221141983,101,3,0,1,0.01,1,0,1,0,1,0,1,0,0,0,0,0,0,0,0,0,0,0,0,0,0
-1.70604429204375,101,4,0,1,0.01,1,0,1,0,1,0,1,0,0,0,0,0,0,0,0,0,0,0,0,0,0
1.93217854799652,101,5,0,1,0.01,1,0,1,0,1,0,1,0,0,0,0,0,0,0,0,0,0,0,0,0,0
-2.10707802665357,101,6,0,1,0.01,1,0,1,0,1,0,1,0,0,0,0,0,0,0,0,0,0,0,0,0,0
-1.19553575562342,101,7,0,1,0.01,1,0,1,0,1,0,1,0,0,0,0,0,0,0,0,0,0,0,0,0,0
1.51416730050783,101,8,0,1,0.01,1,0,1,0,1,0,1,0,0,0,0,0,0,0,0,0,0,0,0,0,0
0.103901844284504,101,9,0,1,0.01,1,0,1,0,1,0,1,0,0,0,0,0,0,0,0,0,0,0,0,0,0
-0.215944009933148,101,10,0,1,0.01,1,0,1,0,1,0,1,0,0,0,0,0,0,0,0,0,0,0,0,0,0
-0.336059350344632,102,1,0,1,0.01,0,1,1,0,1,1,1,1,0,0,1,0,0,0,0,0,0,0,0,0,0
0.175781932168271,102,2,0,1,0.01,0,1,1,0,1,1,1,1,0,0,0,0,0,0,0,0,1,0,0,0,0
-2.06133607974702,102,3,0,1,0.01,0,1,1,0,1,1,1,1,0,0,0,0,0,0,0,0,0,1,0,0,0
1.07448692431828,102,4,0,1,0.01,0,1,1,0,1,1,1,1,0,0,0,0,0,0,0,0,0,0,1,0,0
1.47341919791177,102,5,0,1,0.01,0,1,1,0,1,1,1,1,0,0,0,0,0,0,0,0,0,0,0,1,0
1.05934891505265,102,6,0,1,0.01,0,1,1,0,1,1,1,1,0,0,0,0,0,0,0,0,0,0,0,0,1
-0.143200171119729,102,7,0,1,0.01,0,1,1,0,1,1,1,1,0,0,0,0,0,0,0,0,0,0,0,0,0
-1.86820121860525,102,8,0,1,0.01,0,1,1,0,1,1,1,1,0,0,0,0,0,0,0,0,0,0,0,0,0
0.737434166785542,102,9,0,1,0.01,0,1,1,0,1,1,1,1,0,0,0,0,0,0,0,0,0,0,0,0,0
0.238221172252822,102,10,0,1,0.01,0,1,1,0,1,1,1,1,0,0,0,0,0,0,0,0,0,0,0,0,0
0.896849062977821,103,1,0,2,0.0512710963760241,0,0,1,0,0,0,1,1,1,1,0,0,0,0,0,0,0,0,0,0,0
0.636061039435501,103,2,0,2,0.105170918075648,0,0,1,0,0,0,1,1,1,1,0,0,0,0,0,0,0,0,0,0,0
1.98486251525482,103,3,0,2,0.161834242728283,0,0,1,0,0,0,1,1,1,1,0,0,0,0,0,0,0,0,0,0,0
0.512655197462273,103,4,0,2,0.22140275816017,0,0,1,0,0,0,1,1,1,1,0,0,0,0,0,0,0,0,0,0,0
1.216102473453,103,5,0,2,0.284025416687741,0,0,1,0,0,0,1,1,1,1,0,0,0,0,0,0,0,0,0,0,0
1.22764907843182,103,6,0,2,0.349858807576003,0,0,1,0,0,0,1,1,1,1,0,0,0,0,0,0,0,0,0,0,0
1.49021932794529,103,7,0,2,0.419067548593257,0,0,1,0,0,0,1,1,1,1,0,0,0,0,0,0,0,0,0,0,0
1.74051322838124,103,8,0,2,0.49182469764127,0,0,1,0,0,0,1,1,1,1,0,0,0,0,0,0,0,0,0,0,0
2.07250840253376,103,9,0,2,0.568312185490169,0,0,1,0,0,0,1,1,1,1,0,0,0,0,0,0,0,0,0,0,0
1.35524384936651,103,10,0,2,0.648721270700128,0,0,1,0,0,0,1,1,1,1,0,0,0,0,0,0,0,0,0,0,0
-1.51682324233742,104,1,0,1,0.01,0,1,0,1,1,0,1,0,0,0,0,0,0,0,0,0,0,0,0,0,0
-0.778285390759682,104,2,0,1,0.01,0,1,0,1,1,0,1,0,0,0,0,0,0,0,0,0,0,0,0,0,0
-0.869813934420513,104,3,0,1,0.01,0,1,0,1,1,0,1,0,0,0,0,0,0,0,0,0,0,0,0,0,0
0.289874179510213,104,4,0,1,0.01,0,1,0,1,1,0,1,0,0,0,0,0,0,0,0,0,0,0,0,0,0
0.912635429754331,104,5,0,1,0.01,0,1,0,1,1,0,1,0,0,0,0,0,0,0,0,0,0,0,0,0,0
-0.697734204595049,104,6,0,1,0.01,0,1,0,1,1,0,1,0,0,0,0,0,0,0,0,0,0,0,0,0,0
0.234799490666899,104,7,0,1,0.01,0,1,0,1,1,0,1,0,0,0,0,0,0,0,0,0,0,0,0,0,0
1.61073765714564,104,8,0,1,0.01,0,1,0,1,1,0,1,0,0,0,0,0,0,0,0,0,0,0,0,0,0
0.0350836654674743,104,9,0,1,0.01,0,1,0,1,1,0,1,0,0,0,0,0,0,0,0,0,0,0,0,0,0
0.192247685085659,104,10,0,1,0.01,0,1,0,1,1,0,1,0,0,0,0,0,0,0,0,0,0,0,0,0,0
-0.856262135854039,105,1,0,1,0.01,1,0,0,0,1,1,1,0,1,0,0,0,0,0,0,0,0,0,0,0,0
-0.886452829309741,105,2,0,1,0.01,1,0,0,0,1,1,1,0,1,0,0,0,0,0,0,0,0,0,0,0,0
-1.07618452065212,105,3,0,1,0.01,1,0,0,0,1,1,1,0,1,0,0,0,0,0,0,0,0,0,0,0,0
-1.0844499019917,105,4,0,1,0.01,1,0,0,0,1,1,1,0,1,0,0,0,0,0,0,0,0,0,0,0,0
-1.07435045661457,105,5,0,1,0.01,1,0,0,0,1,1,1,0,1,0,0,0,0,0,0,0,0,0,0,0,0
0.512622533197114,105,6,0,1,0.01,1,0,0,0,1,1,1,0,1,0,0,0,0,0,0,0,0,0,0,0,0
1.05442838802494,105,7,0,1,0.01,1,0,0,0,1,1,1,0,1,0,0,0,0,0,0,0,0,0,0,0,0
-0.298028213594262,105,8,0,1,0.01,1,0,0,0,1,1,1,0,1,0,0,0,0,0,0,0,0,0,0,0,0
2.29357108798419,105,9,0,1,0.01,1,0,0,0,1,1,1,0,1,0,0,0,0,0,0,0,0,0,0,0,0
-2.01390404467422,105,10,0,1,0.01,1,0,0,0,1,1,1,0,1,0,0,0,0,0,0,0,0,0,0,0,0
0.314178104274433,106,1,0,1,0.01,0,1,0,1,1,0,0,1,0,1,0,0,0,0,0,0,0,0,0,0,0
-0.4286511801169,106,2,0,1,0.01,0,1,0,1,1,0,0,1,0,1,0,0,0,0,0,0,0,0,0,0,0
-0.584732698939461,106,3,0,1,0.01,0,1,0,1,1,0,0,1,0,1,0,0,0,0,0,0,0,0,0,0,0
-0.212930997578368,106,4,0,1,0.01,0,1,0,1,1,0,0,1,0,1,0,0,0,0,0,0,0,0,0,0,0
-0.711997133085237,106,5,0,1,0.01,0,1,0,1,1,0,0,1,0,1,0,0,0,0,0,0,0,0,0,0,0
-0.813838072731268,106,6,0,1,0.01,0,1,0,1,1,0,0,1,0,1,0,0,0,0,0,0,0,0,0,0,0
-0.867386258618419,106,7,0,1,0.01,0,1,0,1,1,0,0,1,0,1,0,0,0,0,0,0,0,0,0,0,0
0.634221268444487,106,8,0,1,0.01,0,1,0,1,1,0,0,1,0,1,0,0,0,0,0,0,0,0,0,0,0
-2.71720877562989,106,9,0,1,0.01,0,1,0,1,1,0,0,1,0,1,0,0,0,0,0,0,0,0,0,0,0
-0.49036731518196,106,10,0,1,0.01,0,1,0,1,1,0,0,1,0,1,0,0,0,0,0,0,0,0,0,0,0
-0.187129355566994,107,1,0,1,0.01,1,1,0,0,0,0,1,0,0,0,0,0,0,0,0,0,0,0,0,0,0
-0.524280562844925,107,2,0,1,0.01,1,1,0,0,0,0,1,0,0,0,0,0,0,0,0,0,0,0,0,0,0
-0.903342354138317,107,3,0,1,0.01,1,1,0,0,0,0,1,0,0,0,0,0,0,0,0,0,0,0,0,0,0
-1.79127781135735,107,4,0,1,0.01,1,1,0,0,0,0,1,0,0,0,0,0,0,0,0,0,0,0,0,0,0
-0.73083166111327,107,5,0,1,0.01,1,1,0,0,0,0,1,0,0,0,0,0,0,0,0,0,0,0,0,0,0
-0.404523617254867,107,6,0,1,0.01,1,1,0,0,0,0,1,0,0,0,0,0,0,0,0,0,0,0,0,0,0
-0.348596815942926,107,7,0,1,0.01,1,1,0,0,0,0,1,0,0,0,0,0,0,0,0,0,0,0,0,0,0
2.56478424385074,107,8,0,1,0.01,1,1,0,0,0,0,1,0,0,0,0,0,0,0,0,0,0,0,0,0,0
-1.65576439754491,107,9,0,1,0.01,1,1,0,0,0,0,1,0,0,0,0,0,0,0,0,0,0,0,0,0,0
-0.16972486082212,107,10,0,1,0.01,1,1,0,0,0,0,1,0,0,0,0,0,0,0,0,0,0,0,0,0,0
2.31800032438433,108,1,0,1,0.01,0,1,0,1,0,1,1,0,1,0,0,0,0,0,0,0,0,0,0,0,0
1.11346821955181,108,2,0,1,0.01,0,1,0,1,0,1,1,0,1,0,0,0,0,0,0,0,0,0,0,0,0
-0.232032214976873,108,3,0,1,0.01,0,1,0,1,0,1,1,0,1,0,0,0,0,0,0,0,0,0,0,0,0
0.336496705775033,108,4,0,1,0.01,0,1,0,1,0,1,1,0,1,0,0,0,0,0,0,0,0,0,0,0,0
0.450389366288196,108,5,0,1,0.01,0,1,0,1,0,1,1,0,1,0,0,0,0,0,0,0,0,0,0,0,0
-2.10575429130636,108,6,0,1,0.01,0,1,0,1,0,1,1,0,1,0,0,0,0,0,0,0,0,0,0,0,0
-0.678619745251403,108,7,0,1,0.01,0,1,0,1,0,1,1,0,1,0,0,0,0,0,0,0,0,0,0,0,0
-2.06071659004014,108,8,0,1,0.01,0,1,0,1,0,1,1,0,1,0,0,0,0,0,0,0,0,0,0,0,0
0.970162506857698,108,9,0,1,0.01,0,1,0,1,0,1,1,0,1,0,0,0,0,0,0,0,0,0,0,0,0
1.92870807704313,108,10,0,1,0.01,0,1,0,1,0,1,1,0,1,0,0,0,0,0,0,0,0,0,0,0,0
-0.455215454061437,109,1,0,2,0.0512710963760241,0,0,0,1,0,0,0,1,1,1,0,1,0,0,0,0,0,0,0,0,0
0.643557362540995,109,2,0,2,0.105170918075648,0,0,0,1,0,0,0,1,1,1,1,0,0,0,0,0,0,0,0,0,0
0.980095448136833,109,3,0,2,0.161834242728283,0,0,0,1,0,0,0,1,1,1,0,0,0,0,0,0,1,0,0,0,0
0.857915415390871,109,4,0,2,0.22140275816017,0,0,0,1,0,0,0,1,1,1,0,0,0,0,0,0,0,1,0,0,0
3.29493182323379,109,5,0,2,0.284025416687741,0,0,0,1,0,0,0,1,1,1,0,0,0,0,0,0,0,0,1,0,0
1.23202200269238,109,6,0,2,0.349858807576003,0,0,0,1,0,0,0,1,1,1,0,0,0,0,0,0,0,0,0,1,0
2.18390079107505,109,7,0,2,0.419067548593257,0,0,0,1,0,0,0,1,1,1,0,0,0,0,0,0,0,0,0,0,1
0.751385212812175,109,8,0,2,0.49182469764127,0,0,0,1,0,0,0,1,1,1,0,0,0,0,0,0,0,0,0,0,0
3.11816415612841,109,9,0,2,0.568312185490169,0,0,0,1,0,0,0,1,1,1,0,0,0,0,0,0,0,0,0,0,0
2.39618518986122,109,10,0,2,0.648721270700128,0,0,0,1,0,0,0,1,1,1,0,0,0,0,0,0,0,0,0,0,0
1.89580397385545,110,1,0,2,0.0512710963760241,0,0,0,1,0,1,0,0,0,1,0,0,0,0,0,0,0,0,0,0,0
-0.851067568614224,110,2,0,2,0.105170918075648,0,0,0,1,0,1,0,0,0,1,0,0,0,0,0,0,0,0,0,0,0
-0.251373706300619,110,3,0,2,0.161834242728283,0,0,0,1,0,1,0,0,0,1,0,0,0,0,0,0,0,0,0,0,0
1.75768785402724,110,4,0,2,0.22140275816017,0,0,0,1,0,1,0,0,0,1,0,0,0,0,0,0,0,0,0,0,0
1.43917313409421,110,5,0,2,0.284025416687741,0,0,0,1,0,1,0,0,0,1,0,0,0,0,0,0,0,0,0,0,0
1.41393697440141,110,6,0,2,0.349858807576003,0,0,0,1,0,1,0,0,0,1,0,0,0,0,0,0,0,0,0,0,0
3.25825872112489,110,7,0,2,0.419067548593257,0,0,0,1,0,1,0,0,0,1,0,0,0,0,0,0,0,0,0,0,0
2.73553970732999,110,8,0,2,0.49182469764127,0,0,0,1,0,1,0,0,0,1,0,0,0,0,0,0,0,0,0,0,0
1.19969474471927,110,9,0,2,0.568312185490169,0,0,0,1,0,1,0,0,0,1,0,0,0,0,0,0,0,0,0,0,0
3.69108341785266,110,10,0,2,0.648721270700128,0,0,0,1,0,1,0,0,0,1,0,0,0,0,0,0,0,0,0,0,0
-0.289339275244166,111,1,0,1,0.01,0,1,1,1,0,0,0,1,1,1,0,0,0,1,0,0,0,0,0,0,0
-0.571012118906091,111,2,0,1,0.01,0,1,1,1,0,0,0,1,1,1,0,0,1,0,0,0,0,0,0,0,0
-0.210816005756957,111,3,0,1,0.01,0,1,1,1,0,0,0,1,1,1,0,1,0,0,0,0,0,0,0,0,0
0.557592481470141,111,4,0,1,0.01,0,1,1,1,0,0,0,1,1,1,1,0,0,0,0,0,0,0,0,0,0
0.739915858321966,111,5,0,1,0.01,0,1,1,1,0,0,0,1,1,1,0,0,0,0,0,0,1,0,0,0,0
0.702556659490039,111,6,0,1,0.01,0,1,1,1,0,0,0,1,1,1,0,0,0,0,0,0,0,1,0,0,0
2.07465448096786,111,7,0,1,0.01,0,1,1,1,0,0,0,1,1,1,0,0,0,0,0,0,0,0,1,0,0
2.58336089286366,111,8,0,1,0.01,0,1,1,1,0,0,0,1,1,1,0,0,0,0,0,0,0,0,0,1,0
-0.915698667098926,111,9,0,1,0.01,0,1,1,1,0,0,0,1,1,1,0,0,0,0,0,0,0,0,0,0,1
1.35722693090364,111,10,0,1,0.01,0,1,1,1,0,0,0,1,1,1,0,0,0,0,0,0,0,0,0,0,0
1.4422130852917,112,1,0,2,0.0512710963760241,0,1,0,1,1,1,1,1,1,0,0,0,0,1,0,0,0,0,0,0,0
-0.336838883581624,112,2,0,2,0.105170918075648,0,1,0,1,1,1,1,1,1,0,0,0,1,0,0,0,0,0,0,0,0
-0.131811720378656,112,3,0,2,0.161834242728283,0,1,0,1,1,1,1,1,1,0,0,1,0,0,0,0,0,0,0,0,0
0.268556926221021,112,4,0,2,0.22140275816017,0,1,0,1,1,1,1,1,1,0,1,0,0,0,0,0,0,0,0,0,0
0.255904389684522,112,5,0,2,0.284025416687741,0,1,0,1,1,1,1,1,1,0,0,0,0,0,0,0,1,0,0,0,0
4.00785656379306,112,6,0,2,0.349858807576003,0,1,0,1,1,1,1,1,1,0,0,0,0,0,0,0,0,1,0,0,0
2.6074505270414,112,7,0,2,0.419067548593257,0,1,0,1,1,1,1,1,1,0,0,0,0,0,0,0,0,0,1,0,0
2.07089338721689,112,8,0,2,0.49182469764127,0,1,0,1,1,1,1,1,1,0,0,0,0,0,0,0,0,0,0,1,0
1.50819448079017,112,9,0,2,0.568312185490169,0,1,0,1,1,1,1,1,1,0,0,0,0,0,0,0,0,0,0,0,1
2.56260869752701,112,10,0,2,0.648721270700128,0,1,0,1,1,1,1,1,1,0,0,0,0,0,0,0,0,0,0,0,0
1.05439643403301,113,1,0,1,0.01,0,1,1,0,1,0,1,1,1,0,0,0,0,0,0,0,0,0,0,0,0
0.500616580290564,113,2,0,1,0.01,0,1,1,0,1,0,1,1,1,0,0,0,0,0,0,0,0,0,0,0,0
-0.433087206326385,113,3,0,1,0.01,0,1,1,0,1,0,1,1,1,0,0,0,0,0,0,0,0,0,0,0,0
0.360968867059559,113,4,0,1,0.01,0,1,1,0,1,0,1,1,1,0,0,0,0,0,0,0,0,0,0,0,0
2.12582993031964,113,5,0,1,0.01,0,1,1,0,1,0,1,1,1,0,0,0,0,0,0,0,0,0,0,0,0
0.679505952318984,113,6,0,1,0.01,0,1,1,0,1,0,1,1,1,0,0,0,0,0,0,0,0,0,0,0,0
-0.0577877511776556,113,7,0,1,0.01,0,1,1,0,1,0,1,1,1,0,0,0,0,0,0,0,0,0,0,0,0
1.21259532506573,113,8,0,1,0.01,0,1,1,0,1,0,1,1,1,0,0,0,0,0,0,0,0,0,0,0,0
0.425185264364235,113,9,0,1,0.01,0,1,1,0,1,0,1,1,1,0,0,0,0,0,0,0,0,0,0,0,0
-1.63536185114672,113,10,0,1,0.01,0,1,1,0,1,0,1,1,1,0,0,0,0,0,0,0,0,0,0,0,0
-2.08101488586692,114,1,0,1,0.01,1,0,0,0,0,1,1,1,0,1,0,0,0,0,0,0,0,0,0,0,0
-0.183115425201528,114,2,0,1,0.01,1,0,0,0,0,1,1,1,0,1,0,0,0,0,0,0,0,0,0,0,0
-0.855454507753933,114,3,0,1,0.01,1,0,0,0,0,1,1,1,0,1,0,0,0,0,0,0,0,0,0,0,0
0.117041281039267,114,4,0,1,0.01,1,0,0,0,0,1,1,1,0,1,0,0,0,0,0,0,0,0,0,0,0
-0.143646146061076,114,5,0,1,0.01,1,0,0,0,0,1,1,1,0,1,0,0,0,0,0,0,0,0,0,0,0
-1.60782924981316,114,6,0,1,0.01,1,0,0,0,0,1,1,1,0,1,0,0,0,0,0,0,0,0,0,0,0
0.129534433346527,114,7,0,1,0.01,1,0,0,0,0,1,1,1,0,1,0,0,0,0,0,0,0,0,0,0,0
1.09850816530506,114,8,0,1,0.01,1,0,0,0,0,1,1,1,0,1,0,0,0,0,0,0,0,0,0,0,0
-2.25390033884056,114,9,0,1,0.01,1,0,0,0,0,1,1,1,0,1,0,0,0,0,0,0,0,0,0,0,0
1.15025115828555,114,10,0,1,0.01,1,0,0,0,0,1,1,1,0,1,0,0,0,0,0,0,0,0,0,0,0
-0.109001990362246,115,1,0,1,0.01,0,0,0,1,1,0,0,0,0,0,0,1,0,0,0,0,0,0,0,0,0
0.245212914901095,115,2,0,1,0.01,0,0,0,1,1,0,0,0,0,0,1,0,0,0,0,0,0,0,0,0,0
0.0650144041544423,115,3,0,1,0.01,0,0,0,1,1,0,0,0,0,0,0,0,0,0,0,0,1,0,0,0,0
0.0792671181238801,115,4,0,1,0.01,0,0,0,1,1,0,0,0,0,0,0,0,0,0,0,0,0,1,0,0,0
-1.03412237146252,115,5,0,1,0.01,0,0,0,1,1,0,0,0,0,0,0,0,0,0,0,0,0,0,1,0,0
-0.94910753697036,115,6,0,1,0.01,0,0,0,1,1,0,0,0,0,0,0,0,0,0,0,0,0,0,0,1,0
0.217124089144552,115,7,0,1,0.01,0,0,0,1,1,0,0,0,0,0,0,0,0,0,0,0,0,0,0,0,1
1.3540264990834,115,8,0,1,0.01,0,0,0,1,1,0,0,0,0,0,0,0,0,0,0,0,0,0,0,0,0
0.60659042704393,115,9,0,1,0.01,0,0,0,1,1,0,0,0,0,0,0,0,0,0,0,0,0,0,0,0,0
-0.927147808106281,115,10,0,1,0.01,0,0,0,1,1,0,0,0,0,0,0,0,0,0,0,0,0,0,0,0,0
-0.18192173233077,116,1,0,1,0.01,0,0,0,0,0,0,0,1,1,1,0,0,0,0,0,0,0,0,0,0,0
1.13527921570407,116,2,0,1,0.01,0,0,0,0,0,0,0,1,1,1,0,0,0,0,0,0,0,0,0,0,0
0.69967277888884,116,3,0,1,0.01,0,0,0,0,0,0,0,1,1,1,0,0,0,0,0,0,0,0,0,0,0
-1.03685615700476,116,4,0,1,0.01,0,0,0,0,0,0,0,1,1,1,0,0,0,0,0,0,0,0,0,0,0
-0.788552239614811,116,5,0,1,0.01,0,0,0,0,0,0,0,1,1,1,0,0,0,0,0,0,0,0,0,0,0
0.353068836144531,116,6,0,1,0.01,0,0,0,0,0,0,0,1,1,1,0,0,0,0,0,0,0,0,0,0,0
0.693472158401746,116,7,0,1,0.01,0,0,0,0,0,0,0,1,1,1,0,0,0,0,0,0,0,0,0,0,0
0.750965388074878,116,8,0,1,0.01,0,0,0,0,0,0,0,1,1,1,0,0,0,0,0,0,0,0,0,0,0
-0.122636241978691,116,9,0,1,0.01,0,0,0,0,0,0,0,1,1,1,0,0,0,0,0,0,0,0,0,0,0
-1.1849641403953,116,10,0,1,0.01,0,0,0,0,0,0,0,1,1,1,0,0,0,0,0,0,0,0,0,0,0
0.958201857438672,117,1,0,2,0.0512710963760241,1,1,0,0,0,1,0,0,1,1,0,0,0,0,0,0,0,0,0,0,0
2.08899414103909,117,2,0,2,0.105170918075648,1,1,0,0,0,1,0,0,1,1,0,0,0,0,0,0,0,0,0,0,0
0.0448906740238642,117,3,0,2,0.161834242728283,1,1,0,0,0,1,0,0,1,1,0,0,0,0,0,0,0,0,0,0,0
0.749595736834373,117,4,0,2,0.22140275816017,1,1,0,0,0,1,0,0,1,1,0,0,0,0,0,0,0,0,0,0,0
-0.0304940143243844,117,5,0,2,0.284025416687741,1,1,0,0,0,1,0,0,1,1,0,0,0,0,0,0,0,0,0,0,0
2.1559809722056,117,6,0,2,0.349858807576003,1,1,0,0,0,1,0,0,1,1,0,0,0,0,0,0,0,0,0,0,0
2.6409446872781,117,7,0,2,0.419067548593257,1,1,0,0,0,1,0,0,1,1,0,0,0,0,0,0,0,0,0,0,0
2.09432566482802,117,8,0,2,0.49182469764127,1,1,0,0,0,1,0,0,1,1,0,0,0,0,0,0,0,0,0,0,0
1.70997438818725,117,9,0,2,0.568312185490169,1,1,0,0,0,1,0,0,1,1,0,0,0,0,0,0,0,0,0,0,0
2.69713839681246,117,10,0,2,0.648721270700128,1,1,0,0,0,1,0,0,1,1,0,0,0,0,0,0,0,0,0,0,0
0.232140818879238,118,1,0,2,0.0512710963760241,1,0,1,0,0,0,0,1,1,0,0,0,0,0,0,0,0,0,0,0,0
-0.92101032123938,118,2,0,2,0.105170918075648,1,0,1,0,0,0,0,1,1,0,0,0,0,0,0,0,0,0,0,0,0
-0.131416342430069,118,3,0,2,0.161834242728283,1,0,1,0,0,0,0,1,1,0,0,0,0,0,0,0,0,0,0,0,0
2.22427318714224,118,4,0,2,0.22140275816017,1,0,1,0,0,0,0,1,1,0,0,0,0,0,0,0,0,0,0,0,0
1.78449491369468,118,5,0,2,0.284025416687741,1,0,1,0,0,0,0,1,1,0,0,0,0,0,0,0,0,0,0,0,0
1.85937664954358,118,6,0,2,0.349858807576003,1,0,1,0,0,0,0,1,1,0,0,0,0,0,0,0,0,0,0,0,0
2.62857261981429,118,7,0,2,0.419067548593257,1,0,1,0,0,0,0,1,1,0,0,0,0,0,0,0,0,0,0,0,0
2.98246777416705,118,8,0,2,0.49182469764127,1,0,1,0,0,0,0,1,1,0,0,0,0,0,0,0,0,0,0,0,0
4.08100129367481,118,9,0,2,0.568312185490169,1,0,1,0,0,0,0,1,1,0,0,0,0,0,0,0,0,0,0,0,0
2.67578926248788,118,10,0,2,0.648721270700128,1,0,1,0,0,0,0,1,1,0,0,0,0,0,0,0,0,0,0,0,0
-0.187330281851624,119,1,0,2,0.0512710963760241,0,1,0,0,1,1,1,0,0,0,0,0,0,0,0,0,0,0,0,0,0
-0.728798724417721,119,2,0,2,0.105170918075648,0,1,0,0,1,1,1,0,0,0,0,0,0,0,0,0,0,0,0,0,0
2.49955069990208,119,3,0,2,0.161834242728283,0,1,0,0,1,1,1,0,0,0,0,0,0,0,0,0,0,0,0,0,0
0.52200079471385,119,4,0,2,0.22140275816017,0,1,0,0,1,1,1,0,0,0,0,0,0,0,0,0,0,0,0,0,0
1.14365773893968,119,5,0,2,0.284025416687741,0,1,0,0,1,1,1,0,0,0,0,0,0,0,0,0,0,0,0,0,0
1.50743573198354,119,6,0,2,0.349858807576003,0,1,0,0,1,1,1,0,0,0,0,0,0,0,0,0,0,0,0,0,0
0.750878101259721,119,7,0,2,0.419067548593257,0,1,0,0,1,1,1,0,0,0,0,0,0,0,0,0,0,0,0,0,0
0.886762595175019,119,8,0,2,0.49182469764127,0,1,0,0,1,1,1,0,0,0,0,0,0,0,0,0,0,0,0,0,0
2.72821541907804,119,9,0,2,0.568312185490169,0,1,0,0,1,1,1,0,0,0,0,0,0,0,0,0,0,0,0,0,0
1.94138686783064,119,10,0,2,0.648721270700128,0,1,0,0,1,1,1,0,0,0,0,0,0,0,0,0,0,0,0,0,0
0.0246314002949151,120,1,0,1,0.01,1,1,1,0,1,1,1,0,1,1,0,0,0,0,0,0,0,0,0,0,0
0.396883908490819,120,2,0,1,0.01,1,1,1,0,1,1,1,0,1,1,0,0,0,0,0,0,0,0,0,0,0
-0.0155466732116548,120,3,0,1,0.01,1,1,1,0,1,1,1,0,1,1,0,0,0,0,0,0,0,0,0,0,0
0.670956254934429,120,4,0,1,0.01,1,1,1,0,1,1,1,0,1,1,0,0,0,0,0,0,0,0,0,0,0
0.429900371672469,120,5,0,1,0.01,1,1,1,0,1,1,1,0,1,1,0,0,0,0,0,0,0,0,0,0,0
-0.036679438433063,120,6,0,1,0.01,1,1,1,0,1,1,1,0,1,1,0,0,0,0,0,0,0,0,0,0,0
1.30125253600723,120,7,0,1,0.01,1,1,1,0,1,1,1,0,1,1,0,0,0,0,0,0,0,0,0,0,0
0.688602007633534,120,8,0,1,0.01,1,1,1,0,1,1,1,0,1,1,0,0,0,0,0,0,0,0,0,0,0
-1.84540287694033,120,9,0,1,0.01,1,1,1,0,1,1,1,0,1,1,0,0,0,0,0,0,0,0,0,0,0
0.801644318159498,120,10,0,1,0.01,1,1,1,0,1,1,1,0,1,1,0,0,0,0,0,0,0,0,0,0,0
-0.462796220644372,121,1,0,1,0.01,0,0,1,0,1,1,1,1,0,1,0,0,1,0,0,0,0,0,0,0,0
1.72761561961961,121,2,0,1,0.01,0,0,1,0,1,1,1,1,0,1,0,1,0,0,0,0,0,0,0,0,0
-0.642311610777872,121,3,0,1,0.01,0,0,1,0,1,1,1,1,0,1,1,0,0,0,0,0,0,0,0,0,0
0.832219287236689,121,4,0,1,0.01,0,0,1,0,1,1,1,1,0,1,0,0,0,0,0,0,1,0,0,0,0
-0.129405739250753,121,5,0,1,0.01,0,0,1,0,1,1,1,1,0,1,0,0,0,0,0,0,0,1,0,0,0
-1.66145324709364,121,6,0,1,0.01,0,0,1,0,1,1,1,1,0,1,0,0,0,0,0,0,0,0,1,0,0
-1.93306585108521,121,7,0,1,0.01,0,0,1,0,1,1,1,1,0,1,0,0,0,0,0,0,0,0,0,1,0
-1.56344408308765,121,8,0,1,0.01,0,0,1,0,1,1,1,1,0,1,0,0,0,0,0,0,0,0,0,0,1
0.435652298767218,121,9,0,1,0.01,0,0,1,0,1,1,1,1,0,1,0,0,0,0,0,0,0,0,0,0,0
0.596101893717072,121,10,0,1,0.01,0,0,1,0,1,1,1,1,0,1,0,0,0,0,0,0,0,0,0,0,0
-0.00487628454710876,122,1,0,2,0.0512710963760241,1,1,1,0,1,0,0,0,1,1,0,0,0,0,0,1,0,0,0,0,0
0.932905234090795,122,2,0,2,0.105170918075648,1,1,1,0,1,0,0,0,1,1,0,0,0,0,1,0,0,0,0,0,0
3.29346442659344,122,3,0,2,0.161834242728283,1,1,1,0,1,0,0,0,1,1,0,0,0,1,0,0,0,0,0,0,0
0.0850208659079379,122,4,0,2,0.22140275816017,1,1,1,0,1,0,0,0,1,1,0,0,1,0,0,0,0,0,0,0,0
1.78942219713968,122,5,0,2,0.284025416687741,1,1,1,0,1,0,0,0,1,1,0,1,0,0,0,0,0,0,0,0,0
0.00927222473137435,122,6,0,2,0.349858807576003,1,1,1,0,1,0,0,0,1,1,1,0,0,0,0,0,0,0,0,0,0
2.61847591425866,122,7,0,2,0.419067548593257,1,1,1,0,1,0,0,0,1,1,0,0,0,0,0,0,1,0,0,0,0
2.79029326867453,122,8,0,2,0.49182469764127,1,1,1,0,1,0,0,0,1,1,0,0,0,0,0,0,0,1,0,0,0
1.8632434247319,122,9,0,2,0.568312185490169,1,1,1,0,1,0,0,0,1,1,0,0,0,0,0,0,0,0,1,0,0
3.91363456590976,122,10,0,2,0.648721270700128,1,1,1,0,1,0,0,0,1,1,0,0,0,0,0,0,0,0,0,1,0
-0.869657950692034,123,1,0,2,0.0512710963760241,1,0,0,1,0,1,0,0,0,0,0,0,0,0,0,0,0,0,0,0,0
0.963271008960633,123,2,0,2,0.105170918075648,1,0,0,1,0,1,0,0,0,0,0,0,0,0,0,0,0,0,0,0,0
1.0531713117056,123,3,0,2,0.161834242728283,1,0,0,1,0,1,0,0,0,0,0,0,0,0,0,0,0,0,0,0,0
2.10792912363198,123,4,0,2,0.22140275816017,1,0,0,1,0,1,0,0,0,0,0,0,0,0,0,0,0,0,0,0,0
1.3679062281593,123,5,0,2,0.284025416687741,1,0,0,1,0,1,0,0,0,0,0,0,0,0,0,0,0,0,0,0,0
1.68980456022339,123,6,0,2,0.349858807576003,1,0,0,1,0,1,0,0,0,0,0,0,0,0,0,0,0,0,0,0,0
0.891921346051177,123,7,0,2,0.419067548593257,1,0,0,1,0,1,0,0,0,0,0,0,0,0,0,0,0,0,0,0,0
1.46972846383035,123,8,0,2,0.49182469764127,1,0,0,1,0,1,0,0,0,0,0,0,0,0,0,0,0,0,0,0,0
3.79073130342609,123,9,0,2,0.568312185490169,1,0,0,1,0,1,0,0,0,0,0,0,0,0,0,0,0,0,0,0,0
3.19954752228572,123,10,0,2,0.648721270700128,1,0,0,1,0,1,0,0,0,0,0,0,0,0,0,0,0,0,0,0,0
1.61282176080404,124,1,0,1,0.01,1,0,1,1,0,0,0,0,0,0,0,0,0,0,0,0,0,0,0,0,0
1.14122310019189,124,2,0,1,0.01,1,0,1,1,0,0,0,0,0,0,0,0,0,0,0,0,0,0,0,0,0
-0.729394364793016,124,3,0,1,0.01,1,0,1,1,0,0,0,0,0,0,0,0,0,0,0,0,0,0,0,0,0
-0.286115279370273,124,4,0,1,0.01,1,0,1,1,0,0,0,0,0,0,0,0,0,0,0,0,0,0,0,0,0
-0.427483796676321,124,5,0,1,0.01,1,0,1,1,0,0,0,0,0,0,0,0,0,0,0,0,0,0,0,0,0
-0.0758617977251412,124,6,0,1,0.01,1,0,1,1,0,0,0,0,0,0,0,0,0,0,0,0,0,0,0,0,0
-0.0752204889902167,124,7,0,1,0.01,1,0,1,1,0,0,0,0,0,0,0,0,0,0,0,0,0,0,0,0,0
-0.0857474335731533,124,8,0,1,0.01,1,0,1,1,0,0,0,0,0,0,0,0,0,0,0,0,0,0,0,0,0
-0.647365138251875,124,9,0,1,0.01,1,0,1,1,0,0,0,0,0,0,0,0,0,0,0,0,0,0,0,0,0
1.50431421590152,124,10,0,1,0.01,1,0,1,1,0,0,0,0,0,0,0,0,0,0,0,0,0,0,0,0,0
-0.69034775382162,125,1,0,3,0.127496851579376,0,1,1,0,1,0,0,0,0,1,0,0,0,0,0,1,0,0,0,0,0
1.6921786703707,125,2,0,3,0.271249150321405,0,1,1,0,1,0,0,0,0,1,0,0,0,0,1,0,0,0,0,0,0
1.83109040475211,125,3,0,3,0.43332941456034,0,1,1,0,1,0,0,0,0,1,0,0,0,1,0,0,0,0,0,0,0
2.34212267491333,125,4,0,3,0.616074402192893,0,1,1,0,1,0,0,0,0,1,0,0,1,0,0,0,0,0,0,0,0
4.09366763245005,125,5,0,3,0.822118800390509,0,1,1,0,1,0,0,0,0,1,0,1,0,0,0,0,0,0,0,0,0
4.05306084235285,125,6,0,3,1.05443321064389,0,1,1,0,1,0,0,0,0,1,1,0,0,0,0,0,0,0,0,0,0
5.91381578350446,125,7,0,3,1.31636697678109,0,1,1,0,1,0,0,0,0,1,0,0,0,0,0,0,1,0,0,0,0
8.42408650460228,125,8,0,3,1.61169647342312,0,1,1,0,1,0,0,0,0,1,0,0,0,0,0,0,0,1,0,0,0
9.96503270424242,125,9,0,3,1.94467955106552,0,1,1,0,1,0,0,0,0,1,0,0,0,0,0,0,0,0,1,0,0
9.94911584361608,125,10,0,3,2.32011692273655,0,1,1,0,1,0,0,0,0,1,0,0,0,0,0,0,0,0,0,1,0
1.26632233427483,126,1,0,2,0.0512710963760241,1,0,0,1,1,0,1,0,0,1,0,0,0,0,0,0,0,0,0,0,0
-0.0615681991240036,126,2,0,2,0.105170918075648,1,0,0,1,1,0,1,0,0,1,0,0,0,0,0,0,0,0,0,0,0
1.56549177526577,126,3,0,2,0.161834242728283,1,0,0,1,1,0,1,0,0,1,0,0,0,0,0,0,0,0,0,0,0
-0.338486764999266,126,4,0,2,0.22140275816017,1,0,0,1,1,0,1,0,0,1,0,0,0,0,0,0,0,0,0,0,0
1.14571800071921,126,5,0,2,0.284025416687741,1,0,0,1,1,0,1,0,0,1,0,0,0,0,0,0,0,0,0,0,0
3.08570814106841,126,6,0,2,0.349858807576003,1,0,0,1,1,0,1,0,0,1,0,0,0,0,0,0,0,0,0,0,0
1.56995048744606,126,7,0,2,0.419067548593257,1,0,0,1,1,0,1,0,0,1,0,0,0,0,0,0,0,0,0,0,0
2.1751441036396,126,8,0,2,0.49182469764127,1,0,0,1,1,0,1,0,0,1,0,0,0,0,0,0,0,0,0,0,0
2.50909090667211,126,9,0,2,0.568312185490169,1,0,0,1,1,0,1,0,0,1,0,0,0,0,0,0,0,0,0,0,0
4.41998458056383,126,10,0,2,0.648721270700128,1,0,0,1,1,0,1,0,0,1,0,0,0,0,0,0,0,0,0,0,0
2.31732899295121,127,1,0,1,0.01,1,1,0,1,0,1,1,1,0,1,0,0,0,0,0,0,0,0,0,0,0
0.342880451177967,127,2,0,1,0.01,1,1,0,1,0,1,1,1,0,1,0,0,0,0,0,0,0,0,0,0,0
-0.223416884635716,127,3,0,1,0.01,1,1,0,1,0,1,1,1,0,1,0,0,0,0,0,0,0,0,0,0,0
-0.882841231685729,127,4,0,1,0.01,1,1,0,1,0,1,1,1,0,1,0,0,0,0,0,0,0,0,0,0,0
0.620773074059303,127,5,0,1,0.01,1,1,0,1,0,1,1,1,0,1,0,0,0,0,0,0,0,0,0,0,0
-0.671285009588256,127,6,0,1,0.01,1,1,0,1,0,1,1,1,0,1,0,0,0,0,0,0,0,0,0,0,0
-0.766513781046537,127,7,0,1,0.01,1,1,0,1,0,1,1,1,0,1,0,0,0,0,0,0,0,0,0,0,0
0.431274367836479,127,8,0,1,0.01,1,1,0,1,0,1,1,1,0,1,0,0,0,0,0,0,0,0,0,0,0
0.906418940253947,127,9,0,1,0.01,1,1,0,1,0,1,1,1,0,1,0,0,0,0,0,0,0,0,0,0,0
0.835228725740294,127,10,0,1,0.01,1,1,0,1,0,1,1,1,0,1,0,0,0,0,0,0,0,0,0,0,0
-0.153090439646142,128,1,0,1,0.01,1,0,1,1,0,0,1,0,1,0,0,0,1,0,0,0,0,0,0,0,0
1.08731498253134,128,2,0,1,0.01,1,0,1,1,0,0,1,0,1,0,0,1,0,0,0,0,0,0,0,0,0
-1.57898824452225,128,3,0,1,0.01,1,0,1,1,0,0,1,0,1,0,1,0,0,0,0,0,0,0,0,0,0
0.472008167482991,128,4,0,1,0.01,1,0,1,1,0,0,1,0,1,0,0,0,0,0,0,0,1,0,0,0,0
0.141025502079472,128,5,0,1,0.01,1,0,1,1,0,0,1,0,1,0,0,0,0,0,0,0,0,1,0,0,0
1.66156532825649,128,6,0,1,0.01,1,0,1,1,0,0,1,0,1,0,0,0,0,0,0,0,0,0,1,0,0
1.44018661686583,128,7,0,1,0.01,1,0,1,1,0,0,1,0,1,0,0,0,0,0,0,0,0,0,0,1,0
-0.87491120811519,128,8,0,1,0.01,1,0,1,1,0,0,1,0,1,0,0,0,0,0,0,0,0,0,0,0,1
0.85838119404374,128,9,0,1,0.01,1,0,1,1,0,0,1,0,1,0,0,0,0,0,0,0,0,0,0,0,0
0.17750062613958,128,10,0,1,0.01,1,0,1,1,0,0,1,0,1,0,0,0,0,0,0,0,0,0,0,0,0
-0.45712690171009,129,1,0,2,0.0512710963760241,0,0,0,1,0,1,0,1,0,1,1,0,0,0,0,0,0,0,0,0,0
0.460997229420793,129,2,0,2,0.105170918075648,0,0,0,1,0,1,0,1,0,1,0,0,0,0,0,0,1,0,0,0,0
1.39199116738545,129,3,0,2,0.161834242728283,0,0,0,1,0,1,0,1,0,1,0,0,0,0,0,0,0,1,0,0,0
1.44208707050864,129,4,0,2,0.22140275816017,0,0,0,1,0,1,0,1,0,1,0,0,0,0,0,0,0,0,1,0,0
1.29558868277118,129,5,0,2,0.284025416687741,0,0,0,1,0,1,0,1,0,1,0,0,0,0,0,0,0,0,0,1,0
1.10477971291939,129,6,0,2,0.349858807576003,0,0,0,1,0,1,0,1,0,1,0,0,0,0,0,0,0,0,0,0,1
1.60539880783883,129,7,0,2,0.419067548593257,0,0,0,1,0,1,0,1,0,1,0,0,0,0,0,0,0,0,0,0,0
0.522652474016744,129,8,0,2,0.49182469764127,0,0,0,1,0,1,0,1,0,1,0,0,0,0,0,0,0,0,0,0,0
4.33158084104879,129,9,0,2,0.568312185490169,0,0,0,1,0,1,0,1,0,1,0,0,0,0,0,0,0,0,0,0,0
2.80686385420509,129,10,0,2,0.648721270700128,0,0,0,1,0,1,0,1,0,1,0,0,0,0,0,0,0,0,0,0,0
1.2698874349857,130,1,0,2,0.0512710963760241,0,1,1,1,1,0,0,1,0,1,0,0,0,0,0,0,0,0,0,0,0
1.98869465335281,130,2,0,2,0.105170918075648,0,1,1,1,1,0,0,1,0,1,0,0,0,0,0,0,0,0,0,0,0
-0.354776695181196,130,3,0,2,0.161834242728283,0,1,1,1,1,0,0,1,0,1,0,0,0,0,0,0,0,0,0,0,0
2.67979127856596,130,4,0,2,0.22140275816017,0,1,1,1,1,0,0,1,0,1,0,0,0,0,0,0,0,0,0,0,0
1.14232025797591,130,5,0,2,0.284025416687741,0,1,1,1,1,0,0,1,0,1,0,0,0,0,0,0,0,0,0,0,0
1.62553281641528,130,6,0,2,0.349858807576003,0,1,1,1,1,0,0,1,0,1,0,0,0,0,0,0,0,0,0,0,0
3.04840435189263,130,7,0,2,0.419067548593257,0,1,1,1,1,0,0,1,0,1,0,0,0,0,0,0,0,0,0,0,0
3.09158790832629,130,8,0,2,0.49182469764127,0,1,1,1,1,0,0,1,0,1,0,0,0,0,0,0,0,0,0,0,0
1.90013591482304,130,9,0,2,0.568312185490169,0,1,1,1,1,0,0,1,0,1,0,0,0,0,0,0,0,0,0,0,0
3.77109331437326,130,10,0,2,0.648721270700128,0,1,1,1,1,0,0,1,0,1,0,0,0,0,0,0,0,0,0,0,0
1.02825327760656,131,1,0,1,0.01,1,1,0,0,0,0,1,0,0,0,0,0,0,0,0,0,0,0,0,0,0
0.0391570026298793,131,2,0,1,0.01,1,1,0,0,0,0,1,0,0,0,0,0,0,0,0,0,0,0,0,0,0
-0.801834908179751,131,3,0,1,0.01,1,1,0,0,0,0,1,0,0,0,0,0,0,0,0,0,0,0,0,0,0
-0.931882835527666,131,4,0,1,0.01,1,1,0,0,0,0,1,0,0,0,0,0,0,0,0,0,0,0,0,0,0
2.76740694852607,131,5,0,1,0.01,1,1,0,0,0,0,1,0,0,0,0,0,0,0,0,0,0,0,0,0,0
-0.337784099420029,131,6,0,1,0.01,1,1,0,0,0,0,1,0,0,0,0,0,0,0,0,0,0,0,0,0,0
-2.05179582475374,131,7,0,1,0.01,1,1,0,0,0,0,1,0,0,0,0,0,0,0,0,0,0,0,0,0,0
-0.96022067160326,131,8,0,1,0.01,1,1,0,0,0,0,1,0,0,0,0,0,0,0,0,0,0,0,0,0,0
-0.404570158734581,131,9,0,1,0.01,1,1,0,0,0,0,1,0,0,0,0,0,0,0,0,0,0,0,0,0,0
0.386711258565634,131,10,0,1,0.01,1,1,0,0,0,0,1,0,0,0,0,0,0,0,0,0,0,0,0,0,0
0.201606932899352,132,1,0,1,0.01,0,1,1,1,1,0,1,1,1,0,0,0,0,0,0,0,0,0,0,0,0
-0.525400906008592,132,2,0,1,0.01,0,1,1,1,1,0,1,1,1,0,0,0,0,0,0,0,0,0,0,0,0
-0.977357313155712,132,3,0,1,0.01,0,1,1,1,1,0,1,1,1,0,0,0,0,0,0,0,0,0,0,0,0
0.634890065169125,132,4,0,1,0.01,0,1,1,1,1,0,1,1,1,0,0,0,0,0,0,0,0,0,0,0,0
-0.233628107849272,132,5,0,1,0.01,0,1,1,1,1,0,1,1,1,0,0,0,0,0,0,0,0,0,0,0,0
-1.14596676327539,132,6,0,1,0.01,0,1,1,1,1,0,1,1,1,0,0,0,0,0,0,0,0,0,0,0,0
0.519905421381805,132,7,0,1,0.01,0,1,1,1,1,0,1,1,1,0,0,0,0,0,0,0,0,0,0,0,0
0.436477724651107,132,8,0,1,0.01,0,1,1,1,1,0,1,1,1,0,0,0,0,0,0,0,0,0,0,0,0
0.276265718519384,132,9,0,1,0.01,0,1,1,1,1,0,1,1,1,0,0,0,0,0,0,0,0,0,0,0,0
0.807463298073238,132,10,0,1,0.01,0,1,1,1,1,0,1,1,1,0,0,0,0,0,0,0,0,0,0,0,0
0.391274594418878,133,1,0,1,0.01,0,1,1,0,1,1,0,1,0,1,0,0,0,0,0,0,0,0,0,0,0
-0.424989528576058,133,2,0,1,0.01,0,1,1,0,1,1,0,1,0,1,0,0,0,0,0,0,0,0,0,0,0
-1.88501557027541,133,3,0,1,0.01,0,1,1,0,1,1,0,1,0,1,0,0,0,0,0,0,0,0,0,0,0
-0.787533245589471,133,4,0,1,0.01,0,1,1,0,1,1,0,1,0,1,0,0,0,0,0,0,0,0,0,0,0
-1.11828195509617,133,5,0,1,0.01,0,1,1,0,1,1,0,1,0,1,0,0,0,0,0,0,0,0,0,0,0
-0.975958062927493,133,6,0,1,0.01,0,1,1,0,1,1,0,1,0,1,0,0,0,0,0,0,0,0,0,0,0
0.242300294071762,133,7,0,1,0.01,0,1,1,0,1,1,0,1,0,1,0,0,0,0,0,0,0,0,0,0,0
-0.91474593570022,133,8,0,1,0.01,0,1,1,0,1,1,0,1,0,1,0,0,0,0,0,0,0,0,0,0,0
-0.536742376176269,133,9,0,1,0.01,0,1,1,0,1,1,0,1,0,1,0,0,0,0,0,0,0,0,0,0,0
-1.11154455851964,133,10,0,1,0.01,0,1,1,0,1,1,0,1,0,1,0,0,0,0,0,0,0,0,0,0,0
-0.276451421908412,134,1,0,1,0.01,0,0,1,1,1,0,0,1,0,0,0,0,0,0,0,0,0,0,0,0,0
-0.515250706820077,134,2,0,1,0.01,0,0,1,1,1,0,0,1,0,0,0,0,0,0,0,0,0,0,0,0,0
0.811504250496918,134,3,0,1,0.01,0,0,1,1,1,0,0,1,0,0,0,0,0,0,0,0,0,0,0,0,0
0.628336427500542,134,4,0,1,0.01,0,0,1,1,1,0,0,1,0,0,0,0,0,0,0,0,0,0,0,0,0
-0.177417924589202,134,5,0,1,0.01,0,0,1,1,1,0,0,1,0,0,0,0,0,0,0,0,0,0,0,0,0
0.640909374476106,134,6,0,1,0.01,0,0,1,1,1,0,0,1,0,0,0,0,0,0,0,0,0,0,0,0,0
-0.21064301201032,134,7,0,1,0.01,0,0,1,1,1,0,0,1,0,0,0,0,0,0,0,0,0,0,0,0,0
-1.48420163543745,134,8,0,1,0.01,0,0,1,1,1,0,0,1,0,0,0,0,0,0,0,0,0,0,0,0,0
0.267413082082079,134,9,0,1,0.01,0,0,1,1,1,0,0,1,0,0,0,0,0,0,0,0,0,0,0,0,0
-0.0550584815174066,134,10,0,1,0.01,0,0,1,1,1,0,0,1,0,0,0,0,0,0,0,0,0,0,0,0,0
0.187307117156384,135,1,0,2,0.0512710963760241,0,0,0,1,0,0,0,0,0,1,0,1,0,0,0,0,0,0,0,0,0
0.757400965172623,135,2,0,2,0.105170918075648,0,0,0,1,0,0,0,0,0,1,1,0,0,0,0,0,0,0,0,0,0
0.626206008394751,135,3,0,2,0.161834242728283,0,0,0,1,0,0,0,0,0,1,0,0,0,0,0,0,1,0,0,0,0
2.2210907900307,135,4,0,2,0.22140275816017,0,0,0,1,0,0,0,0,0,1,0,0,0,0,0,0,0,1,0,0,0
0.198177731774695,135,5,0,2,0.284025416687741,0,0,0,1,0,0,0,0,0,1,0,0,0,0,0,0,0,0,1,0,0
2.62548901899284,135,6,0,2,0.349858807576003,0,0,0,1,0,0,0,0,0,1,0,0,0,0,0,0,0,0,0,1,0
1.76136205101039,135,7,0,2,0.419067548593257,0,0,0,1,0,0,0,0,0,1,0,0,0,0,0,0,0,0,0,0,1
3.04345417030306,135,8,0,2,0.49182469764127,0,0,0,1,0,0,0,0,0,1,0,0,0,0,0,0,0,0,0,0,0
2.66879592028743,135,9,0,2,0.568312185490169,0,0,0,1,0,0,0,0,0,1,0,0,0,0,0,0,0,0,0,0,0
3.8430233492795,135,10,0,2,0.648721270700128,0,0,0,1,0,0,0,0,0,1,0,0,0,0,0,0,0,0,0,0,0
0.775612400318004,136,1,0,1,0.01,0,0,1,1,0,1,0,0,1,0,1,0,0,0,0,0,0,0,0,0,0
-0.429920418706745,136,2,0,1,0.01,0,0,1,1,0,1,0,0,1,0,0,0,0,0,0,0,1,0,0,0,0
-0.599607562248868,136,3,0,1,0.01,0,0,1,1,0,1,0,0,1,0,0,0,0,0,0,0,0,1,0,0,0
-0.240741448939566,136,4,0,1,0.01,0,0,1,1,0,1,0,0,1,0,0,0,0,0,0,0,0,0,1,0,0
0.777303673560056,136,5,0,1,0.01,0,0,1,1,0,1,0,0,1,0,0,0,0,0,0,0,0,0,0,1,0
1.03206678745678,136,6,0,1,0.01,0,0,1,1,0,1,0,0,1,0,0,0,0,0,0,0,0,0,0,0,1
0.698718982125675,136,7,0,1,0.01,0,0,1,1,0,1,0,0,1,0,0,0,0,0,0,0,0,0,0,0,0
-0.184702079714129,136,8,0,1,0.01,0,0,1,1,0,1,0,0,1,0,0,0,0,0,0,0,0,0,0,0,0
1.7636002092791,136,9,0,1,0.01,0,0,1,1,0,1,0,0,1,0,0,0,0,0,0,0,0,0,0,0,0
-0.750186845402616,136,10,0,1,0.01,0,0,1,1,0,1,0,0,1,0,0,0,0,0,0,0,0,0,0,0,0
1.75614037446494,137,1,0,3,0.127496851579376,0,1,0,1,1,1,1,0,1,0,0,0,0,0,0,0,0,0,0,0,0
1.95413226832799,137,2,0,3,0.271249150321405,0,1,0,1,1,1,1,0,1,0,0,0,0,0,0,0,0,0,0,0,0
2.24484654003008,137,3,0,3,0.43332941456034,0,1,0,1,1,1,1,0,1,0,0,0,0,0,0,0,0,0,0,0,0
2.74340382606567,137,4,0,3,0.616074402192893,0,1,0,1,1,1,1,0,1,0,0,0,0,0,0,0,0,0,0,0,0
4.56502192016929,137,5,0,3,0.822118800390509,0,1,0,1,1,1,1,0,1,0,0,0,0,0,0,0,0,0,0,0,0
5.54808813981788,137,6,0,3,1.05443321064389,0,1,0,1,1,1,1,0,1,0,0,0,0,0,0,0,0,0,0,0,0
6.31391292671486,137,7,0,3,1.31636697678109,0,1,0,1,1,1,1,0,1,0,0,0,0,0,0,0,0,0,0,0,0
7.8541416274071,137,8,0,3,1.61169647342312,0,1,0,1,1,1,1,0,1,0,0,0,0,0,0,0,0,0,0,0,0
8.41179813829753,137,9,0,3,1.94467955106552,0,1,0,1,1,1,1,0,1,0,0,0,0,0,0,0,0,0,0,0,0
11.1382868373824,137,10,0,3,2.32011692273655,0,1,0,1,1,1,1,0,1,0,0,0,0,0,0,0,0,0,0,0,0
-0.307137678454364,138,1,0,2,0.0512710963760241,0,1,0,1,0,0,0,0,0,1,0,0,0,0,0,0,0,0,0,0,0
0.403955563215713,138,2,0,2,0.105170918075648,0,1,0,1,0,0,0,0,0,1,0,0,0,0,0,0,0,0,0,0,0
3.71287692582899,138,3,0,2,0.161834242728283,0,1,0,1,0,0,0,0,0,1,0,0,0,0,0,0,0,0,0,0,0
0.699278549875404,138,4,0,2,0.22140275816017,0,1,0,1,0,0,0,0,0,1,0,0,0,0,0,0,0,0,0,0,0
0.934704494897998,138,5,0,2,0.284025416687741,0,1,0,1,0,0,0,0,0,1,0,0,0,0,0,0,0,0,0,0,0
1.54963159357261,138,6,0,2,0.349858807576003,0,1,0,1,0,0,0,0,0,1,0,0,0,0,0,0,0,0,0,0,0
0.697904294088696,138,7,0,2,0.419067548593257,0,1,0,1,0,0,0,0,0,1,0,0,0,0,0,0,0,0,0,0,0
3.47028983167842,138,8,0,2,0.49182469764127,0,1,0,1,0,0,0,0,0,1,0,0,0,0,0,0,0,0,0,0,0
1.63177048498933,138,9,0,2,0.568312185490169,0,1,0,1,0,0,0,0,0,1,0,0,0,0,0,0,0,0,0,0,0
3.2783252189204,138,10,0,2,0.648721270700128,0,1,0,1,0,0,0,0,0,1,0,0,0,0,0,0,0,0,0,0,0
-0.492935154421038,139,1,0,2,0.0512710963760241,0,1,1,1,1,1,1,1,1,0,0,0,0,0,0,0,0,0,0,0,0
-0.955850092408242,139,2,0,2,0.105170918075648,0,1,1,1,1,1,1,1,1,0,0,0,0,0,0,0,0,0,0,0,0
1.0305425127856,139,3,0,2,0.161834242728283,0,1,1,1,1,1,1,1,1,0,0,0,0,0,0,0,0,0,0,0,0
-0.131559597269617,139,4,0,2,0.22140275816017,0,1,1,1,1,1,1,1,1,0,0,0,0,0,0,0,0,0,0,0,0
1.35347311351973,139,5,0,2,0.284025416687741,0,1,1,1,1,1,1,1,1,0,0,0,0,0,0,0,0,0,0,0,0
1.89174667355861,139,6,0,2,0.349858807576003,0,1,1,1,1,1,1,1,1,0,0,0,0,0,0,0,0,0,0,0,0
2.66499146009112,139,7,0,2,0.419067548593257,0,1,1,1,1,1,1,1,1,0,0,0,0,0,0,0,0,0,0,0,0
3.00973517657632,139,8,0,2,0.49182469764127,0,1,1,1,1,1,1,1,1,0,0,0,0,0,0,0,0,0,0,0,0
2.49947023526599,139,9,0,2,0.568312185490169,0,1,1,1,1,1,1,1,1,0,0,0,0,0,0,0,0,0,0,0,0
0.752140765200922,139,10,0,2,0.648721270700128,0,1,1,1,1,1,1,1,1,0,0,0,0,0,0,0,0,0,0,0,0
0.37473595322639,140,1,0,3,0.127496851579376,0,1,0,0,1,1,0,1,1,1,0,0,0,0,0,0,0,0,0,0,0
0.839999768212708,140,2,0,3,0.271249150321405,0,1,0,0,1,1,0,1,1,1,0,0,0,0,0,0,0,0,0,0,0
1.80348240760028,140,3,0,3,0.43332941456034,0,1,0,0,1,1,0,1,1,1,0,0,0,0,0,1,0,0,0,0,0
1.50374737093735,140,4,0,3,0.616074402192893,0,1,0,0,1,1,0,1,1,1,0,0,0,0,1,0,0,0,0,0,0
4.70956072927613,140,5,0,3,0.822118800390509,0,1,0,0,1,1,0,1,1,1,0,0,0,1,0,0,0,0,0,0,0
5.76300206873734,140,6,0,3,1.05443321064389,0,1,0,0,1,1,0,1,1,1,0,0,1,0,0,0,0,0,0,0,0
6.50199427914462,140,7,0,3,1.31636697678109,0,1,0,0,1,1,0,1,1,1,0,1,0,0,0,0,0,0,0,0,0
7.45932316016798,140,8,0,3,1.61169647342312,0,1,0,0,1,1,0,1,1,1,1,0,0,0,0,0,0,0,0,0,0
9.72866034602731,140,9,0,3,1.94467955106552,0,1,0,0,1,1,0,1,1,1,0,0,0,0,0,0,1,0,0,0,0
11.7111800879959,140,10,0,3,2.32011692273655,0,1,0,0,1,1,0,1,1,1,0,0,0,0,0,0,0,1,0,0,0
-0.669260520003325,141,1,0,2,0.0512710963760241,1,0,1,1,1,1,1,1,0,0,0,0,0,0,0,0,0,0,0,0,0
2.45549561136403,141,2,0,2,0.105170918075648,1,0,1,1,1,1,1,1,0,0,0,0,0,0,0,0,0,0,0,0,0
1.57919184929052,141,3,0,2,0.161834242728283,1,0,1,1,1,1,1,1,0,0,0,0,0,0,0,1,0,0,0,0,0
2.56024326995803,141,4,0,2,0.22140275816017,1,0,1,1,1,1,1,1,0,0,0,0,0,0,1,0,0,0,0,0,0
0.898279919510534,141,5,0,2,0.284025416687741,1,0,1,1,1,1,1,1,0,0,0,0,0,1,0,0,0,0,0,0,0
1.40871071963599,141,6,0,2,0.349858807576003,1,0,1,1,1,1,1,1,0,0,0,0,1,0,0,0,0,0,0,0,0
4.47893430025082,141,7,0,2,0.419067548593257,1,0,1,1,1,1,1,1,0,0,0,1,0,0,0,0,0,0,0,0,0
1.32761881462768,141,8,0,2,0.49182469764127,1,0,1,1,1,1,1,1,0,0,1,0,0,0,0,0,0,0,0,0,0
2.61834133054771,141,9,0,2,0.568312185490169,1,0,1,1,1,1,1,1,0,0,0,0,0,0,0,0,1,0,0,0,0
3.73590461055002,141,10,0,2,0.648721270700128,1,0,1,1,1,1,1,1,0,0,0,0,0,0,0,0,0,1,0,0,0
0.463078167695585,142,1,0,2,0.0512710963760241,0,0,1,1,1,0,1,0,1,0,0,0,0,0,0,0,0,0,0,0,0
1.15054957475353,142,2,0,2,0.105170918075648,0,0,1,1,1,0,1,0,1,0,0,0,0,0,0,0,0,0,0,0,0
2.10445676172759,142,3,0,2,0.161834242728283,0,0,1,1,1,0,1,0,1,0,0,0,0,0,0,0,0,0,0,0,0
0.571863387210943,142,4,0,2,0.22140275816017,0,0,1,1,1,0,1,0,1,0,0,0,0,0,0,0,0,0,0,0,0
3.20549503826851,142,5,0,2,0.284025416687741,0,0,1,1,1,0,1,0,1,0,0,0,0,0,0,0,0,0,0,0,0
1.58456896678197,142,6,0,2,0.349858807576003,0,0,1,1,1,0,1,0,1,0,0,0,0,0,0,0,0,0,0,0,0
1.83214521416794,142,7,0,2,0.419067548593257,0,0,1,1,1,0,1,0,1,0,0,0,0,0,0,0,0,0,0,0,0
3.49956617828599,142,8,0,2,0.49182469764127,0,0,1,1,1,0,1,0,1,0,0,0,0,0,0,0,0,0,0,0,0
3.80752323358521,142,9,0,2,0.568312185490169,0,0,1,1,1,0,1,0,1,0,0,0,0,0,0,0,0,0,0,0,0
3.40647330000718,142,10,0,2,0.648721270700128,0,0,1,1,1,0,1,0,1,0,0,0,0,0,0,0,0,0,0,0,0
-0.621824792145998,143,1,0,1,0.01,0,1,0,1,1,1,0,0,0,1,0,0,0,0,0,0,0,0,0,0,0
0.763249576611118,143,2,0,1,0.01,0,1,0,1,1,1,0,0,0,1,0,0,0,0,0,0,0,0,0,0,0
-0.672710780217265,143,3,0,1,0.01,0,1,0,1,1,1,0,0,0,1,0,0,0,0,0,0,0,0,0,0,0
0.123471946868459,143,4,0,1,0.01,0,1,0,1,1,1,0,0,0,1,0,0,0,0,0,0,0,0,0,0,0
0.358157825971597,143,5,0,1,0.01,0,1,0,1,1,1,0,0,0,1,0,0,0,0,0,0,0,0,0,0,0
-1.12338140064168,143,6,0,1,0.01,0,1,0,1,1,1,0,0,0,1,0,0,0,0,0,0,0,0,0,0,0
-0.0563921206322877,143,7,0,1,0.01,0,1,0,1,1,1,0,0,0,1,0,0,0,0,0,0,0,0,0,0,0
-0.0105141481200056,143,8,0,1,0.01,0,1,0,1,1,1,0,0,0,1,0,0,0,0,0,0,0,0,0,0,0
0.926134668984152,143,9,0,1,0.01,0,1,0,1,1,1,0,0,0,1,0,0,0,0,0,0,0,0,0,0,0
-0.172238618708261,143,10,0,1,0.01,0,1,0,1,1,1,0,0,0,1,0,0,0,0,0,0,0,0,0,0,0
1.7805709122847,144,1,0,2,0.0512710963760241,1,0,1,0,0,0,0,1,1,1,0,0,0,0,0,0,0,0,0,0,0
-0.124795051285455,144,2,0,2,0.105170918075648,1,0,1,0,0,0,0,1,1,1,0,0,0,0,0,0,0,0,0,0,0
1.79923636818409,144,3,0,2,0.161834242728283,1,0,1,0,0,0,0,1,1,1,0,0,0,0,0,0,0,0,0,0,0
1.47234682946284,144,4,0,2,0.22140275816017,1,0,1,0,0,0,0,1,1,1,0,0,0,0,0,0,0,0,0,0,0
0.249175254975015,144,5,0,2,0.284025416687741,1,0,1,0,0,0,0,1,1,1,0,0,0,0,0,0,0,0,0,0,0
1.85864636696604,144,6,0,2,0.349858807576003,1,0,1,0,0,0,0,1,1,1,0,0,0,0,0,0,0,0,0,0,0
1.90763200659262,144,7,0,2,0.419067548593257,1,0,1,0,0,0,0,1,1,1,0,0,0,0,0,0,0,0,0,0,0
3.01905847583233,144,8,0,2,0.49182469764127,1,0,1,0,0,0,0,1,1,1,0,0,0,0,0,0,0,0,0,0,0
2.89225453795399,144,9,0,2,0.568312185490169,1,0,1,0,0,0,0,1,1,1,0,0,0,0,0,0,0,0,0,0,0
2.56626591222625,144,10,0,2,0.648721270700128,1,0,1,0,0,0,0,1,1,1,0,0,0,0,0,0,0,0,0,0,0
-0.0393120812286885,145,1,0,1,0.01,0,0,1,0,1,1,0,0,1,0,0,0,0,0,0,0,0,0,0,0,0
-0.313611897547445,145,2,0,1,0.01,0,0,1,0,1,1,0,0,1,0,0,0,0,0,0,0,0,0,0,0,0
0.260706680921088,145,3,0,1,0.01,0,0,1,0,1,1,0,0,1,0,0,0,0,0,0,0,0,0,0,0,0
0.301249575526721,145,4,0,1,0.01,0,0,1,0,1,1,0,0,1,0,0,0,0,0,0,0,0,0,0,0,0
1.14853508825352,145,5,0,1,0.01,0,0,1,0,1,1,0,0,1,0,0,0,0,0,0,0,0,0,0,0,0
-0.38326332010799,145,6,0,1,0.01,0,0,1,0,1,1,0,0,1,0,0,0,0,0,0,0,0,0,0,0,0
0.743858501190172,145,7,0,1,0.01,0,0,1,0,1,1,0,0,1,0,0,0,0,0,0,0,0,0,0,0,0
-2.15379608619217,145,8,0,1,0.01,0,0,1,0,1,1,0,0,1,0,0,0,0,0,0,0,0,0,0,0,0
-0.38880821044117,145,9,0,1,0.01,0,0,1,0,1,1,0,0,1,0,0,0,0,0,0,0,0,0,0,0,0
0.361376742184694,145,10,0,1,0.01,0,0,1,0,1,1,0,0,1,0,0,0,0,0,0,0,0,0,0,0,0
0.183826588334225,146,1,0,2,0.0512710963760241,1,0,0,1,1,1,1,0,0,0,0,0,0,0,0,0,0,0,0,0,0
0.757893664561028,146,2,0,2,0.105170918075648,1,0,0,1,1,1,1,0,0,0,0,0,0,0,0,0,0,0,0,0,0
-0.892880020123712,146,3,0,2,0.161834242728283,1,0,0,1,1,1,1,0,0,0,0,0,0,0,0,0,0,0,0,0,0
1.0060639165244,146,4,0,2,0.22140275816017,1,0,0,1,1,1,1,0,0,0,0,0,0,0,0,0,0,0,0,0,0
1.24181339684888,146,5,0,2,0.284025416687741,1,0,0,1,1,1,1,0,0,0,0,0,0,0,0,0,0,0,0,0,0
2.09811567790158,146,6,0,2,0.349858807576003,1,0,0,1,1,1,1,0,0,0,0,0,0,0,0,0,0,0,0,0,0
1.3801757853577,146,7,0,2,0.419067548593257,1,0,0,1,1,1,1,0,0,0,0,0,0,0,0,0,0,0,0,0,0
1.08406963144258,146,8,0,2,0.49182469764127,1,0,0,1,1,1,1,0,0,0,0,0,0,0,0,0,0,0,0,0,0
1.89287132107397,146,9,0,2,0.568312185490169,1,0,0,1,1,1,1,0,0,0,0,0,0,0,0,0,0,0,0,0,0
3.72758062622503,146,10,0,2,0.648721270700128,1,0,0,1,1,1,1,0,0,0,0,0,0,0,0,0,0,0,0,0,0
-1.27806115627482,147,1,0,1,0.01,1,0,1,1,0,1,0,1,0,1,0,0,0,0,0,0,0,0,0,0,0
-1.61178511800496,147,2,0,1,0.01,1,0,1,1,0,1,0,1,0,1,0,0,0,0,0,0,0,0,0,0,0
1.36376406666694,147,3,0,1,0.01,1,0,1,1,0,1,0,1,0,1,0,0,0,0,0,0,0,0,0,0,0
1.10158824263907,147,4,0,1,0.01,1,0,1,1,0,1,0,1,0,1,0,0,0,0,0,0,0,0,0,0,0
-0.163417992118927,147,5,0,1,0.01,1,0,1,1,0,1,0,1,0,1,0,0,0,0,0,0,0,0,0,0,0
-0.40086977076821,147,6,0,1,0.01,1,0,1,1,0,1,0,1,0,1,0,0,0,0,0,0,0,0,0,0,0
-0.814458357058549,147,7,0,1,0.01,1,0,1,1,0,1,0,1,0,1,0,0,0,0,0,0,0,0,0,0,0
0.655566204058949,147,8,0,1,0.01,1,0,1,1,0,1,0,1,0,1,0,0,0,0,0,0,0,0,0,0,0
-0.546805592711437,147,9,0,1,0.01,1,0,1,1,0,1,0,1,0,1,0,0,0,0,0,0,0,0,0,0,0
0.536216924282324,147,10,0,1,0.01,1,0,1,1,0,1,0,1,0,1,0,0,0,0,0,0,0,0,0,0,0
-1.18873814644272,148,1,0,1,0.01,0,1,0,1,0,0,0,0,0,0,1,0,0,0,0,0,0,0,0,0,0
0.102427636137271,148,2,0,1,0.01,0,1,0,1,0,0,0,0,0,0,0,0,0,0,0,0,1,0,0,0,0
0.278266600729808,148,3,0,1,0.01,0,1,0,1,0,0,0,0,0,0,0,0,0,0,0,0,0,1,0,0,0
-0.757392853414725,148,4,0,1,0.01,0,1,0,1,0,0,0,0,0,0,0,0,0,0,0,0,0,0,1,0,0
0.893018169796726,148,5,0,1,0.01,0,1,0,1,0,0,0,0,0,0,0,0,0,0,0,0,0,0,0,1,0
1.12730742693121,148,6,0,1,0.01,0,1,0,1,0,0,0,0,0,0,0,0,0,0,0,0,0,0,0,0,1
1.44914088789036,148,7,0,1,0.01,0,1,0,1,0,0,0,0,0,0,0,0,0,0,0,0,0,0,0,0,0
-0.0593566678164403,148,8,0,1,0.01,0,1,0,1,0,0,0,0,0,0,0,0,0,0,0,0,0,0,0,0,0
0.0775725213769761,148,9,0,1,0.01,0,1,0,1,0,0,0,0,0,0,0,0,0,0,0,0,0,0,0,0,0
-0.000816820116359446,148,10,0,1,0.01,0,1,0,1,0,0,0,0,0,0,0,0,0,0,0,0,0,0,0,0,0
-1.01703609840832,149,1,0,1,0.01,1,0,0,1,1,0,0,1,1,0,0,0,0,0,0,0,0,0,0,0,0
-0.172095831073611,149,2,0,1,0.01,1,0,0,1,1,0,0,1,1,0,0,0,0,0,0,0,0,0,0,0,0
0.970183961147975,149,3,0,1,0.01,1,0,0,1,1,0,0,1,1,0,0,0,0,0,0,0,0,0,0,0,0
-0.0305959613907276,149,4,0,1,0.01,1,0,0,1,1,0,0,1,1,0,0,0,0,0,0,0,0,0,0,0,0
-1.71554727380362,149,5,0,1,0.01,1,0,0,1,1,0,0,1,1,0,0,0,0,0,0,0,0,0,0,0,0
-1.18089467350047,149,6,0,1,0.01,1,0,0,1,1,0,0,1,1,0,0,0,0,0,0,0,0,0,0,0,0
0.310350787944946,149,7,0,1,0.01,1,0,0,1,1,0,0,1,1,0,0,0,0,0,0,0,0,0,0,0,0
-0.998210296789228,149,8,0,1,0.01,1,0,0,1,1,0,0,1,1,0,0,0,0,0,0,0,0,0,0,0,0
0.296137204032972,149,9,0,1,0.01,1,0,0,1,1,0,0,1,1,0,0,0,0,0,0,0,0,0,0,0,0
0.206325425288205,149,10,0,1,0.01,1,0,0,1,1,0,0,1,1,0,0,0,0,0,0,0,0,0,0,0,0
-0.118523400791938,150,1,0,1,0.01,0,0,0,1,1,0,0,1,1,0,0,0,0,0,0,0,0,0,0,0,0
0.346001308655222,150,2,0,1,0.01,0,0,0,1,1,0,0,1,1,0,0,0,0,0,0,0,0,0,0,0,0
0.612019720582108,150,3,0,1,0.01,0,0,0,1,1,0,0,1,1,0,0,0,0,0,0,0,0,0,0,0,0
-1.01520364901438,150,4,0,1,0.01,0,0,0,1,1,0,0,1,1,0,0,0,0,0,0,0,0,0,0,0,0
-1.23127127394458,150,5,0,1,0.01,0,0,0,1,1,0,0,1,1,0,0,0,0,0,0,0,0,0,0,0,0
-0.198331583419987,150,6,0,1,0.01,0,0,0,1,1,0,0,1,1,0,0,0,0,0,0,0,0,0,0,0,0
0.369589407027829,150,7,0,1,0.01,0,0,0,1,1,0,0,1,1,0,0,0,0,0,0,0,0,0,0,0,0
1.1281335118767,150,8,0,1,0.01,0,0,0,1,1,0,0,1,1,0,0,0,0,0,0,0,0,0,0,0,0
-0.466171722360288,150,9,0,1,0.01,0,0,0,1,1,0,0,1,1,0,0,0,0,0,0,0,0,0,0,0,0
0.186204096296608,150,10,0,1,0.01,0,0,0,1,1,0,0,1,1,0,0,0,0,0,0,0,0,0,0,0,0
-0.664618254874884,151,1,0,1,0.01,1,1,0,1,0,1,0,1,1,0,0,1,0,0,0,0,0,0,0,0,0
-0.113765127051395,151,2,0,1,0.01,1,1,0,1,0,1,0,1,1,0,1,0,0,0,0,0,0,0,0,0,0
-1.31707989686975,151,3,0,1,0.01,1,1,0,1,0,1,0,1,1,0,0,0,0,0,0,0,1,0,0,0,0
0.370260436277544,151,4,0,1,0.01,1,1,0,1,0,1,0,1,1,0,0,0,0,0,0,0,0,1,0,0,0
0.462634821368094,151,5,0,1,0.01,1,1,0,1,0,1,0,1,1,0,0,0,0,0,0,0,0,0,1,0,0
1.57087841592406,151,6,0,1,0.01,1,1,0,1,0,1,0,1,1,0,0,0,0,0,0,0,0,0,0,1,0
-0.606386625580977,151,7,0,1,0.01,1,1,0,1,0,1,0,1,1,0,0,0,0,0,0,0,0,0,0,0,1
1.35634615064706,151,8,0,1,0.01,1,1,0,1,0,1,0,1,1,0,0,0,0,0,0,0,0,0,0,0,0
-0.0190736368718158,151,9,0,1,0.01,1,1,0,1,0,1,0,1,1,0,0,0,0,0,0,0,0,0,0,0,0
1.3788079639118,151,10,0,1,0.01,1,1,0,1,0,1,0,1,1,0,0,0,0,0,0,0,0,0,0,0,0
0.977835412733868,152,1,0,2,0.0512710963760241,1,0,0,0,0,0,1,1,0,1,0,0,0,0,0,0,0,0,0,0,0
0.405184852950921,152,2,0,2,0.105170918075648,1,0,0,0,0,0,1,1,0,1,0,0,0,0,0,0,0,0,0,0,0
0.5865831171371,152,3,0,2,0.161834242728283,1,0,0,0,0,0,1,1,0,1,0,0,0,0,0,0,0,0,0,0,0
1.94862298452406,152,4,0,2,0.22140275816017,1,0,0,0,0,0,1,1,0,1,0,0,0,0,0,0,0,0,0,0,0
-0.533108709330449,152,5,0,2,0.284025416687741,1,0,0,0,0,0,1,1,0,1,0,0,0,0,0,0,0,0,0,0,0
1.46103427305022,152,6,0,2,0.349858807576003,1,0,0,0,0,0,1,1,0,1,0,0,0,0,0,0,0,0,0,0,0
3.26562872024945,152,7,0,2,0.419067548593257,1,0,0,0,0,0,1,1,0,1,0,0,0,0,0,0,0,0,0,0,0
0.640501545063167,152,8,0,2,0.49182469764127,1,0,0,0,0,0,1,1,0,1,0,0,0,0,0,0,0,0,0,0,0
4.18877877007627,152,9,0,2,0.568312185490169,1,0,0,0,0,0,1,1,0,1,0,0,0,0,0,0,0,0,0,0,0
1.08301617860442,152,10,0,2,0.648721270700128,1,0,0,0,0,0,1,1,0,1,0,0,0,0,0,0,0,0,0,0,0
-1.66686446525845,153,1,0,2,0.0512710963760241,1,0,1,0,1,1,1,0,0,0,0,0,0,0,0,0,0,0,0,0,0
0.357754637655585,153,2,0,2,0.105170918075648,1,0,1,0,1,1,1,0,0,0,0,0,0,0,0,0,0,0,0,0,0
2.54229447190433,153,3,0,2,0.161834242728283,1,0,1,0,1,1,1,0,0,0,0,0,0,0,0,0,0,0,0,0,0
1.60935587076291,153,4,0,2,0.22140275816017,1,0,1,0,1,1,1,0,0,0,0,0,0,0,0,0,0,0,0,0,0
1.39739222459012,153,5,0,2,0.284025416687741,1,0,1,0,1,1,1,0,0,0,0,0,0,0,0,0,0,0,0,0,0
1.36301229846531,153,6,0,2,0.349858807576003,1,0,1,0,1,1,1,0,0,0,0,0,0,0,0,0,0,0,0,0,0
2.19388413369603,153,7,0,2,0.419067548593257,1,0,1,0,1,1,1,0,0,0,0,0,0,0,0,0,0,0,0,0,0
-0.228119509687128,153,8,0,2,0.49182469764127,1,0,1,0,1,1,1,0,0,0,0,0,0,0,0,0,0,0,0,0,0
3.46059634426121,153,9,0,2,0.568312185490169,1,0,1,0,1,1,1,0,0,0,0,0,0,0,0,0,0,0,0,0,0
4.1960107224688,153,10,0,2,0.648721270700128,1,0,1,0,1,1,1,0,0,0,0,0,0,0,0,0,0,0,0,0,0
-0.514833370046015,154,1,0,2,0.0512710963760241,0,1,0,0,0,0,1,1,0,0,0,0,0,0,0,0,0,0,0,0,0
-1.73046946257277,154,2,0,2,0.105170918075648,0,1,0,0,0,0,1,1,0,0,0,0,0,0,0,0,0,0,0,0,0
1.39161193592926,154,3,0,2,0.161834242728283,0,1,0,0,0,0,1,1,0,0,0,0,0,0,0,0,0,0,0,0,0
0.934159812789428,154,4,0,2,0.22140275816017,0,1,0,0,0,0,1,1,0,0,0,0,0,0,0,0,0,0,0,0,0
0.554252344812961,154,5,0,2,0.284025416687741,0,1,0,0,0,0,1,1,0,0,0,0,0,0,0,0,0,0,0,0,0
2.93465113012412,154,6,0,2,0.349858807576003,0,1,0,0,0,0,1,1,0,0,0,0,0,0,0,0,0,0,0,0,0
1.35027408418175,154,7,0,2,0.419067548593257,0,1,0,0,0,0,1,1,0,0,0,0,0,0,0,0,0,0,0,0,0
2.1080879130549,154,8,0,2,0.49182469764127,0,1,0,0,0,0,1,1,0,0,0,0,0,0,0,0,0,0,0,0,0
3.52811148350933,154,9,0,2,0.568312185490169,0,1,0,0,0,0,1,1,0,0,0,0,0,0,0,0,0,0,0,0,0
2.95371269115399,154,10,0,2,0.648721270700128,0,1,0,0,0,0,1,1,0,0,0,0,0,0,0,0,0,0,0,0,0
-0.180733612751673,155,1,0,1,0.01,1,1,0,0,0,1,1,0,1,0,0,0,0,0,0,0,0,0,0,0,0
0.313712562138614,155,2,0,1,0.01,1,1,0,0,0,1,1,0,1,0,0,0,0,0,0,0,0,0,0,0,0
1.65302505393783,155,3,0,1,0.01,1,1,0,0,0,1,1,0,1,0,0,0,0,0,0,0,0,0,0,0,0
-0.892562855534795,155,4,0,1,0.01,1,1,0,0,0,1,1,0,1,0,0,0,0,0,0,0,0,0,0,0,0
-0.218642581038062,155,5,0,1,0.01,1,1,0,0,0,1,1,0,1,0,0,0,0,0,0,0,0,0,0,0,0
0.772876544448638,155,6,0,1,0.01,1,1,0,0,0,1,1,0,1,0,0,0,0,0,0,0,0,0,0,0,0
-1.04875047900949,155,7,0,1,0.01,1,1,0,0,0,1,1,0,1,0,0,0,0,0,0,0,0,0,0,0,0
-1.12295138703553,155,8,0,1,0.01,1,1,0,0,0,1,1,0,1,0,0,0,0,0,0,0,0,0,0,0,0
0.86805543521866,155,9,0,1,0.01,1,1,0,0,0,1,1,0,1,0,0,0,0,0,0,0,0,0,0,0,0
1.49703355917941,155,10,0,1,0.01,1,1,0,0,0,1,1,0,1,0,0,0,0,0,0,0,0,0,0,0,0
0.671841939732741,156,1,0,3,0.127496851579376,1,0,1,1,0,0,1,1,1,0,0,0,0,0,0,0,0,0,0,0,0
0.153137820352851,156,2,0,3,0.271249150321405,1,0,1,1,0,0,1,1,1,0,0,0,0,0,0,0,0,0,0,0,0
2.0370460927504,156,3,0,3,0.43332941456034,1,0,1,1,0,0,1,1,1,0,0,0,0,0,0,0,0,0,0,0,0
4.69760917446047,156,4,0,3,0.616074402192893,1,0,1,1,0,0,1,1,1,0,0,0,0,0,0,0,0,0,0,0,0
4.30370788014087,156,5,0,3,0.822118800390509,1,0,1,1,0,0,1,1,1,0,0,0,0,0,0,0,0,0,0,0,0
4.23243288196604,156,6,0,3,1.05443321064389,1,0,1,1,0,0,1,1,1,0,0,0,0,0,0,0,0,0,0,0,0
6.55950981752619,156,7,0,3,1.31636697678109,1,0,1,1,0,0,1,1,1,0,0,0,0,0,0,0,0,0,0,0,0
9.34756899930844,156,8,0,3,1.61169647342312,1,0,1,1,0,0,1,1,1,0,0,0,0,0,0,0,0,0,0,0,0
10.4588877159816,156,9,0,3,1.94467955106552,1,0,1,1,0,0,1,1,1,0,0,0,0,0,0,0,0,0,0,0,0
11.7698487268531,156,10,0,3,2.32011692273655,1,0,1,1,0,0,1,1,1,0,0,0,0,0,0,0,0,0,0,0,0
0.920044044734282,157,1,0,2,0.0512710963760241,1,0,0,0,0,1,1,0,0,1,0,0,0,0,0,1,0,0,0,0,0
0.33838019329791,157,2,0,2,0.105170918075648,1,0,0,0,0,1,1,0,0,1,0,0,0,0,1,0,0,0,0,0,0
2.426820397505,157,3,0,2,0.161834242728283,1,0,0,0,0,1,1,0,0,1,0,0,0,1,0,0,0,0,0,0,0
1.3658130487065,157,4,0,2,0.22140275816017,1,0,0,0,0,1,1,0,0,1,0,0,1,0,0,0,0,0,0,0,0
0.442384799367894,157,5,0,2,0.284025416687741,1,0,0,0,0,1,1,0,0,1,0,1,0,0,0,0,0,0,0,0,0
0.817657287311485,157,6,0,2,0.349858807576003,1,0,0,0,0,1,1,0,0,1,1,0,0,0,0,0,0,0,0,0,0
1.94498149935783,157,7,0,2,0.419067548593257,1,0,0,0,0,1,1,0,0,1,0,0,0,0,0,0,1,0,0,0,0
1.22855761389746,157,8,0,2,0.49182469764127,1,0,0,0,0,1,1,0,0,1,0,0,0,0,0,0,0,1,0,0,0
2.63464343958884,157,9,0,2,0.568312185490169,1,0,0,0,0,1,1,0,0,1,0,0,0,0,0,0,0,0,1,0,0
3.73435910539478,157,10,0,2,0.648721270700128,1,0,0,0,0,1,1,0,0,1,0,0,0,0,0,0,0,0,0,1,0
-0.946389736724721,158,1,0,1,0.01,0,1,1,1,1,0,1,0,0,1,0,0,0,0,0,0,0,0,0,0,0
0.486177520408736,158,2,0,1,0.01,0,1,1,1,1,0,1,0,0,1,0,0,0,0,0,0,0,0,0,0,0
-0.811201445617145,158,3,0,1,0.01,0,1,1,1,1,0,1,0,0,1,0,0,0,0,0,0,0,0,0,0,0
0.38303830719688,158,4,0,1,0.01,0,1,1,1,1,0,1,0,0,1,0,0,0,0,0,0,0,0,0,0,0
-0.789592468766816,158,5,0,1,0.01,0,1,1,1,1,0,1,0,0,1,0,0,0,0,0,0,0,0,0,0,0
0.483674648898622,158,6,0,1,0.01,0,1,1,1,1,0,1,0,0,1,0,0,0,0,0,0,0,0,0,0,0
0.580115246063034,158,7,0,1,0.01,0,1,1,1,1,0,1,0,0,1,0,0,0,0,0,0,0,0,0,0,0
1.13771217878941,158,8,0,1,0.01,0,1,1,1,1,0,1,0,0,1,0,0,0,0,0,0,0,0,0,0,0
-0.384170550772274,158,9,0,1,0.01,0,1,1,1,1,0,1,0,0,1,0,0,0,0,0,0,0,0,0,0,0
-0.791719123621728,158,10,0,1,0.01,0,1,1,1,1,0,1,0,0,1,0,0,0,0,0,0,0,0,0,0,0
-1.16252961777563,159,1,0,1,0.01,1,1,1,0,1,1,1,0,0,1,0,0,0,0,0,0,0,0,0,0,0
-0.787131087954092,159,2,0,1,0.01,1,1,1,0,1,1,1,0,0,1,0,0,0,0,0,0,0,0,0,0,0
-0.86216702730312,159,3,0,1,0.01,1,1,1,0,1,1,1,0,0,1,0,0,0,0,0,0,0,0,0,0,0
-0.66474127481525,159,4,0,1,0.01,1,1,1,0,1,1,1,0,0,1,0,0,0,0,0,0,0,0,0,0,0
0.135592410911251,159,5,0,1,0.01,1,1,1,0,1,1,1,0,0,1,0,0,0,0,0,0,0,0,0,0,0
-0.0139491847376768,159,6,0,1,0.01,1,1,1,0,1,1,1,0,0,1,0,0,0,0,0,0,0,0,0,0,0
-0.497001108432375,159,7,0,1,0.01,1,1,1,0,1,1,1,0,0,1,0,0,0,0,0,0,0,0,0,0,0
0.837555105774981,159,8,0,1,0.01,1,1,1,0,1,1,1,0,0,1,0,0,0,0,0,0,0,0,0,0,0
-0.668005962303205,159,9,0,1,0.01,1,1,1,0,1,1,1,0,0,1,0,0,0,0,0,0,0,0,0,0,0
-0.511155356251913,159,10,0,1,0.01,1,1,1,0,1,1,1,0,0,1,0,0,0,0,0,0,0,0,0,0,0
0.280602533139614,160,1,0,3,0.127496851579376,0,1,1,0,0,0,1,1,1,0,0,0,0,0,0,0,0,0,0,0,0
1.57850148390569,160,2,0,3,0.271249150321405,0,1,1,0,0,0,1,1,1,0,0,0,0,0,0,1,0,0,0,0,0
2.8943554527455,160,3,0,3,0.43332941456034,0,1,1,0,0,0,1,1,1,0,0,0,0,0,1,0,0,0,0,0,0
3.07421333719089,160,4,0,3,0.616074402192893,0,1,1,0,0,0,1,1,1,0,0,0,0,1,0,0,0,0,0,0,0
5.1391144421777,160,5,0,3,0.822118800390509,0,1,1,0,0,0,1,1,1,0,0,0,1,0,0,0,0,0,0,0,0
4.69039195890808,160,6,0,3,1.05443321064389,0,1,1,0,0,0,1,1,1,0,0,1,0,0,0,0,0,0,0,0,0
7.88070236684391,160,7,0,3,1.31636697678109,0,1,1,0,0,0,1,1,1,0,1,0,0,0,0,0,0,0,0,0,0
7.54821062615773,160,8,0,3,1.61169647342312,0,1,1,0,0,0,1,1,1,0,0,0,0,0,0,0,1,0,0,0,0
11.4932258665859,160,9,0,3,1.94467955106552,0,1,1,0,0,0,1,1,1,0,0,0,0,0,0,0,0,1,0,0,0
11.777590474031,160,10,0,3,2.32011692273655,0,1,1,0,0,0,1,1,1,0,0,0,0,0,0,0,0,0,1,0,0
0.842656052198697,161,1,0,2,0.0512710963760241,0,1,1,0,1,0,1,0,1,1,0,0,0,0,0,0,0,0,0,0,0
1.51760312343323,161,2,0,2,0.105170918075648,0,1,1,0,1,0,1,0,1,1,0,0,0,0,0,0,0,0,0,0,0
2.20838696822147,161,3,0,2,0.161834242728283,0,1,1,0,1,0,1,0,1,1,0,0,0,0,0,0,0,0,0,0,0
1.25198636706819,161,4,0,2,0.22140275816017,0,1,1,0,1,0,1,0,1,1,0,0,0,0,0,0,0,0,0,0,0
0.514825774096756,161,5,0,2,0.284025416687741,0,1,1,0,1,0,1,0,1,1,0,0,0,0,0,0,0,0,0,0,0
1.77107688006806,161,6,0,2,0.349858807576003,0,1,1,0,1,0,1,0,1,1,0,0,0,0,0,0,0,0,0,0,0
1.61912320872172,161,7,0,2,0.419067548593257,0,1,1,0,1,0,1,0,1,1,0,0,0,0,0,0,0,0,0,0,0
3.41388930603631,161,8,0,2,0.49182469764127,0,1,1,0,1,0,1,0,1,1,0,0,0,0,0,0,0,0,0,0,0
3.78224246751619,161,9,0,2,0.568312185490169,0,1,1,0,1,0,1,0,1,1,0,0,0,0,0,0,0,0,0,0,0
0.871859656155931,161,10,0,2,0.648721270700128,0,1,1,0,1,0,1,0,1,1,0,0,0,0,0,0,0,0,0,0,0
-1.97394419647401,162,1,0,2,0.0512710963760241,0,0,1,0,1,0,0,1,1,1,0,0,0,0,0,0,0,0,0,0,0
0.952930971483016,162,2,0,2,0.105170918075648,0,0,1,0,1,0,0,1,1,1,0,0,0,0,0,0,0,0,0,0,0
-0.588331083330209,162,3,0,2,0.161834242728283,0,0,1,0,1,0,0,1,1,1,0,0,0,0,0,0,0,0,0,0,0
2.86677522470356,162,4,0,2,0.22140275816017,0,0,1,0,1,0,0,1,1,1,0,0,0,0,0,0,0,0,0,0,0
2.54964565519241,162,5,0,2,0.284025416687741,0,0,1,0,1,0,0,1,1,1,0,0,0,0,0,0,0,0,0,0,0
2.10036014183295,162,6,0,2,0.349858807576003,0,0,1,0,1,0,0,1,1,1,0,0,0,0,0,0,0,0,0,0,0
3.0839088412277,162,7,0,2,0.419067548593257,0,0,1,0,1,0,0,1,1,1,0,0,0,0,0,0,0,0,0,0,0
2.70369845443275,162,8,0,2,0.49182469764127,0,0,1,0,1,0,0,1,1,1,0,0,0,0,0,0,0,0,0,0,0
2.22022600621155,162,9,0,2,0.568312185490169,0,0,1,0,1,0,0,1,1,1,0,0,0,0,0,0,0,0,0,0,0
2.16696328849117,162,10,0,2,0.648721270700128,0,0,1,0,1,0,0,1,1,1,0,0,0,0,0,0,0,0,0,0,0
-0.0567708377441834,163,1,0,2,0.0512710963760241,0,1,1,1,1,1,1,0,0,1,0,0,0,0,0,0,0,0,0,0,0
0.225362477976527,163,2,0,2,0.105170918075648,0,1,1,1,1,1,1,0,0,1,0,0,0,0,0,0,0,0,0,0,0
2.33927184298808,163,3,0,2,0.161834242728283,0,1,1,1,1,1,1,0,0,1,0,0,0,0,0,0,0,0,0,0,0
1.34098417872439,163,4,0,2,0.22140275816017,0,1,1,1,1,1,1,0,0,1,0,0,0,0,0,0,0,0,0,0,0
2.32146683648788,163,5,0,2,0.284025416687741,0,1,1,1,1,1,1,0,0,1,0,0,0,0,0,1,0,0,0,0,0
0.799755455382767,163,6,0,2,0.349858807576003,0,1,1,1,1,1,1,0,0,1,0,0,0,0,1,0,0,0,0,0,0
0.622447352064266,163,7,0,2,0.419067548593257,0,1,1,1,1,1,1,0,0,1,0,0,0,1,0,0,0,0,0,0,0
2.64485735152589,163,8,0,2,0.49182469764127,0,1,1,1,1,1,1,0,0,1,0,0,1,0,0,0,0,0,0,0,0
2.88077534615495,163,9,0,2,0.568312185490169,0,1,1,1,1,1,1,0,0,1,0,1,0,0,0,0,0,0,0,0,0
4.41732139516212,163,10,0,2,0.648721270700128,0,1,1,1,1,1,1,0,0,1,1,0,0,0,0,0,0,0,0,0,0
0.197272160655317,164,1,0,1,0.01,0,1,0,0,0,0,0,1,1,1,0,0,0,0,0,0,0,0,0,0,0
-0.186702499399308,164,2,0,1,0.01,0,1,0,0,0,0,0,1,1,1,0,0,0,0,0,0,0,0,0,0,0
-0.728505937975981,164,3,0,1,0.01,0,1,0,0,0,0,0,1,1,1,0,0,0,0,0,0,0,0,0,0,0
0.579632854879812,164,4,0,1,0.01,0,1,0,0,0,0,0,1,1,1,0,0,0,0,0,0,0,0,0,0,0
0.247649329932333,164,5,0,1,0.01,0,1,0,0,0,0,0,1,1,1,0,0,0,0,0,0,0,0,0,0,0
0.962911306909322,164,6,0,1,0.01,0,1,0,0,0,0,0,1,1,1,0,0,0,0,0,0,0,0,0,0,0
0.610839431168943,164,7,0,1,0.01,0,1,0,0,0,0,0,1,1,1,0,0,0,0,0,0,0,0,0,0,0
0.08490064380385,164,8,0,1,0.01,0,1,0,0,0,0,0,1,1,1,0,0,0,0,0,0,0,0,0,0,0
0.412987216609259,164,9,0,1,0.01,0,1,0,0,0,0,0,1,1,1,0,0,0,0,0,0,0,0,0,0,0
-0.463848931901301,164,10,0,1,0.01,0,1,0,0,0,0,0,1,1,1,0,0,0,0,0,0,0,0,0,0,0
0.146090080907535,165,1,0,2,0.0512710963760241,0,0,1,1,1,1,0,0,0,1,0,0,0,0,0,0,0,0,0,0,0
-0.540539273450891,165,2,0,2,0.105170918075648,0,0,1,1,1,1,0,0,0,1,0,0,0,0,0,0,0,0,0,0,0
0.634288177893126,165,3,0,2,0.161834242728283,0,0,1,1,1,1,0,0,0,1,0,0,0,0,0,0,0,0,0,0,0
0.950132547414446,165,4,0,2,0.22140275816017,0,0,1,1,1,1,0,0,0,1,0,0,0,0,0,0,0,0,0,0,0
2.72327819421611,165,5,0,2,0.284025416687741,0,0,1,1,1,1,0,0,0,1,0,0,0,0,0,0,0,0,0,0,0
2.31281736546691,165,6,0,2,0.349858807576003,0,0,1,1,1,1,0,0,0,1,0,0,0,0,0,0,0,0,0,0,0
2.46016673040895,165,7,0,2,0.419067548593257,0,0,1,1,1,1,0,0,0,1,0,0,0,0,0,0,0,0,0,0,0
0.836678122918203,165,8,0,2,0.49182469764127,0,0,1,1,1,1,0,0,0,1,0,0,0,0,0,0,0,0,0,0,0
3.45397022260807,165,9,0,2,0.568312185490169,0,0,1,1,1,1,0,0,0,1,0,0,0,0,0,0,0,0,0,0,0
3.32264226861048,165,10,0,2,0.648721270700128,0,0,1,1,1,1,0,0,0,1,0,0,0,0,0,0,0,0,0,0,0
2.18056707093491,166,1,0,2,0.0512710963760241,1,1,1,1,0,1,0,1,1,0,0,0,0,0,0,0,0,0,0,0,0
0.511532626349072,166,2,0,2,0.105170918075648,1,1,1,1,0,1,0,1,1,0,0,0,0,0,0,0,0,0,0,0,0
0.546578055518018,166,3,0,2,0.161834242728283,1,1,1,1,0,1,0,1,1,0,0,0,0,0,0,0,0,0,0,0,0
0.640509829353988,166,4,0,2,0.22140275816017,1,1,1,1,0,1,0,1,1,0,0,0,0,0,0,0,0,0,0,0,0
2.82350247583669,166,5,0,2,0.284025416687741,1,1,1,1,0,1,0,1,1,0,0,0,0,0,0,0,0,0,0,0,0
1.79421804254704,166,6,0,2,0.349858807576003,1,1,1,1,0,1,0,1,1,0,0,0,0,0,0,0,0,0,0,0,0
1.60371809233711,166,7,0,2,0.419067548593257,1,1,1,1,0,1,0,1,1,0,0,0,0,0,0,0,0,0,0,0,0
2.31671353125141,166,8,0,2,0.49182469764127,1,1,1,1,0,1,0,1,1,0,0,0,0,0,0,0,0,0,0,0,0
2.8216523714487,166,9,0,2,0.568312185490169,1,1,1,1,0,1,0,1,1,0,0,0,0,0,0,0,0,0,0,0,0
3.33661656665419,166,10,0,2,0.648721270700128,1,1,1,1,0,1,0,1,1,0,0,0,0,0,0,0,0,0,0,0,0
0.358858095484392,167,1,0,2,0.0512710963760241,0,1,0,1,1,0,0,0,1,1,1,0,0,0,0,0,0,0,0,0,0
0.282693966421397,167,2,0,2,0.105170918075648,0,1,0,1,1,0,0,0,1,1,0,0,0,0,0,0,1,0,0,0,0
0.372763105633223,167,3,0,2,0.161834242728283,0,1,0,1,1,0,0,0,1,1,0,0,0,0,0,0,0,1,0,0,0
0.819793438695627,167,4,0,2,0.22140275816017,0,1,0,1,1,0,0,0,1,1,0,0,0,0,0,0,0,0,1,0,0
3.2722110863255,167,5,0,2,0.284025416687741,0,1,0,1,1,0,0,0,1,1,0,0,0,0,0,0,0,0,0,1,0
1.78740386340549,167,6,0,2,0.349858807576003,0,1,0,1,1,0,0,0,1,1,0,0,0,0,0,0,0,0,0,0,1
1.41297138857108,167,7,0,2,0.419067548593257,0,1,0,1,1,0,0,0,1,1,0,0,0,0,0,0,0,0,0,0,0
2.02768814922792,167,8,0,2,0.49182469764127,0,1,0,1,1,0,0,0,1,1,0,0,0,0,0,0,0,0,0,0,0
2.34384500804817,167,9,0,2,0.568312185490169,0,1,0,1,1,0,0,0,1,1,0,0,0,0,0,0,0,0,0,0,0
3.8244613030305,167,10,0,2,0.648721270700128,0,1,0,1,1,0,0,0,1,1,0,0,0,0,0,0,0,0,0,0,0
-0.636848386493848,168,1,0,2,0.0512710963760241,0,1,1,0,0,0,1,1,1,1,0,0,0,0,0,0,0,0,0,0,0
2.22785651307164,168,2,0,2,0.105170918075648,0,1,1,0,0,0,1,1,1,1,0,0,0,0,0,0,0,0,0,0,0
-1.19015475085378,168,3,0,2,0.161834242728283,0,1,1,0,0,0,1,1,1,1,0,0,0,0,0,0,0,0,0,0,0
1.79804403901848,168,4,0,2,0.22140275816017,0,1,1,0,0,0,1,1,1,1,0,0,0,0,0,0,0,0,0,0,0
0.0287879313297439,168,5,0,2,0.284025416687741,0,1,1,0,0,0,1,1,1,1,0,0,0,0,0,0,0,0,0,0,0
4.07538974650419,168,6,0,2,0.349858807576003,0,1,1,0,0,0,1,1,1,1,0,0,0,0,0,0,0,0,0,0,0
3.31317582456621,168,7,0,2,0.419067548593257,0,1,1,0,0,0,1,1,1,1,0,0,0,0,0,0,0,0,0,0,0
3.64849291958707,168,8,0,2,0.49182469764127,0,1,1,0,0,0,1,1,1,1,0,0,0,0,0,0,0,0,0,0,0
2.70245223900299,168,9,0,2,0.568312185490169,0,1,1,0,0,0,1,1,1,1,0,0,0,0,0,0,0,0,0,0,0
5.94409701955328,168,10,0,2,0.648721270700128,0,1,1,0,0,0,1,1,1,1,0,0,0,0,0,0,0,0,0,0,0
0.106297020434629,169,1,0,1,0.01,0,1,1,0,1,0,1,0,0,0,0,0,0,0,0,0,0,0,0,0,0
0.479532396437345,169,2,0,1,0.01,0,1,1,0,1,0,1,0,0,0,0,0,0,0,0,0,0,0,0,0,0
-0.77362087643939,169,3,0,1,0.01,0,1,1,0,1,0,1,0,0,0,0,0,0,0,0,0,0,0,0,0,0
1.53881231742193,169,4,0,1,0.01,0,1,1,0,1,0,1,0,0,0,0,0,0,0,0,0,0,0,0,0,0
1.41219540188955,169,5,0,1,0.01,0,1,1,0,1,0,1,0,0,0,0,0,0,0,0,0,0,0,0,0,0
-0.156740400018428,169,6,0,1,0.01,0,1,1,0,1,0,1,0,0,0,0,0,0,0,0,0,0,0,0,0,0
-0.324208429985278,169,7,0,1,0.01,0,1,1,0,1,0,1,0,0,0,0,0,0,0,0,0,0,0,0,0,0
-0.355146434772364,169,8,0,1,0.01,0,1,1,0,1,0,1,0,0,0,0,0,0,0,0,0,0,0,0,0,0
1.11939424174317,169,9,0,1,0.01,0,1,1,0,1,0,1,0,0,0,0,0,0,0,0,0,0,0,0,0,0
2.55450792966264,169,10,0,1,0.01,0,1,1,0,1,0,1,0,0,0,0,0,0,0,0,0,0,0,0,0,0
1.87360878060911,170,1,0,1,0.01,0,0,1,0,0,0,0,1,1,0,0,0,0,0,0,0,0,0,0,0,0
-0.34510021580706,170,2,0,1,0.01,0,0,1,0,0,0,0,1,1,0,0,0,0,0,0,0,0,0,0,0,0
-1.47087532629368,170,3,0,1,0.01,0,0,1,0,0,0,0,1,1,0,0,0,0,0,0,0,0,0,0,0,0
0.643889908408561,170,4,0,1,0.01,0,0,1,0,0,0,0,1,1,0,0,0,0,0,0,0,0,0,0,0,0
1.66034780848934,170,5,0,1,0.01,0,0,1,0,0,0,0,1,1,0,0,0,0,0,0,0,0,0,0,0,0
-0.278244187002432,170,6,0,1,0.01,0,0,1,0,0,0,0,1,1,0,0,0,0,0,0,0,0,0,0,0,0
1.25537380733145,170,7,0,1,0.01,0,0,1,0,0,0,0,1,1,0,0,0,0,0,0,0,0,0,0,0,0
-0.59710825393238,170,8,0,1,0.01,0,0,1,0,0,0,0,1,1,0,0,0,0,0,0,0,0,0,0,0,0
0.605177349410849,170,9,0,1,0.01,0,0,1,0,0,0,0,1,1,0,0,0,0,0,0,0,0,0,0,0,0
2.50225711385683,170,10,0,1,0.01,0,0,1,0,0,0,0,1,1,0,0,0,0,0,0,0,0,0,0,0,0
1.18251321433886,171,1,0,3,0.127496851579376,0,0,0,0,1,1,0,0,1,1,0,0,0,0,0,0,0,0,0,0,0
1.46383157658704,171,2,0,3,0.271249150321405,0,0,0,0,1,1,0,0,1,1,0,0,0,0,0,0,0,0,0,0,0
0.823655929973304,171,3,0,3,0.43332941456034,0,0,0,0,1,1,0,0,1,1,0,0,0,0,0,0,0,0,0,0,0
3.73473838192064,171,4,0,3,0.616074402192893,0,0,0,0,1,1,0,0,1,1,0,0,0,0,0,0,0,0,0,0,0
4.8282113572976,171,5,0,3,0.822118800390509,0,0,0,0,1,1,0,0,1,1,0,0,0,0,0,0,0,0,0,0,0
3.69862990174092,171,6,0,3,1.05443321064389,0,0,0,0,1,1,0,0,1,1,0,0,0,0,0,0,0,0,0,0,0
6.14029060372078,171,7,0,3,1.31636697678109,0,0,0,0,1,1,0,0,1,1,0,0,0,0,0,0,0,0,0,0,0
9.19589009246218,171,8,0,3,1.61169647342312,0,0,0,0,1,1,0,0,1,1,0,0,0,0,0,0,0,0,0,0,0
10.8700415017731,171,9,0,3,1.94467955106552,0,0,0,0,1,1,0,0,1,1,0,0,0,0,0,0,0,0,0,0,0
11.5943637830603,171,10,0,3,2.32011692273655,0,0,0,0,1,1,0,0,1,1,0,0,0,0,0,0,0,0,0,0,0
3.21893509040686,172,1,0,2,0.0512710963760241,1,1,1,1,0,1,1,1,0,1,0,0,0,0,0,0,0,0,0,0,0
-0.809101371387888,172,2,0,2,0.105170918075648,1,1,1,1,0,1,1,1,0,1,0,0,0,0,0,0,0,0,0,0,0
1.13139541228905,172,3,0,2,0.161834242728283,1,1,1,1,0,1,1,1,0,1,0,0,0,0,0,0,0,0,0,0,0
1.57348648033948,172,4,0,2,0.22140275816017,1,1,1,1,0,1,1,1,0,1,0,0,0,0,0,0,0,0,0,0,0
2.29531677829724,172,5,0,2,0.284025416687741,1,1,1,1,0,1,1,1,0,1,0,0,0,0,0,1,0,0,0,0,0
0.580571784353842,172,6,0,2,0.349858807576003,1,1,1,1,0,1,1,1,0,1,0,0,0,0,1,0,0,0,0,0,0
2.62198868158947,172,7,0,2,0.419067548593257,1,1,1,1,0,1,1,1,0,1,0,0,0,1,0,0,0,0,0,0,0
3.00238619454432,172,8,0,2,0.49182469764127,1,1,1,1,0,1,1,1,0,1,0,0,1,0,0,0,0,0,0,0,0
3.08675383511379,172,9,0,2,0.568312185490169,1,1,1,1,0,1,1,1,0,1,0,1,0,0,0,0,0,0,0,0,0
3.32883937005993,172,10,0,2,0.648721270700128,1,1,1,1,0,1,1,1,0,1,1,0,0,0,0,0,0,0,0,0,0
-0.0505589143388551,173,1,0,3,0.127496851579376,0,0,1,0,0,1,1,1,0,1,0,0,0,0,0,0,0,0,0,0,0
2.23231378503203,173,2,0,3,0.271249150321405,0,0,1,0,0,1,1,1,0,1,0,0,0,0,0,0,0,0,0,0,0
2.16448899187715,173,3,0,3,0.43332941456034,0,0,1,0,0,1,1,1,0,1,0,0,0,0,0,0,0,0,0,0,0
3.43779839908845,173,4,0,3,0.616074402192893,0,0,1,0,0,1,1,1,0,1,0,0,0,0,0,0,0,0,0,0,0
2.4087648822241,173,5,0,3,0.822118800390509,0,0,1,0,0,1,1,1,0,1,0,0,0,0,0,1,0,0,0,0,0
6.12583556616235,173,6,0,3,1.05443321064389,0,0,1,0,0,1,1,1,0,1,0,0,0,0,1,0,0,0,0,0,0
7.31612940527556,173,7,0,3,1.31636697678109,0,0,1,0,0,1,1,1,0,1,0,0,0,1,0,0,0,0,0,0,0
7.65301743334227,173,8,0,3,1.61169647342312,0,0,1,0,0,1,1,1,0,1,0,0,1,0,0,0,0,0,0,0,0
9.93781244092811,173,9,0,3,1.94467955106552,0,0,1,0,0,1,1,1,0,1,0,1,0,0,0,0,0,0,0,0,0
12.907303288798,173,10,0,3,2.32011692273655,0,0,1,0,0,1,1,1,0,1,1,0,0,0,0,0,0,0,0,0,0
-0.388800188129146,174,1,0,2,0.0512710963760241,1,1,0,1,0,0,0,1,1,1,0,0,0,0,0,0,0,0,0,0,0
1.27919421991773,174,2,0,2,0.105170918075648,1,1,0,1,0,0,0,1,1,1,0,0,0,0,0,0,0,0,0,0,0
1.25716154573745,174,3,0,2,0.161834242728283,1,1,0,1,0,0,0,1,1,1,0,0,0,0,0,1,0,0,0,0,0
0.0596592978520338,174,4,0,2,0.22140275816017,1,1,0,1,0,0,0,1,1,1,0,0,0,0,1,0,0,0,0,0,0
1.48235510159945,174,5,0,2,0.284025416687741,1,1,0,1,0,0,0,1,1,1,0,0,0,1,0,0,0,0,0,0,0
0.68143322250193,174,6,0,2,0.349858807576003,1,1,0,1,0,0,0,1,1,1,0,0,1,0,0,0,0,0,0,0,0
0.418843551492141,174,7,0,2,0.419067548593257,1,1,0,1,0,0,0,1,1,1,0,1,0,0,0,0,0,0,0,0,0
3.71666059674735,174,8,0,2,0.49182469764127,1,1,0,1,0,0,0,1,1,1,1,0,0,0,0,0,0,0,0,0,0
2.39336861346245,174,9,0,2,0.568312185490169,1,1,0,1,0,0,0,1,1,1,0,0,0,0,0,0,1,0,0,0,0
1.64616963530353,174,10,0,2,0.648721270700128,1,1,0,1,0,0,0,1,1,1,0,0,0,0,0,0,0,1,0,0,0
0.324358209535985,175,1,0,3,0.127496851579376,1,0,0,0,0,1,1,1,0,0,0,0,0,0,0,0,0,0,0,0,0
1.30356619793333,175,2,0,3,0.271249150321405,1,0,0,0,0,1,1,1,0,0,0,0,0,0,0,0,0,0,0,0,0
2.50029581792709,175,3,0,3,0.43332941456034,1,0,0,0,0,1,1,1,0,0,0,0,0,0,0,0,0,0,0,0,0
2.94000790594705,175,4,0,3,0.616074402192893,1,0,0,0,0,1,1,1,0,0,0,0,0,0,0,0,0,0,0,0,0
5.5102891242403,175,5,0,3,0.822118800390509,1,0,0,0,0,1,1,1,0,0,0,0,0,0,0,1,0,0,0,0,0
3.71525414202578,175,6,0,3,1.05443321064389,1,0,0,0,0,1,1,1,0,0,0,0,0,0,1,0,0,0,0,0,0
7.98048127687877,175,7,0,3,1.31636697678109,1,0,0,0,0,1,1,1,0,0,0,0,0,1,0,0,0,0,0,0,0
8.18365472286037,175,8,0,3,1.61169647342312,1,0,0,0,0,1,1,1,0,0,0,0,1,0,0,0,0,0,0,0,0
8.89447206106873,175,9,0,3,1.94467955106552,1,0,0,0,0,1,1,1,0,0,0,1,0,0,0,0,0,0,0,0,0
9.97019096269251,175,10,0,3,2.32011692273655,1,0,0,0,0,1,1,1,0,0,1,0,0,0,0,0,0,0,0,0,0
-0.528566923721249,176,1,0,2,0.0512710963760241,0,0,1,0,0,0,0,1,0,1,0,0,0,0,0,0,0,0,0,0,0
2.46872515490227,176,2,0,2,0.105170918075648,0,0,1,0,0,0,0,1,0,1,0,0,0,0,0,0,0,0,0,0,0
0.649234422514745,176,3,0,2,0.161834242728283,0,0,1,0,0,0,0,1,0,1,0,0,0,0,0,0,0,0,0,0,0
0.621533227039973,176,4,0,2,0.22140275816017,0,0,1,0,0,0,0,1,0,1,0,0,0,0,0,0,0,0,0,0,0
0.472760177318289,176,5,0,2,0.284025416687741,0,0,1,0,0,0,0,1,0,1,0,0,0,0,0,0,0,0,0,0,0
0.349650571811644,176,6,0,2,0.349858807576003,0,0,1,0,0,0,0,1,0,1,0,0,0,0,0,0,0,0,0,0,0
3.55764896235529,176,7,0,2,0.419067548593257,0,0,1,0,0,0,0,1,0,1,0,0,0,0,0,0,0,0,0,0,0
2.00984375648538,176,8,0,2,0.49182469764127,0,0,1,0,0,0,0,1,0,1,0,0,0,0,0,0,0,0,0,0,0
2.47620188484853,176,9,0,2,0.568312185490169,0,0,1,0,0,0,0,1,0,1,0,0,0,0,0,0,0,0,0,0,0
3.16822924045696,176,10,0,2,0.648721270700128,0,0,1,0,0,0,0,1,0,1,0,0,0,0,0,0,0,0,0,0,0
-0.37312111014857,177,1,0,1,0.01,1,1,1,1,1,0,1,0,0,0,0,0,0,0,0,0,0,0,0,0,0
0.241531657625655,177,2,0,1,0.01,1,1,1,1,1,0,1,0,0,0,0,0,0,0,0,0,0,0,0,0,0
1.74594660075194,177,3,0,1,0.01,1,1,1,1,1,0,1,0,0,0,0,0,0,0,0,0,0,0,0,0,0
-0.139228859741036,177,4,0,1,0.01,1,1,1,1,1,0,1,0,0,0,0,0,0,0,0,0,0,0,0,0,0
0.645021867624161,177,5,0,1,0.01,1,1,1,1,1,0,1,0,0,0,0,0,0,0,0,0,0,0,0,0,0
0.818579264073352,177,6,0,1,0.01,1,1,1,1,1,0,1,0,0,0,0,0,0,0,0,0,0,0,0,0,0
1.8586141874905,177,7,0,1,0.01,1,1,1,1,1,0,1,0,0,0,0,0,0,0,0,0,0,0,0,0,0
-0.262135689794556,177,8,0,1,0.01,1,1,1,1,1,0,1,0,0,0,0,0,0,0,0,0,0,0,0,0,0
0.365722435529689,177,9,0,1,0.01,1,1,1,1,1,0,1,0,0,0,0,0,0,0,0,0,0,0,0,0,0
0.590497627904824,177,10,0,1,0.01,1,1,1,1,1,0,1,0,0,0,0,0,0,0,0,0,0,0,0,0,0
-0.218833588536892,178,1,0,1,0.01,1,1,0,1,1,1,1,1,0,1,0,0,0,0,0,0,0,0,0,0,0
0.270872288585273,178,2,0,1,0.01,1,1,0,1,1,1,1,1,0,1,0,0,0,0,0,0,0,0,0,0,0
-0.0229859063465341,178,3,0,1,0.01,1,1,0,1,1,1,1,1,0,1,0,0,0,0,0,0,0,0,0,0,0
-0.426488916256298,178,4,0,1,0.01,1,1,0,1,1,1,1,1,0,1,0,0,0,0,0,0,0,0,0,0,0
1.22288900465622,178,5,0,1,0.01,1,1,0,1,1,1,1,1,0,1,0,0,0,0,0,0,0,0,0,0,0
-1.19646327871679,178,6,0,1,0.01,1,1,0,1,1,1,1,1,0,1,0,0,0,0,0,0,0,0,0,0,0
-0.198881016525128,178,7,0,1,0.01,1,1,0,1,1,1,1,1,0,1,0,0,0,0,0,0,0,0,0,0,0
-0.275877707277991,178,8,0,1,0.01,1,1,0,1,1,1,1,1,0,1,0,0,0,0,0,0,0,0,0,0,0
0.0180617378350233,178,9,0,1,0.01,1,1,0,1,1,1,1,1,0,1,0,0,0,0,0,0,0,0,0,0,0
-0.829993013273725,178,10,0,1,0.01,1,1,0,1,1,1,1,1,0,1,0,0,0,0,0,0,0,0,0,0,0
0.761731420672579,179,1,0,1,0.01,0,0,1,0,0,1,0,0,0,1,0,0,0,0,0,0,0,0,0,0,0
0.695761276274704,179,2,0,1,0.01,0,0,1,0,0,1,0,0,0,1,0,0,0,0,0,0,0,0,0,0,0
1.23457168391213,179,3,0,1,0.01,0,0,1,0,0,1,0,0,0,1,0,0,0,0,0,0,0,0,0,0,0
0.46545393588688,179,4,0,1,0.01,0,0,1,0,0,1,0,0,0,1,0,0,0,0,0,0,0,0,0,0,0
1.19670425696827,179,5,0,1,0.01,0,0,1,0,0,1,0,0,0,1,0,0,0,0,0,0,0,0,0,0,0
2.14689315658159,179,6,0,1,0.01,0,0,1,0,0,1,0,0,0,1,0,0,0,0,0,0,0,0,0,0,0
1.70235760744234,179,7,0,1,0.01,0,0,1,0,0,1,0,0,0,1,0,0,0,0,0,0,0,0,0,0,0
-0.783111776070646,179,8,0,1,0.01,0,0,1,0,0,1,0,0,0,1,0,0,0,0,0,0,0,0,0,0,0
-1.62464160625549,179,9,0,1,0.01,0,0,1,0,0,1,0,0,0,1,0,0,0,0,0,0,0,0,0,0,0
2.20394419186033,179,10,0,1,0.01,0,0,1,0,0,1,0,0,0,1,0,0,0,0,0,0,0,0,0,0,0
0.503184324268285,180,1,0,2,0.0512710963760241,0,1,0,1,1,0,1,0,0,1,0,0,0,0,0,0,0,0,0,0,0
1.63769448093843,180,2,0,2,0.105170918075648,0,1,0,1,1,0,1,0,0,1,0,0,0,0,0,0,0,0,0,0,0
-1.51155958627128,180,3,0,2,0.161834242728283,0,1,0,1,1,0,1,0,0,1,0,0,0,0,0,0,0,0,0,0,0
2.29793031301574,180,4,0,2,0.22140275816017,0,1,0,1,1,0,1,0,0,1,0,0,0,0,0,0,0,0,0,0,0
0.101547390812279,180,5,0,2,0.284025416687741,0,1,0,1,1,0,1,0,0,1,0,0,0,0,0,0,0,0,0,0,0
0.468621379479395,180,6,0,2,0.349858807576003,0,1,0,1,1,0,1,0,0,1,0,0,0,0,0,0,0,0,0,0,0
2.03158532389114,180,7,0,2,0.419067548593257,0,1,0,1,1,0,1,0,0,1,0,0,0,0,0,0,0,0,0,0,0
3.63184533552678,180,8,0,2,0.49182469764127,0,1,0,1,1,0,1,0,0,1,0,0,0,0,0,0,0,0,0,0,0
2.75177156474784,180,9,0,2,0.568312185490169,0,1,0,1,1,0,1,0,0,1,0,0,0,0,0,0,0,0,0,0,0
3.69735616172713,180,10,0,2,0.648721270700128,0,1,0,1,1,0,1,0,0,1,0,0,0,0,0,0,0,0,0,0,0
0.0139704858066999,181,1,0,1,0.01,1,1,0,1,0,0,0,1,0,0,0,0,0,0,0,0,0,0,0,0,0
-0.374715426276387,181,2,0,1,0.01,1,1,0,1,0,0,0,1,0,0,0,0,0,0,0,0,0,0,0,0,0
-0.419284099757093,181,3,0,1,0.01,1,1,0,1,0,0,0,1,0,0,0,0,0,0,0,0,0,0,0,0,0
1.07101636354664,181,4,0,1,0.01,1,1,0,1,0,0,0,1,0,0,0,0,0,0,0,0,0,0,0,0,0
-0.915024859005678,181,5,0,1,0.01,1,1,0,1,0,0,0,1,0,0,0,0,0,0,0,0,0,0,0,0,0
-1.24613525677294,181,6,0,1,0.01,1,1,0,1,0,0,0,1,0,0,0,0,0,0,0,0,0,0,0,0,0
0.605268595972352,181,7,0,1,0.01,1,1,0,1,0,0,0,1,0,0,0,0,0,0,0,0,0,0,0,0,0
-0.229880952522551,181,8,0,1,0.01,1,1,0,1,0,0,0,1,0,0,0,0,0,0,0,0,0,0,0,0,0
-0.390958850679937,181,9,0,1,0.01,1,1,0,1,0,0,0,1,0,0,0,0,0,0,0,0,0,0,0,0,0
-1.15644956672136,181,10,0,1,0.01,1,1,0,1,0,0,0,1,0,0,0,0,0,0,0,0,0,0,0,0,0
-0.983247071932194,182,1,0,1,0.01,1,0,0,0,1,0,0,1,1,1,0,0,0,0,0,0,0,0,0,0,0
2.67177651549917,182,2,0,1,0.01,1,0,0,0,1,0,0,1,1,1,0,0,0,0,0,0,0,0,0,0,0
-0.0667592601288619,182,3,0,1,0.01,1,0,0,0,1,0,0,1,1,1,0,0,0,0,0,0,0,0,0,0,0
-0.387188249427756,182,4,0,1,0.01,1,0,0,0,1,0,0,1,1,1,0,0,0,0,0,0,0,0,0,0,0
-0.0254985159332747,182,5,0,1,0.01,1,0,0,0,1,0,0,1,1,1,0,0,0,0,0,0,0,0,0,0,0
-0.496359615503214,182,6,0,1,0.01,1,0,0,0,1,0,0,1,1,1,0,0,0,0,0,0,0,0,0,0,0
0.0331898574697916,182,7,0,1,0.01,1,0,0,0,1,0,0,1,1,1,0,0,0,0,0,0,0,0,0,0,0
1.80976923000867,182,8,0,1,0.01,1,0,0,0,1,0,0,1,1,1,0,0,0,0,0,0,0,0,0,0,0
1.3488965369514,182,9,0,1,0.01,1,0,0,0,1,0,0,1,1,1,0,0,0,0,0,0,0,0,0,0,0
0.916848981960043,182,10,0,1,0.01,1,0,0,0,1,0,0,1,1,1,0,0,0,0,0,0,0,0,0,0,0
-1.96903788366224,183,1,0,1,0.01,1,1,0,1,1,1,1,1,0,1,0,0,0,0,0,0,0,0,0,0,0
1.66406887427281,183,2,0,1,0.01,1,1,0,1,1,1,1,1,0,1,0,0,0,0,0,0,0,0,0,0,0
-1.60906882407418,183,3,0,1,0.01,1,1,0,1,1,1,1,1,0,1,0,0,0,0,0,0,0,0,0,0,0
0.883765823634012,183,4,0,1,0.01,1,1,0,1,1,1,1,1,0,1,0,0,0,0,0,0,0,0,0,0,0
-0.200138427775681,183,5,0,1,0.01,1,1,0,1,1,1,1,1,0,1,0,0,0,0,0,0,0,0,0,0,0
1.18998801579258,183,6,0,1,0.01,1,1,0,1,1,1,1,1,0,1,0,0,0,0,0,0,0,0,0,0,0
0.684203024440719,183,7,0,1,0.01,1,1,0,1,1,1,1,1,0,1,0,0,0,0,0,0,0,0,0,0,0
1.95017459350914,183,8,0,1,0.01,1,1,0,1,1,1,1,1,0,1,0,0,0,0,0,0,0,0,0,0,0
0.367339299742029,183,9,0,1,0.01,1,1,0,1,1,1,1,1,0,1,0,0,0,0,0,0,0,0,0,0,0
-0.20023517313189,183,10,0,1,0.01,1,1,0,1,1,1,1,1,0,1,0,0,0,0,0,0,0,0,0,0,0
-0.665105047992909,184,1,0,1,0.01,1,0,1,1,0,1,0,0,0,1,0,0,0,0,0,0,0,0,0,0,0
0.686938275380125,184,2,0,1,0.01,1,0,1,1,0,1,0,0,0,1,0,0,0,0,0,0,0,0,0,0,0
-2.09276848063393,184,3,0,1,0.01,1,0,1,1,0,1,0,0,0,1,0,0,0,0,0,0,0,0,0,0,0
-1.94404834094745,184,4,0,1,0.01,1,0,1,1,0,1,0,0,0,1,0,0,0,0,0,0,0,0,0,0,0
0.896239536073822,184,5,0,1,0.01,1,0,1,1,0,1,0,0,0,1,0,0,0,0,0,0,0,0,0,0,0
1.6452708221944,184,6,0,1,0.01,1,0,1,1,0,1,0,0,0,1,0,0,0,0,0,0,0,0,0,0,0
0.0290434983169983,184,7,0,1,0.01,1,0,1,1,0,1,0,0,0,1,0,0,0,0,0,0,0,0,0,0,0
1.98119993901803,184,8,0,1,0.01,1,0,1,1,0,1,0,0,0,1,0,0,0,0,0,0,0,0,0,0,0
-1.15319736887822,184,9,0,1,0.01,1,0,1,1,0,1,0,0,0,1,0,0,0,0,0,0,0,0,0,0,0
1.04926667644112,184,10,0,1,0.01,1,0,1,1,0,1,0,0,0,1,0,0,0,0,0,0,0,0,0,0,0
-1.09968410410644,185,1,0,2,0.0512710963760241,1,0,1,1,0,1,0,0,0,1,0,0,0,0,0,0,0,0,0,0,0
-1.61547238838787,185,2,0,2,0.105170918075648,1,0,1,1,0,1,0,0,0,1,0,0,0,0,0,0,0,0,0,0,0
0.55768804361929,185,3,0,2,0.161834242728283,1,0,1,1,0,1,0,0,0,1,0,0,0,0,0,0,0,0,0,0,0
-0.22095712643742,185,4,0,2,0.22140275816017,1,0,1,1,0,1,0,0,0,1,0,0,0,0,0,0,0,0,0,0,0
1.41457887172483,185,5,0,2,0.284025416687741,1,0,1,1,0,1,0,0,0,1,0,0,0,0,0,0,0,0,0,0,0
2.45953398275201,185,6,0,2,0.349858807576003,1,0,1,1,0,1,0,0,0,1,0,0,0,0,0,0,0,0,0,0,0
3.22201109075244,185,7,0,2,0.419067548593257,1,0,1,1,0,1,0,0,0,1,0,0,0,0,0,0,0,0,0,0,0
3.13628136132508,185,8,0,2,0.49182469764127,1,0,1,1,0,1,0,0,0,1,0,0,0,0,0,0,0,0,0,0,0
3.01226714331676,185,9,0,2,0.568312185490169,1,0,1,1,0,1,0,0,0,1,0,0,0,0,0,0,0,0,0,0,0
4.49296927801263,185,10,0,2,0.648721270700128,1,0,1,1,0,1,0,0,0,1,0,0,0,0,0,0,0,0,0,0,0
-0.646491192791068,186,1,0,1,0.01,1,0,0,1,1,1,0,0,1,1,0,0,0,0,0,0,0,0,0,0,0
1.44976147532761,186,2,0,1,0.01,1,0,0,1,1,1,0,0,1,1,0,0,0,0,0,0,0,0,0,0,0
-0.0201348439911727,186,3,0,1,0.01,1,0,0,1,1,1,0,0,1,1,0,0,0,0,0,0,0,0,0,0,0
-1.81897115353939,186,4,0,1,0.01,1,0,0,1,1,1,0,0,1,1,0,0,0,0,0,0,0,0,0,0,0
0.979867840000784,186,5,0,1,0.01,1,0,0,1,1,1,0,0,1,1,0,0,0,0,0,0,0,0,0,0,0
0.628125398306157,186,6,0,1,0.01,1,0,0,1,1,1,0,0,1,1,0,0,0,0,0,0,0,0,0,0,0
0.374824134643932,186,7,0,1,0.01,1,0,0,1,1,1,0,0,1,1,0,0,0,0,0,0,0,0,0,0,0
-0.192429791296853,186,8,0,1,0.01,1,0,0,1,1,1,0,0,1,1,0,0,0,0,0,0,0,0,0,0,0
-1.95430732011427,186,9,0,1,0.01,1,0,0,1,1,1,0,0,1,1,0,0,0,0,0,0,0,0,0,0,0
0.15621306151561,186,10,0,1,0.01,1,0,0,1,1,1,0,0,1,1,0,0,0,0,0,0,0,0,0,0,0
0.0542797054029854,187,1,0,1,0.01,1,0,1,0,1,1,1,0,0,1,0,0,0,0,0,0,0,0,0,0,0
-0.855937795133183,187,2,0,1,0.01,1,0,1,0,1,1,1,0,0,1,0,0,0,0,0,0,0,0,0,0,0
0.483059281476479,187,3,0,1,0.01,1,0,1,0,1,1,1,0,0,1,0,0,0,0,0,0,0,0,0,0,0
-0.931158913179842,187,4,0,1,0.01,1,0,1,0,1,1,1,0,0,1,0,0,0,0,0,0,0,0,0,0,0
1.08543445396456,187,5,0,1,0.01,1,0,1,0,1,1,1,0,0,1,0,0,0,0,0,0,0,0,0,0,0
-0.00254379725347063,187,6,0,1,0.01,1,0,1,0,1,1,1,0,0,1,0,0,0,0,0,0,0,0,0,0,0
-0.866863972365648,187,7,0,1,0.01,1,0,1,0,1,1,1,0,0,1,0,0,0,0,0,0,0,0,0,0,0
-0.364716796850624,187,8,0,1,0.01,1,0,1,0,1,1,1,0,0,1,0,0,0,0,0,0,0,0,0,0,0
0.451560353979535,187,9,0,1,0.01,1,0,1,0,1,1,1,0,0,1,0,0,0,0,0,0,0,0,0,0,0
-1.48708963095678,187,10,0,1,0.01,1,0,1,0,1,1,1,0,0,1,0,0,0,0,0,0,0,0,0,0,0
-0.51912352278968,188,1,0,2,0.0512710963760241,1,0,0,1,0,1,1,1,1,1,0,0,0,0,0,0,0,0,0,0,0
1.71419449741388,188,2,0,2,0.105170918075648,1,0,0,1,0,1,1,1,1,1,0,0,0,0,0,0,0,0,0,0,0
0.393410101656563,188,3,0,2,0.161834242728283,1,0,0,1,0,1,1,1,1,1,0,0,0,0,0,0,0,0,0,0,0
0.742171724487734,188,4,0,2,0.22140275816017,1,0,0,1,0,1,1,1,1,1,0,0,0,0,0,0,0,0,0,0,0
1.54360474507857,188,5,0,2,0.284025416687741,1,0,0,1,0,1,1,1,1,1,0,0,0,0,0,0,0,0,0,0,0
0.635598495778817,188,6,0,2,0.349858807576003,1,0,0,1,0,1,1,1,1,1,0,0,0,0,0,0,0,0,0,0,0
1.74825749848947,188,7,0,2,0.419067548593257,1,0,0,1,0,1,1,1,1,1,0,0,0,0,0,0,0,0,0,0,0
2.75636182333075,188,8,0,2,0.49182469764127,1,0,0,1,0,1,1,1,1,1,0,0,0,0,0,0,0,0,0,0,0
1.6920191215529,188,9,0,2,0.568312185490169,1,0,0,1,0,1,1,1,1,1,0,0,0,0,0,0,0,0,0,0,0
3.47603834357449,188,10,0,2,0.648721270700128,1,0,0,1,0,1,1,1,1,1,0,0,0,0,0,0,0,0,0,0,0
1.0005942632712,189,1,0,1,0.01,0,0,1,0,0,0,0,0,1,0,0,0,0,0,0,0,0,0,0,0,0
0.204143286478415,189,2,0,1,0.01,0,0,1,0,0,0,0,0,1,0,0,0,0,0,0,0,0,0,0,0,0
1.03336631128802,189,3,0,1,0.01,0,0,1,0,0,0,0,0,1,0,0,0,0,0,0,0,0,0,0,0,0
1.93018100642584,189,4,0,1,0.01,0,0,1,0,0,0,0,0,1,0,0,0,0,0,0,0,0,0,0,0,0
-0.898268318819162,189,5,0,1,0.01,0,0,1,0,0,0,0,0,1,0,0,0,0,0,0,0,0,0,0,0,0
0.142479728989232,189,6,0,1,0.01,0,0,1,0,0,0,0,0,1,0,0,0,0,0,0,0,0,0,0,0,0
0.174877158257442,189,7,0,1,0.01,0,0,1,0,0,0,0,0,1,0,0,0,0,0,0,0,0,0,0,0,0
-0.470633781137412,189,8,0,1,0.01,0,0,1,0,0,0,0,0,1,0,0,0,0,0,0,0,0,0,0,0,0
0.25566922958135,189,9,0,1,0.01,0,0,1,0,0,0,0,0,1,0,0,0,0,0,0,0,0,0,0,0,0
-0.292320286499719,189,10,0,1,0.01,0,0,1,0,0,0,0,0,1,0,0,0,0,0,0,0,0,0,0,0,0
1.12696280940181,190,1,0,2,0.0512710963760241,0,0,0,0,0,0,0,0,0,1,0,0,0,0,0,0,0,0,0,0,0
0.0988456457457804,190,2,0,2,0.105170918075648,0,0,0,0,0,0,0,0,0,1,0,0,0,0,0,0,0,0,0,0,0
-0.470520846577827,190,3,0,2,0.161834242728283,0,0,0,0,0,0,0,0,0,1,0,0,0,0,0,1,0,0,0,0,0
0.111093940304288,190,4,0,2,0.22140275816017,0,0,0,0,0,0,0,0,0,1,0,0,0,0,1,0,0,0,0,0,0
2.55043164394529,190,5,0,2,0.284025416687741,0,0,0,0,0,0,0,0,0,1,0,0,0,1,0,0,0,0,0,0,0
2.97323135294098,190,6,0,2,0.349858807576003,0,0,0,0,0,0,0,0,0,1,0,0,1,0,0,0,0,0,0,0,0
2.31637415302363,190,7,0,2,0.419067548593257,0,0,0,0,0,0,0,0,0,1,0,1,0,0,0,0,0,0,0,0,0
3.57354527944271,190,8,0,2,0.49182469764127,0,0,0,0,0,0,0,0,0,1,1,0,0,0,0,0,0,0,0,0,0
3.40767268434277,190,9,0,2,0.568312185490169,0,0,0,0,0,0,0,0,0,1,0,0,0,0,0,0,1,0,0,0,0
1.82337871038624,190,10,0,2,0.648721270700128,0,0,0,0,0,0,0,0,0,1,0,0,0,0,0,0,0,1,0,0,0
-0.727510284537329,191,1,0,1,0.01,0,0,0,1,0,0,1,0,0,1,0,0,0,0,0,0,0,0,0,0,0
-1.46904531422869,191,2,0,1,0.01,0,0,0,1,0,0,1,0,0,1,0,0,0,0,0,0,0,0,0,0,0
-1.16511789023989,191,3,0,1,0.01,0,0,0,1,0,0,1,0,0,1,0,0,0,0,0,0,0,0,0,0,0
-0.0906996293696603,191,4,0,1,0.01,0,0,0,1,0,0,1,0,0,1,0,0,0,0,0,0,0,0,0,0,0
-0.420926225095817,191,5,0,1,0.01,0,0,0,1,0,0,1,0,0,1,0,0,0,0,0,0,0,0,0,0,0
-0.444340936195621,191,6,0,1,0.01,0,0,0,1,0,0,1,0,0,1,0,0,0,0,0,0,0,0,0,0,0
0.952821387126132,191,7,0,1,0.01,0,0,0,1,0,0,1,0,0,1,0,0,0,0,0,0,0,0,0,0,0
1.29855502250716,191,8,0,1,0.01,0,0,0,1,0,0,1,0,0,1,0,0,0,0,0,0,0,0,0,0,0
-0.0970600802149382,191,9,0,1,0.01,0,0,0,1,0,0,1,0,0,1,0,0,0,0,0,0,0,0,0,0,0
-0.158969423252316,191,10,0,1,0.01,0,0,0,1,0,0,1,0,0,1,0,0,0,0,0,0,0,0,0,0,0
-1.5136543049294,192,1,0,1,0.01,0,1,1,0,0,1,0,0,0,1,0,0,0,0,0,0,0,0,0,0,0
1.08259025234173,192,2,0,1,0.01,0,1,1,0,0,1,0,0,0,1,0,0,0,0,0,0,0,0,0,0,0
0.62376774683701,192,3,0,1,0.01,0,1,1,0,0,1,0,0,0,1,0,0,0,0,0,0,0,0,0,0,0
0.480752087251352,192,4,0,1,0.01,0,1,1,0,0,1,0,0,0,1,0,0,0,0,0,0,0,0,0,0,0
0.177310212954402,192,5,0,1,0.01,0,1,1,0,0,1,0,0,0,1,0,0,0,0,0,0,0,0,0,0,0
-0.0567294066464125,192,6,0,1,0.01,0,1,1,0,0,1,0,0,0,1,0,0,0,0,0,0,0,0,0,0,0
0.111578004651771,192,7,0,1,0.01,0,1,1,0,0,1,0,0,0,1,0,0,0,0,0,0,0,0,0,0,0
0.702032928791223,192,8,0,1,0.01,0,1,1,0,0,1,0,0,0,1,0,0,0,0,0,0,0,0,0,0,0
0.275907161143947,192,9,0,1,0.01,0,1,1,0,0,1,0,0,0,1,0,0,0,0,0,0,0,0,0,0,0
-0.301699543785625,192,10,0,1,0.01,0,1,1,0,0,1,0,0,0,1,0,0,0,0,0,0,0,0,0,0,0
0.652171444220682,193,1,0,1,0.01,0,0,0,1,0,0,1,1,1,1,0,0,0,0,0,0,0,0,0,0,0
0.688894387075983,193,2,0,1,0.01,0,0,0,1,0,0,1,1,1,1,0,0,0,0,0,0,0,0,0,0,0
0.657702795786594,193,3,0,1,0.01,0,0,0,1,0,0,1,1,1,1,0,0,0,0,0,0,0,0,0,0,0
-1.12962541877951,193,4,0,1,0.01,0,0,0,1,0,0,1,1,1,1,0,0,0,0,0,0,0,0,0,0,0
-0.502119512081001,193,5,0,1,0.01,0,0,0,1,0,0,1,1,1,1,0,0,0,0,0,0,0,0,0,0,0
0.877394290129344,193,6,0,1,0.01,0,0,0,1,0,0,1,1,1,1,0,0,0,0,0,0,0,0,0,0,0
0.268828576778699,193,7,0,1,0.01,0,0,0,1,0,0,1,1,1,1,0,0,0,0,0,0,0,0,0,0,0
-0.813295465571923,193,8,0,1,0.01,0,0,0,1,0,0,1,1,1,1,0,0,0,0,0,0,0,0,0,0,0
-0.981599096694767,193,9,0,1,0.01,0,0,0,1,0,0,1,1,1,1,0,0,0,0,0,0,0,0,0,0,0
0.0812407657378637,193,10,0,1,0.01,0,0,0,1,0,0,1,1,1,1,0,0,0,0,0,0,0,0,0,0,0
0.604895433416962,194,1,0,2,0.0512710963760241,1,0,1,1,0,0,1,0,0,1,0,0,0,0,0,0,0,0,0,0,0
1.24043080937161,194,2,0,2,0.105170918075648,1,0,1,1,0,0,1,0,0,1,0,0,0,0,0,0,0,0,0,0,0
0.884694405562571,194,3,0,2,0.161834242728283,1,0,1,1,0,0,1,0,0,1,0,0,0,0,0,0,0,0,0,0,0
1.87315217573155,194,4,0,2,0.22140275816017,1,0,1,1,0,0,1,0,0,1,0,0,0,0,0,0,0,0,0,0,0
1.72467347863544,194,5,0,2,0.284025416687741,1,0,1,1,0,0,1,0,0,1,0,0,0,0,0,0,0,0,0,0,0
1.43989066533085,194,6,0,2,0.349858807576003,1,0,1,1,0,0,1,0,0,1,0,0,0,0,0,0,0,0,0,0,0
1.29840950683654,194,7,0,2,0.419067548593257,1,0,1,1,0,0,1,0,0,1,0,0,0,0,0,0,0,0,0,0,0
3.66017840747746,194,8,0,2,0.49182469764127,1,0,1,1,0,0,1,0,0,1,0,0,0,0,0,0,0,0,0,0,0
3.49429137296461,194,9,0,2,0.568312185490169,1,0,1,1,0,0,1,0,0,1,0,0,0,0,0,0,0,0,0,0,0
3.79949246855312,194,10,0,2,0.648721270700128,1,0,1,1,0,0,1,0,0,1,0,0,0,0,0,0,0,0,0,0,0
-0.444477830383622,195,1,0,1,0.01,1,0,0,1,0,1,0,0,0,1,0,0,0,0,0,0,0,0,0,0,0
0.0391089251166442,195,2,0,1,0.01,1,0,0,1,0,1,0,0,0,1,0,0,0,0,0,0,0,0,0,0,0
-0.326178776963349,195,3,0,1,0.01,1,0,0,1,0,1,0,0,0,1,0,0,0,0,0,0,0,0,0,0,0
1.85116068948625,195,4,0,1,0.01,1,0,0,1,0,1,0,0,0,1,0,0,0,0,0,0,0,0,0,0,0
1.57618794827526,195,5,0,1,0.01,1,0,0,1,0,1,0,0,0,1,0,0,0,0,0,0,0,0,0,0,0
-1.57332898829923,195,6,0,1,0.01,1,0,0,1,0,1,0,0,0,1,0,0,0,0,0,0,0,0,0,0,0
0.26410022564623,195,7,0,1,0.01,1,0,0,1,0,1,0,0,0,1,0,0,0,0,0,0,0,0,0,0,0
0.699546052932016,195,8,0,1,0.01,1,0,0,1,0,1,0,0,0,1,0,0,0,0,0,0,0,0,0,0,0
-0.578989856887041,195,9,0,1,0.01,1,0,0,1,0,1,0,0,0,1,0,0,0,0,0,0,0,0,0,0,0
0.17863168936642,195,10,0,1,0.01,1,0,0,1,0,1,0,0,0,1,0,0,0,0,0,0,0,0,0,0,0
0.92093896584657,196,1,0,3,0.127496851579376,0,0,0,1,0,0,0,0,0,1,0,0,0,1,0,0,0,0,0,0,0
1.82398264959869,196,2,0,3,0.271249150321405,0,0,0,1,0,0,0,0,0,1,0,0,1,0,0,0,0,0,0,0,0
3.23399477854178,196,3,0,3,0.43332941456034,0,0,0,1,0,0,0,0,0,1,0,1,0,0,0,0,0,0,0,0,0
6.60303638863688,196,4,0,3,0.616074402192893,0,0,0,1,0,0,0,0,0,1,1,0,0,0,0,0,0,0,0,0,0
2.09049692943169,196,5,0,3,0.822118800390509,0,0,0,1,0,0,0,0,0,1,0,0,0,0,0,0,1,0,0,0,0
5.5050080926992,196,6,0,3,1.05443321064389,0,0,0,1,0,0,0,0,0,1,0,0,0,0,0,0,0,1,0,0,0
5.94378550962425,196,7,0,3,1.31636697678109,0,0,0,1,0,0,0,0,0,1,0,0,0,0,0,0,0,0,1,0,0
8.67962764919888,196,8,0,3,1.61169647342312,0,0,0,1,0,0,0,0,0,1,0,0,0,0,0,0,0,0,0,1,0
9.56788335826192,196,9,0,3,1.94467955106552,0,0,0,1,0,0,0,0,0,1,0,0,0,0,0,0,0,0,0,0,1
10.4645364349383,196,10,0,3,2.32011692273655,0,0,0,1,0,0,0,0,0,1,0,0,0,0,0,0,0,0,0,0,0
-0.96985265335145,197,1,0,2,0.0512710963760241,1,0,1,1,0,1,0,0,1,0,0,0,0,0,0,0,0,0,0,0,0
0.024992129390731,197,2,0,2,0.105170918075648,1,0,1,1,0,1,0,0,1,0,0,0,0,0,0,0,0,0,0,0,0
-0.0251725684841339,197,3,0,2,0.161834242728283,1,0,1,1,0,1,0,0,1,0,0,0,0,0,0,0,0,0,0,0,0
1.64439738765444,197,4,0,2,0.22140275816017,1,0,1,1,0,1,0,0,1,0,0,0,0,0,0,0,0,0,0,0,0
0.906035648007637,197,5,0,2,0.284025416687741,1,0,1,1,0,1,0,0,1,0,0,0,0,0,0,0,0,0,0,0,0
1.66263427922209,197,6,0,2,0.349858807576003,1,0,1,1,0,1,0,0,1,0,0,0,0,0,0,0,0,0,0,0,0
0.663514261473573,197,7,0,2,0.419067548593257,1,0,1,1,0,1,0,0,1,0,0,0,0,0,0,0,0,0,0,0,0
3.02889728104627,197,8,0,2,0.49182469764127,1,0,1,1,0,1,0,0,1,0,0,0,0,0,0,0,0,0,0,0,0
2.99567959462899,197,9,0,2,0.568312185490169,1,0,1,1,0,1,0,0,1,0,0,0,0,0,0,0,0,0,0,0,0
3.52039436826295,197,10,0,2,0.648721270700128,1,0,1,1,0,1,0,0,1,0,0,0,0,0,0,0,0,0,0,0,0
1.17457814037029,198,1,0,3,0.127496851579376,1,1,1,0,1,1,0,1,0,0,0,0,0,0,0,1,0,0,0,0,0
1.29943118213845,198,2,0,3,0.271249150321405,1,1,1,0,1,1,0,1,0,0,0,0,0,0,1,0,0,0,0,0,0
1.90988296535496,198,3,0,3,0.43332941456034,1,1,1,0,1,1,0,1,0,0,0,0,0,1,0,0,0,0,0,0,0
4.71970975906796,198,4,0,3,0.616074402192893,1,1,1,0,1,1,0,1,0,0,0,0,1,0,0,0,0,0,0,0,0
2.88578764771387,198,5,0,3,0.822118800390509,1,1,1,0,1,1,0,1,0,0,0,1,0,0,0,0,0,0,0,0,0
4.91549289110925,198,6,0,3,1.05443321064389,1,1,1,0,1,1,0,1,0,0,1,0,0,0,0,0,0,0,0,0,0
4.54279694243871,198,7,0,3,1.31636697678109,1,1,1,0,1,1,0,1,0,0,0,0,0,0,0,0,1,0,0,0,0
5.31151465231776,198,8,0,3,1.61169647342312,1,1,1,0,1,1,0,1,0,0,0,0,0,0,0,0,0,1,0,0,0
9.86473719878426,198,9,0,3,1.94467955106552,1,1,1,0,1,1,0,1,0,0,0,0,0,0,0,0,0,0,1,0,0
12.4433887661629,198,10,0,3,2.32011692273655,1,1,1,0,1,1,0,1,0,0,0,0,0,0,0,0,0,0,0,1,0
-0.763550183485886,199,1,0,1,0.01,1,1,1,1,0,1,0,0,1,0,0,0,0,0,0,0,0,0,0,0,0
0.376583722873374,199,2,0,1,0.01,1,1,1,1,0,1,0,0,1,0,0,0,0,0,0,0,0,0,0,0,0
0.33649227582793,199,3,0,1,0.01,1,1,1,1,0,1,0,0,1,0,0,0,0,0,0,0,0,0,0,0,0
-0.872408039705388,199,4,0,1,0.01,1,1,1,1,0,1,0,0,1,0,0,0,0,0,0,0,0,0,0,0,0
0.658402245212304,199,5,0,1,0.01,1,1,1,1,0,1,0,0,1,0,0,0,0,0,0,0,0,0,0,0,0
1.12258966353022,199,6,0,1,0.01,1,1,1,1,0,1,0,0,1,0,0,0,0,0,0,0,0,0,0,0,0
-1.01141480146785,199,7,0,1,0.01,1,1,1,1,0,1,0,0,1,0,0,0,0,0,0,0,0,0,0,0,0
0.91847487819598,199,8,0,1,0.01,1,1,1,1,0,1,0,0,1,0,0,0,0,0,0,0,0,0,0,0,0
-0.709715869858465,199,9,0,1,0.01,1,1,1,1,0,1,0,0,1,0,0,0,0,0,0,0,0,0,0,0,0
0.93464892826841,199,10,0,1,0.01,1,1,1,1,0,1,0,0,1,0,0,0,0,0,0,0,0,0,0,0,0
2.31041062425516,200,1,0,2,0.0512710963760241,1,1,1,0,1,1,1,0,1,1,0,0,0,0,0,1,0,0,0,0,0
1.96496849755514,200,2,0,2,0.105170918075648,1,1,1,0,1,1,1,0,1,1,0,0,0,0,1,0,0,0,0,0,0
1.65927489559074,200,3,0,2,0.161834242728283,1,1,1,0,1,1,1,0,1,1,0,0,0,1,0,0,0,0,0,0,0
-1.52542866196557,200,4,0,2,0.22140275816017,1,1,1,0,1,1,1,0,1,1,0,0,1,0,0,0,0,0,0,0,0
0.409816214646546,200,5,0,2,0.284025416687741,1,1,1,0,1,1,1,0,1,1,0,1,0,0,0,0,0,0,0,0,0
1.06163818386769,200,6,0,2,0.349858807576003,1,1,1,0,1,1,1,0,1,1,1,0,0,0,0,0,0,0,0,0,0
1.50312775332302,200,7,0,2,0.419067548593257,1,1,1,0,1,1,1,0,1,1,0,0,0,0,0,0,1,0,0,0,0
4.55525051963902,200,8,0,2,0.49182469764127,1,1,1,0,1,1,1,0,1,1,0,0,0,0,0,0,0,1,0,0,0
3.94957995199524,200,9,0,2,0.568312185490169,1,1,1,0,1,1,1,0,1,1,0,0,0,0,0,0,0,0,1,0,0
3.323429235398,200,10,0,2,0.648721270700128,1,1,1,0,1,1,1,0,1,1,0,0,0,0,0,0,0,0,0,1,0
0.503253632882942,201,1,0,2,0.0512710963760241,0,1,0,0,0,0,0,0,0,1,0,0,0,0,0,0,0,0,0,0,0
1.44654460499818,201,2,0,2,0.105170918075648,0,1,0,0,0,0,0,0,0,1,0,0,0,0,0,0,0,0,0,0,0
0.61983682819072,201,3,0,2,0.161834242728283,0,1,0,0,0,0,0,0,0,1,0,0,0,0,0,0,0,0,0,0,0
2.74553365214781,201,4,0,2,0.22140275816017,0,1,0,0,0,0,0,0,0,1,0,0,0,0,0,0,0,0,0,0,0
1.51261490258695,201,5,0,2,0.284025416687741,0,1,0,0,0,0,0,0,0,1,0,0,0,0,0,0,0,0,0,0,0
1.61560064641151,201,6,0,2,0.349858807576003,0,1,0,0,0,0,0,0,0,1,0,0,0,0,0,0,0,0,0,0,0
1.89685214371411,201,7,0,2,0.419067548593257,0,1,0,0,0,0,0,0,0,1,0,0,0,0,0,0,0,0,0,0,0
2.96455642188489,201,8,0,2,0.49182469764127,0,1,0,0,0,0,0,0,0,1,0,0,0,0,0,0,0,0,0,0,0
2.34161026735819,201,9,0,2,0.568312185490169,0,1,0,0,0,0,0,0,0,1,0,0,0,0,0,0,0,0,0,0,0
2.06918306962542,201,10,0,2,0.648721270700128,0,1,0,0,0,0,0,0,0,1,0,0,0,0,0,0,0,0,0,0,0
1.03485223977606,202,1,0,2,0.0512710963760241,1,0,1,0,0,0,0,0,1,1,0,0,0,0,0,0,0,0,0,0,0
1.66849390062163,202,2,0,2,0.105170918075648,1,0,1,0,0,0,0,0,1,1,0,0,0,0,0,0,0,0,0,0,0
1.48816695698662,202,3,0,2,0.161834242728283,1,0,1,0,0,0,0,0,1,1,0,0,0,0,0,0,0,0,0,0,0
1.05414658225231,202,4,0,2,0.22140275816017,1,0,1,0,0,0,0,0,1,1,0,0,0,0,0,0,0,0,0,0,0
-0.412388134958257,202,5,0,2,0.284025416687741,1,0,1,0,0,0,0,0,1,1,0,0,0,0,0,0,0,0,0,0,0
1.50167693590113,202,6,0,2,0.349858807576003,1,0,1,0,0,0,0,0,1,1,0,0,0,0,0,0,0,0,0,0,0
0.097522296639724,202,7,0,2,0.419067548593257,1,0,1,0,0,0,0,0,1,1,0,0,0,0,0,0,0,0,0,0,0
2.12222461031688,202,8,0,2,0.49182469764127,1,0,1,0,0,0,0,0,1,1,0,0,0,0,0,0,0,0,0,0,0
3.30289215947099,202,9,0,2,0.568312185490169,1,0,1,0,0,0,0,0,1,1,0,0,0,0,0,0,0,0,0,0,0
3.61970798618272,202,10,0,2,0.648721270700128,1,0,1,0,0,0,0,0,1,1,0,0,0,0,0,0,0,0,0,0,0
1.30885248665777,203,1,0,2,0.0512710963760241,0,0,0,0,1,1,0,1,0,1,0,0,0,0,0,0,0,0,0,0,0
0.272300255993757,203,2,0,2,0.105170918075648,0,0,0,0,1,1,0,1,0,1,0,0,0,0,0,0,0,0,0,0,0
-0.127095167778383,203,3,0,2,0.161834242728283,0,0,0,0,1,1,0,1,0,1,0,0,0,0,0,0,0,0,0,0,0
-0.627207185604193,203,4,0,2,0.22140275816017,0,0,0,0,1,1,0,1,0,1,0,0,0,0,0,1,0,0,0,0,0
3.11502138013826,203,5,0,2,0.284025416687741,0,0,0,0,1,1,0,1,0,1,0,0,0,0,1,0,0,0,0,0,0
1.85707313875519,203,6,0,2,0.349858807576003,0,0,0,0,1,1,0,1,0,1,0,0,0,1,0,0,0,0,0,0,0
1.33441877843272,203,7,0,2,0.419067548593257,0,0,0,0,1,1,0,1,0,1,0,0,1,0,0,0,0,0,0,0,0
1.2632155021943,203,8,0,2,0.49182469764127,0,0,0,0,1,1,0,1,0,1,0,1,0,0,0,0,0,0,0,0,0
3.34654511950485,203,9,0,2,0.568312185490169,0,0,0,0,1,1,0,1,0,1,1,0,0,0,0,0,0,0,0,0,0
3.81268700633286,203,10,0,2,0.648721270700128,0,0,0,0,1,1,0,1,0,1,0,0,0,0,0,0,1,0,0,0,0
0.32921042667808,204,1,0,1,0.01,1,1,1,0,0,0,1,0,1,0,0,0,0,0,0,0,0,0,0,0,0
0.575914787201504,204,2,0,1,0.01,1,1,1,0,0,0,1,0,1,0,0,0,0,0,0,0,0,0,0,0,0
-0.0218666242044961,204,3,0,1,0.01,1,1,1,0,0,0,1,0,1,0,0,0,0,0,0,0,0,0,0,0,0
-0.842775708904944,204,4,0,1,0.01,1,1,1,0,0,0,1,0,1,0,0,0,0,0,0,0,0,0,0,0,0
1.57593577390103,204,5,0,1,0.01,1,1,1,0,0,0,1,0,1,0,0,0,0,0,0,0,0,0,0,0,0
0.496109301734139,204,6,0,1,0.01,1,1,1,0,0,0,1,0,1,0,0,0,0,0,0,0,0,0,0,0,0
-0.720781382885234,204,7,0,1,0.01,1,1,1,0,0,0,1,0,1,0,0,0,0,0,0,0,0,0,0,0,0
-1.70423064229872,204,8,0,1,0.01,1,1,1,0,0,0,1,0,1,0,0,0,0,0,0,0,0,0,0,0,0
0.383601739669994,204,9,0,1,0.01,1,1,1,0,0,0,1,0,1,0,0,0,0,0,0,0,0,0,0,0,0
1.53769120460364,204,10,0,1,0.01,1,1,1,0,0,0,1,0,1,0,0,0,0,0,0,0,0,0,0,0,0
-0.866347771674693,205,1,0,2,0.0512710963760241,1,0,0,1,1,0,1,1,0,0,0,0,0,0,0,0,0,0,0,0,0
-0.476137231871923,205,2,0,2,0.105170918075648,1,0,0,1,1,0,1,1,0,0,0,0,0,0,0,0,0,0,0,0,0
0.322996766527221,205,3,0,2,0.161834242728283,1,0,0,1,1,0,1,1,0,0,0,0,0,0,0,0,0,0,0,0,0
-0.212021919177145,205,4,0,2,0.22140275816017,1,0,0,1,1,0,1,1,0,0,0,0,0,0,0,0,0,0,0,0,0
1.12219366993837,205,5,0,2,0.284025416687741,1,0,0,1,1,0,1,1,0,0,0,0,0,0,0,0,0,0,0,0,0
0.61861207708126,205,6,0,2,0.349858807576003,1,0,0,1,1,0,1,1,0,0,0,0,0,0,0,0,0,0,0,0,0
1.52316158118622,205,7,0,2,0.419067548593257,1,0,0,1,1,0,1,1,0,0,0,0,0,0,0,0,0,0,0,0,0
3.48833638212598,205,8,0,2,0.49182469764127,1,0,0,1,1,0,1,1,0,0,0,0,0,0,0,0,0,0,0,0,0
4.00604518157553,205,9,0,2,0.568312185490169,1,0,0,1,1,0,1,1,0,0,0,0,0,0,0,0,0,0,0,0,0
2.33264441690639,205,10,0,2,0.648721270700128,1,0,0,1,1,0,1,1,0,0,0,0,0,0,0,0,0,0,0,0,0
1.91863790327112,206,1,0,1,0.01,1,1,1,1,0,0,1,1,1,1,0,0,0,0,0,0,0,0,0,0,0
-0.262351510011444,206,2,0,1,0.01,1,1,1,1,0,0,1,1,1,1,0,0,0,0,0,0,0,0,0,0,0
-0.28909115187875,206,3,0,1,0.01,1,1,1,1,0,0,1,1,1,1,0,0,0,0,0,0,0,0,0,0,0
0.481395047499065,206,4,0,1,0.01,1,1,1,1,0,0,1,1,1,1,0,0,0,0,0,0,0,0,0,0,0
0.929754854446547,206,5,0,1,0.01,1,1,1,1,0,0,1,1,1,1,0,0,0,0,0,0,0,0,0,0,0
0.482196522748326,206,6,0,1,0.01,1,1,1,1,0,0,1,1,1,1,0,0,0,0,0,0,0,0,0,0,0
1.73746759155077,206,7,0,1,0.01,1,1,1,1,0,0,1,1,1,1,0,0,0,0,0,0,0,0,0,0,0
1.11651481518966,206,8,0,1,0.01,1,1,1,1,0,0,1,1,1,1,0,0,0,0,0,0,0,0,0,0,0
-0.110843135726742,206,9,0,1,0.01,1,1,1,1,0,0,1,1,1,1,0,0,0,0,0,0,0,0,0,0,0
-0.00740251289372745,206,10,0,1,0.01,1,1,1,1,0,0,1,1,1,1,0,0,0,0,0,0,0,0,0,0,0
1.08589903074297,207,1,0,2,0.0512710963760241,0,1,1,1,1,0,0,0,1,0,0,0,0,0,0,0,0,0,0,0,0
0.388415234570575,207,2,0,2,0.105170918075648,0,1,1,1,1,0,0,0,1,0,0,0,0,0,0,0,0,0,0,0,0
1.57891687860301,207,3,0,2,0.161834242728283,0,1,1,1,1,0,0,0,1,0,0,0,0,0,0,0,0,0,0,0,0
0.697564989974881,207,4,0,2,0.22140275816017,0,1,1,1,1,0,0,0,1,0,0,0,0,0,0,1,0,0,0,0,0
1.91298894488111,207,5,0,2,0.284025416687741,0,1,1,1,1,0,0,0,1,0,0,0,0,0,1,0,0,0,0,0,0
1.91425489529742,207,6,0,2,0.349858807576003,0,1,1,1,1,0,0,0,1,0,0,0,0,1,0,0,0,0,0,0,0
0.881228910499805,207,7,0,2,0.419067548593257,0,1,1,1,1,0,0,0,1,0,0,0,1,0,0,0,0,0,0,0,0
4.89910562262433,207,8,0,2,0.49182469764127,0,1,1,1,1,0,0,0,1,0,0,1,0,0,0,0,0,0,0,0,0
3.88946385317232,207,9,0,2,0.568312185490169,0,1,1,1,1,0,0,0,1,0,1,0,0,0,0,0,0,0,0,0,0
2.86110755535493,207,10,0,2,0.648721270700128,0,1,1,1,1,0,0,0,1,0,0,0,0,0,0,0,1,0,0,0,0
-0.260034701996927,208,1,0,1,0.01,1,0,0,0,0,1,0,1,1,1,0,0,0,0,0,0,0,0,0,0,0
-0.0622024590510245,208,2,0,1,0.01,1,0,0,0,0,1,0,1,1,1,0,0,0,0,0,0,0,0,0,0,0
-0.327516617942411,208,3,0,1,0.01,1,0,0,0,0,1,0,1,1,1,0,0,0,0,0,0,0,0,0,0,0
0.62405269596027,208,4,0,1,0.01,1,0,0,0,0,1,0,1,1,1,0,0,0,0,0,0,0,0,0,0,0
-0.369966602648265,208,5,0,1,0.01,1,0,0,0,0,1,0,1,1,1,0,0,0,0,0,0,0,0,0,0,0
-0.389886472572101,208,6,0,1,0.01,1,0,0,0,0,1,0,1,1,1,0,0,0,0,0,0,0,0,0,0,0
-0.0243854200360096,208,7,0,1,0.01,1,0,0,0,0,1,0,1,1,1,0,0,0,0,0,0,0,0,0,0,0
1.28412026832302,208,8,0,1,0.01,1,0,0,0,0,1,0,1,1,1,0,0,0,0,0,0,0,0,0,0,0
0.448600235529308,208,9,0,1,0.01,1,0,0,0,0,1,0,1,1,1,0,0,0,0,0,0,0,0,0,0,0
0.303609763399057,208,10,0,1,0.01,1,0,0,0,0,1,0,1,1,1,0,0,0,0,0,0,0,0,0,0,0
-0.562806949413525,209,1,0,1,0.01,0,1,0,0,1,1,1,0,1,0,0,0,0,0,0,0,0,0,0,0,0
1.14362767042136,209,2,0,1,0.01,0,1,0,0,1,1,1,0,1,0,0,0,0,0,0,0,0,0,0,0,0
0.376282659149315,209,3,0,1,0.01,0,1,0,0,1,1,1,0,1,0,0,0,0,0,0,0,0,0,0,0,0
-0.0393555063851911,209,4,0,1,0.01,0,1,0,0,1,1,1,0,1,0,0,0,0,0,0,0,0,0,0,0,0
0.0903107554641382,209,5,0,1,0.01,0,1,0,0,1,1,1,0,1,0,0,0,0,0,0,0,0,0,0,0,0
0.989412367488975,209,6,0,1,0.01,0,1,0,0,1,1,1,0,1,0,0,0,0,0,0,0,0,0,0,0,0
-0.295174742025403,209,7,0,1,0.01,0,1,0,0,1,1,1,0,1,0,0,0,0,0,0,0,0,0,0,0,0
0.848300066677781,209,8,0,1,0.01,0,1,0,0,1,1,1,0,1,0,0,0,0,0,0,0,0,0,0,0,0
-0.660631992378244,209,9,0,1,0.01,0,1,0,0,1,1,1,0,1,0,0,0,0,0,0,0,0,0,0,0,0
0.374483772516447,209,10,0,1,0.01,0,1,0,0,1,1,1,0,1,0,0,0,0,0,0,0,0,0,0,0,0
0.159279889920923,210,1,0,1,0.01,1,1,0,0,1,1,1,0,1,0,0,0,0,0,0,0,0,0,0,0,0
-0.174319646400456,210,2,0,1,0.01,1,1,0,0,1,1,1,0,1,0,0,0,0,0,0,0,0,0,0,0,0
-0.420131156610632,210,3,0,1,0.01,1,1,0,0,1,1,1,0,1,0,0,0,0,0,0,0,0,0,0,0,0
0.509204708955087,210,4,0,1,0.01,1,1,0,0,1,1,1,0,1,0,0,0,0,0,0,0,0,0,0,0,0
1.33804812036434,210,5,0,1,0.01,1,1,0,0,1,1,1,0,1,0,0,0,0,0,0,0,0,0,0,0,0
1.87142593371562,210,6,0,1,0.01,1,1,0,0,1,1,1,0,1,0,0,0,0,0,0,0,0,0,0,0,0
0.244657062043358,210,7,0,1,0.01,1,1,0,0,1,1,1,0,1,0,0,0,0,0,0,0,0,0,0,0,0
0.535530358762171,210,8,0,1,0.01,1,1,0,0,1,1,1,0,1,0,0,0,0,0,0,0,0,0,0,0,0
-0.207810242287569,210,9,0,1,0.01,1,1,0,0,1,1,1,0,1,0,0,0,0,0,0,0,0,0,0,0,0
0.712840590177084,210,10,0,1,0.01,1,1,0,0,1,1,1,0,1,0,0,0,0,0,0,0,0,0,0,0,0
1.13484385151934,211,1,0,2,0.0512710963760241,0,1,1,1,0,0,1,1,1,1,0,0,0,1,0,0,0,0,0,0,0
1.59644278749521,211,2,0,2,0.105170918075648,0,1,1,1,0,0,1,1,1,1,0,0,1,0,0,0,0,0,0,0,0
3.3016267332954,211,3,0,2,0.161834242728283,0,1,1,1,0,0,1,1,1,1,0,1,0,0,0,0,0,0,0,0,0
1.67648870078561,211,4,0,2,0.22140275816017,0,1,1,1,0,0,1,1,1,1,1,0,0,0,0,0,0,0,0,0,0
1.79822882546747,211,5,0,2,0.284025416687741,0,1,1,1,0,0,1,1,1,1,0,0,0,0,0,0,1,0,0,0,0
2.97188214229558,211,6,0,2,0.349858807576003,0,1,1,1,0,0,1,1,1,1,0,0,0,0,0,0,0,1,0,0,0
3.34837700497878,211,7,0,2,0.419067548593257,0,1,1,1,0,0,1,1,1,1,0,0,0,0,0,0,0,0,1,0,0
2.88594692817138,211,8,0,2,0.49182469764127,0,1,1,1,0,0,1,1,1,1,0,0,0,0,0,0,0,0,0,1,0
1.61370205835439,211,9,0,2,0.568312185490169,0,1,1,1,0,0,1,1,1,1,0,0,0,0,0,0,0,0,0,0,1
4.09457853485231,211,10,0,2,0.648721270700128,0,1,1,1,0,0,1,1,1,1,0,0,0,0,0,0,0,0,0,0,0
-0.463640301551915,212,1,0,1,0.01,1,1,0,1,0,0,0,1,1,0,0,0,0,0,0,0,0,0,0,0,0
0.347691167720826,212,2,0,1,0.01,1,1,0,1,0,0,0,1,1,0,0,0,0,0,0,0,0,0,0,0,0
0.466438667811185,212,3,0,1,0.01,1,1,0,1,0,0,0,1,1,0,0,0,0,0,0,0,0,0,0,0,0
1.82880508375383,212,4,0,1,0.01,1,1,0,1,0,0,0,1,1,0,0,0,0,0,0,0,0,0,0,0,0
-0.686052951845232,212,5,0,1,0.01,1,1,0,1,0,0,0,1,1,0,0,0,0,0,0,0,0,0,0,0,0
-0.489934511749076,212,6,0,1,0.01,1,1,0,1,0,0,0,1,1,0,0,0,0,0,0,0,0,0,0,0,0
-1.17244638886497,212,7,0,1,0.01,1,1,0,1,0,0,0,1,1,0,0,0,0,0,0,0,0,0,0,0,0
-0.521064547218309,212,8,0,1,0.01,1,1,0,1,0,0,0,1,1,0,0,0,0,0,0,0,0,0,0,0,0
-0.912749185270958,212,9,0,1,0.01,1,1,0,1,0,0,0,1,1,0,0,0,0,0,0,0,0,0,0,0,0
-1.72821707446622,212,10,0,1,0.01,1,1,0,1,0,0,0,1,1,0,0,0,0,0,0,0,0,0,0,0,0
0.836090123567003,213,1,0,1,0.01,0,1,1,0,1,1,0,0,0,1,0,0,1,0,0,0,0,0,0,0,0
1.64764864177656,213,2,0,1,0.01,0,1,1,0,1,1,0,0,0,1,0,1,0,0,0,0,0,0,0,0,0
-1.11682345028111,213,3,0,1,0.01,0,1,1,0,1,1,0,0,0,1,1,0,0,0,0,0,0,0,0,0,0
-3.15311778688928,213,4,0,1,0.01,0,1,1,0,1,1,0,0,0,1,0,0,0,0,0,0,1,0,0,0,0
0.644785058080121,213,5,0,1,0.01,0,1,1,0,1,1,0,0,0,1,0,0,0,0,0,0,0,1,0,0,0
-0.705005504744738,213,6,0,1,0.01,0,1,1,0,1,1,0,0,0,1,0,0,0,0,0,0,0,0,1,0,0
-0.484249573313068,213,7,0,1,0.01,0,1,1,0,1,1,0,0,0,1,0,0,0,0,0,0,0,0,0,1,0
1.98527169723232,213,8,0,1,0.01,0,1,1,0,1,1,0,0,0,1,0,0,0,0,0,0,0,0,0,0,1
-0.00374037205746788,213,9,0,1,0.01,0,1,1,0,1,1,0,0,0,1,0,0,0,0,0,0,0,0,0,0,0
0.842483217094246,213,10,0,1,0.01,0,1,1,0,1,1,0,0,0,1,0,0,0,0,0,0,0,0,0,0,0
1.05874648883241,214,1,0,2,0.0512710963760241,0,1,0,0,0,1,0,1,1,0,0,0,0,0,0,0,0,0,0,0,0
-0.145251942133723,214,2,0,2,0.105170918075648,0,1,0,0,0,1,0,1,1,0,0,0,0,0,0,0,0,0,0,0,0
2.78100021145437,214,3,0,2,0.161834242728283,0,1,0,0,0,1,0,1,1,0,0,0,0,0,0,0,0,0,0,0,0
1.22646937511403,214,4,0,2,0.22140275816017,0,1,0,0,0,1,0,1,1,0,0,0,0,0,0,0,0,0,0,0,0
0.17892237315449,214,5,0,2,0.284025416687741,0,1,0,0,0,1,0,1,1,0,0,0,0,0,0,0,0,0,0,0,0
2.40128825952466,214,6,0,2,0.349858807576003,0,1,0,0,0,1,0,1,1,0,0,0,0,0,0,0,0,0,0,0,0
1.94275604987695,214,7,0,2,0.419067548593257,0,1,0,0,0,1,0,1,1,0,0,0,0,0,0,0,0,0,0,0,0
2.66091594336855,214,8,0,2,0.49182469764127,0,1,0,0,0,1,0,1,1,0,0,0,0,0,0,0,0,0,0,0,0
2.67692968912242,214,9,0,2,0.568312185490169,0,1,0,0,0,1,0,1,1,0,0,0,0,0,0,0,0,0,0,0,0
4.44983278478317,214,10,0,2,0.648721270700128,0,1,0,0,0,1,0,1,1,0,0,0,0,0,0,0,0,0,0,0,0
-0.393846791799772,215,1,0,1,0.01,0,0,0,1,1,0,1,1,1,0,0,0,0,0,0,0,0,0,0,0,0
-1.80887817899493,215,2,0,1,0.01,0,0,0,1,1,0,1,1,1,0,0,0,0,0,0,0,0,0,0,0,0
-0.489917738094362,215,3,0,1,0.01,0,0,0,1,1,0,1,1,1,0,0,0,0,0,0,0,0,0,0,0,0
0.225159948914833,215,4,0,1,0.01,0,0,0,1,1,0,1,1,1,0,0,0,0,0,0,0,0,0,0,0,0
-0.40878481270329,215,5,0,1,0.01,0,0,0,1,1,0,1,1,1,0,0,0,0,0,0,0,0,0,0,0,0
1.41173741678908,215,6,0,1,0.01,0,0,0,1,1,0,1,1,1,0,0,0,0,0,0,0,0,0,0,0,0
-1.92350822764084,215,7,0,1,0.01,0,0,0,1,1,0,1,1,1,0,0,0,0,0,0,0,0,0,0,0,0
0.976094455056893,215,8,0,1,0.01,0,0,0,1,1,0,1,1,1,0,0,0,0,0,0,0,0,0,0,0,0
0.368569459673619,215,9,0,1,0.01,0,0,0,1,1,0,1,1,1,0,0,0,0,0,0,0,0,0,0,0,0
-0.407690599230018,215,10,0,1,0.01,0,0,0,1,1,0,1,1,1,0,0,0,0,0,0,0,0,0,0,0,0
1.58148997959474,216,1,0,2,0.0512710963760241,0,1,0,1,0,1,0,1,0,0,0,0,0,0,0,0,0,0,0,0,0
-0.0673316437421733,216,2,0,2,0.105170918075648,0,1,0,1,0,1,0,1,0,0,0,0,0,0,0,0,0,0,0,0,0
0.349703392998897,216,3,0,2,0.161834242728283,0,1,0,1,0,1,0,1,0,0,0,0,0,0,0,0,0,0,0,0,0
3.00256705371717,216,4,0,2,0.22140275816017,0,1,0,1,0,1,0,1,0,0,0,0,0,0,0,0,0,0,0,0,0
2.05367632793092,216,5,0,2,0.284025416687741,0,1,0,1,0,1,0,1,0,0,0,0,0,0,0,0,0,0,0,0,0
1.60823928578613,216,6,0,2,0.349858807576003,0,1,0,1,0,1,0,1,0,0,0,0,0,0,0,0,0,0,0,0,0
1.84526215804638,216,7,0,2,0.419067548593257,0,1,0,1,0,1,0,1,0,0,0,0,0,0,0,0,0,0,0,0,0
2.24311374953224,216,8,0,2,0.49182469764127,0,1,0,1,0,1,0,1,0,0,0,0,0,0,0,0,0,0,0,0,0
2.44665254946084,216,9,0,2,0.568312185490169,0,1,0,1,0,1,0,1,0,0,0,0,0,0,0,0,0,0,0,0,0
2.15207155642818,216,10,0,2,0.648721270700128,0,1,0,1,0,1,0,1,0,0,0,0,0,0,0,0,0,0,0,0,0
2.09431011153905,217,1,0,2,0.0512710963760241,0,1,1,0,1,1,0,0,1,0,0,0,0,0,0,0,0,0,0,0,0
0.985475258944294,217,2,0,2,0.105170918075648,0,1,1,0,1,1,0,0,1,0,0,0,0,0,0,0,0,0,0,0,0
-0.311842457588016,217,3,0,2,0.161834242728283,0,1,1,0,1,1,0,0,1,0,0,0,0,0,0,0,0,0,0,0,0
-0.167920408742363,217,4,0,2,0.22140275816017,0,1,1,0,1,1,0,0,1,0,0,0,0,0,0,0,0,0,0,0,0
2.62264901343483,217,5,0,2,0.284025416687741,0,1,1,0,1,1,0,0,1,0,0,0,0,0,0,0,0,0,0,0,0
1.54906724972617,217,6,0,2,0.349858807576003,0,1,1,0,1,1,0,0,1,0,0,0,0,0,0,0,0,0,0,0,0
0.146300384166472,217,7,0,2,0.419067548593257,0,1,1,0,1,1,0,0,1,0,0,0,0,0,0,0,0,0,0,0,0
2.88882698824159,217,8,0,2,0.49182469764127,0,1,1,0,1,1,0,0,1,0,0,0,0,0,0,0,0,0,0,0,0
3.28379980713906,217,9,0,2,0.568312185490169,0,1,1,0,1,1,0,0,1,0,0,0,0,0,0,0,0,0,0,0,0
3.29906741612524,217,10,0,2,0.648721270700128,0,1,1,0,1,1,0,0,1,0,0,0,0,0,0,0,0,0,0,0,0
1.4290088795619,218,1,0,3,0.127496851579376,0,1,1,0,0,1,0,1,1,1,0,0,0,0,0,0,0,0,0,0,0
2.44254827611855,218,2,0,3,0.271249150321405,0,1,1,0,0,1,0,1,1,1,0,0,0,0,0,0,0,0,0,0,0
1.94962096522005,218,3,0,3,0.43332941456034,0,1,1,0,0,1,0,1,1,1,0,0,0,0,0,0,0,0,0,0,0
4.52465540816705,218,4,0,3,0.616074402192893,0,1,1,0,0,1,0,1,1,1,0,0,0,0,0,0,0,0,0,0,0
5.39717603405099,218,5,0,3,0.822118800390509,0,1,1,0,0,1,0,1,1,1,0,0,0,0,0,0,0,0,0,0,0
4.13183849588073,218,6,0,3,1.05443321064389,0,1,1,0,0,1,0,1,1,1,0,0,0,0,0,0,0,0,0,0,0
5.99474059258495,218,7,0,3,1.31636697678109,0,1,1,0,0,1,0,1,1,1,0,0,0,0,0,0,0,0,0,0,0
7.55489471740436,218,8,0,3,1.61169647342312,0,1,1,0,0,1,0,1,1,1,0,0,0,0,0,0,0,0,0,0,0
11.5396718171329,218,9,0,3,1.94467955106552,0,1,1,0,0,1,0,1,1,1,0,0,0,0,0,0,0,0,0,0,0
10.7015272672131,218,10,0,3,2.32011692273655,0,1,1,0,0,1,0,1,1,1,0,0,0,0,0,0,0,0,0,0,0
0.0850655465957238,219,1,0,1,0.01,1,1,1,0,1,0,0,0,0,1,0,0,0,0,0,0,0,0,0,0,0
0.875218567794919,219,2,0,1,0.01,1,1,1,0,1,0,0,0,0,1,0,0,0,0,0,0,0,0,0,0,0
0.148733590580348,219,3,0,1,0.01,1,1,1,0,1,0,0,0,0,1,0,0,0,0,0,0,0,0,0,0,0
0.787232960200061,219,4,0,1,0.01,1,1,1,0,1,0,0,0,0,1,0,0,0,0,0,0,0,0,0,0,0
0.937395298375919,219,5,0,1,0.01,1,1,1,0,1,0,0,0,0,1,0,0,0,0,0,0,0,0,0,0,0
0.668586825565718,219,6,0,1,0.01,1,1,1,0,1,0,0,0,0,1,0,0,0,0,0,0,0,0,0,0,0
-0.0490044130817439,219,7,0,1,0.01,1,1,1,0,1,0,0,0,0,1,0,0,0,0,0,0,0,0,0,0,0
-0.565991405589099,219,8,0,1,0.01,1,1,1,0,1,0,0,0,0,1,0,0,0,0,0,0,0,0,0,0,0
-0.911132993344216,219,9,0,1,0.01,1,1,1,0,1,0,0,0,0,1,0,0,0,0,0,0,0,0,0,0,0
0.771690135483502,219,10,0,1,0.01,1,1,1,0,1,0,0,0,0,1,0,0,0,0,0,0,0,0,0,0,0
0.701192308254864,220,1,0,1,0.01,0,0,0,0,1,0,0,0,0,1,0,0,0,0,0,0,0,0,0,0,0
-0.356018626912599,220,2,0,1,0.01,0,0,0,0,1,0,0,0,0,1,0,0,0,0,0,0,0,0,0,0,0
0.430252728854504,220,3,0,1,0.01,0,0,0,0,1,0,0,0,0,1,0,0,0,0,0,0,0,0,0,0,0
-0.173483948684877,220,4,0,1,0.01,0,0,0,0,1,0,0,0,0,1,0,0,0,0,0,0,0,0,0,0,0
0.752824273579189,220,5,0,1,0.01,0,0,0,0,1,0,0,0,0,1,0,0,0,0,0,0,0,0,0,0,0
1.34521110935597,220,6,0,1,0.01,0,0,0,0,1,0,0,0,0,1,0,0,0,0,0,0,0,0,0,0,0
1.3394127768546,220,7,0,1,0.01,0,0,0,0,1,0,0,0,0,1,0,0,0,0,0,0,0,0,0,0,0
-0.984874928449719,220,8,0,1,0.01,0,0,0,0,1,0,0,0,0,1,0,0,0,0,0,0,0,0,0,0,0
1.37802374703995,220,9,0,1,0.01,0,0,0,0,1,0,0,0,0,1,0,0,0,0,0,0,0,0,0,0,0
0.661987982657694,220,10,0,1,0.01,0,0,0,0,1,0,0,0,0,1,0,0,0,0,0,0,0,0,0,0,0
0.838434502516654,221,1,0,1,0.01,0,1,1,0,1,1,0,0,1,1,0,0,0,0,0,0,0,0,0,0,0
1.39637597048276,221,2,0,1,0.01,0,1,1,0,1,1,0,0,1,1,0,0,0,0,0,0,0,0,0,0,0
-0.674760158208936,221,3,0,1,0.01,0,1,1,0,1,1,0,0,1,1,0,0,0,0,0,0,0,0,0,0,0
1.40726739803061,221,4,0,1,0.01,0,1,1,0,1,1,0,0,1,1,0,0,0,0,0,0,0,0,0,0,0
-0.103189595428328,221,5,0,1,0.01,0,1,1,0,1,1,0,0,1,1,0,0,0,0,0,0,0,0,0,0,0
-0.143741390482693,221,6,0,1,0.01,0,1,1,0,1,1,0,0,1,1,0,0,0,0,0,0,0,0,0,0,0
-1.05209498210397,221,7,0,1,0.01,0,1,1,0,1,1,0,0,1,1,0,0,0,0,0,0,0,0,0,0,0
0.457038004406534,221,8,0,1,0.01,0,1,1,0,1,1,0,0,1,1,0,0,0,0,0,0,0,0,0,0,0
-0.228226653441706,221,9,0,1,0.01,0,1,1,0,1,1,0,0,1,1,0,0,0,0,0,0,0,0,0,0,0
0.242813275407855,221,10,0,1,0.01,0,1,1,0,1,1,0,0,1,1,0,0,0,0,0,0,0,0,0,0,0
1.51973289992682,222,1,0,1,0.01,0,1,1,1,1,1,0,0,1,0,0,0,0,0,0,0,0,0,0,0,0
0.769153177630593,222,2,0,1,0.01,0,1,1,1,1,1,0,0,1,0,0,0,0,0,0,0,0,0,0,0,0
1.22692765095963,222,3,0,1,0.01,0,1,1,1,1,1,0,0,1,0,0,0,0,0,0,0,0,0,0,0,0
-1.67191891586295,222,4,0,1,0.01,0,1,1,1,1,1,0,0,1,0,0,0,0,0,0,0,0,0,0,0,0
0.434410836067692,222,5,0,1,0.01,0,1,1,1,1,1,0,0,1,0,0,0,0,0,0,0,0,0,0,0,0
-0.722014967857756,222,6,0,1,0.01,0,1,1,1,1,1,0,0,1,0,0,0,0,0,0,0,0,0,0,0,0
-1.63571633955765,222,7,0,1,0.01,0,1,1,1,1,1,0,0,1,0,0,0,0,0,0,0,0,0,0,0,0
-0.201288087057212,222,8,0,1,0.01,0,1,1,1,1,1,0,0,1,0,0,0,0,0,0,0,0,0,0,0,0
-0.210642387078387,222,9,0,1,0.01,0,1,1,1,1,1,0,0,1,0,0,0,0,0,0,0,0,0,0,0,0
0.430883668394475,222,10,0,1,0.01,0,1,1,1,1,1,0,0,1,0,0,0,0,0,0,0,0,0,0,0,0
0.75740492954807,223,1,0,1,0.01,0,0,0,1,0,1,0,1,1,0,0,0,0,0,0,0,0,0,0,0,0
1.05682270197286,223,2,0,1,0.01,0,0,0,1,0,1,0,1,1,0,0,0,0,0,0,0,0,0,0,0,0
-0.390128786700306,223,3,0,1,0.01,0,0,0,1,0,1,0,1,1,0,0,0,0,0,0,0,0,0,0,0,0
-0.0265414316006755,223,4,0,1,0.01,0,0,0,1,0,1,0,1,1,0,0,0,0,0,0,0,0,0,0,0,0
-1.74940432006972,223,5,0,1,0.01,0,0,0,1,0,1,0,1,1,0,0,0,0,0,0,0,0,0,0,0,0
1.91399778335898,223,6,0,1,0.01,0,0,0,1,0,1,0,1,1,0,0,0,0,0,0,0,0,0,0,0,0
0.461637984779885,223,7,0,1,0.01,0,0,0,1,0,1,0,1,1,0,0,0,0,0,0,0,0,0,0,0,0
2.02348246140451,223,8,0,1,0.01,0,0,0,1,0,1,0,1,1,0,0,0,0,0,0,0,0,0,0,0,0
1.16155019656124,223,9,0,1,0.01,0,0,0,1,0,1,0,1,1,0,0,0,0,0,0,0,0,0,0,0,0
0.617288210577742,223,10,0,1,0.01,0,0,0,1,0,1,0,1,1,0,0,0,0,0,0,0,0,0,0,0,0
-0.0675464838834281,224,1,0,1,0.01,1,0,1,0,1,0,1,0,0,1,0,0,0,0,0,0,0,0,0,0,0
0.636659991785226,224,2,0,1,0.01,1,0,1,0,1,0,1,0,0,1,0,0,0,0,0,0,0,0,0,0,0
-0.812334144857997,224,3,0,1,0.01,1,0,1,0,1,0,1,0,0,1,0,0,0,0,0,0,0,0,0,0,0
1.24541441877797,224,4,0,1,0.01,1,0,1,0,1,0,1,0,0,1,0,0,0,0,0,0,0,0,0,0,0
1.30567957591543,224,5,0,1,0.01,1,0,1,0,1,0,1,0,0,1,0,0,0,0,0,0,0,0,0,0,0
-0.429658648073123,224,6,0,1,0.01,1,0,1,0,1,0,1,0,0,1,0,0,0,0,0,0,0,0,0,0,0
-0.954783007468566,224,7,0,1,0.01,1,0,1,0,1,0,1,0,0,1,0,0,0,0,0,0,0,0,0,0,0
-0.78147498482824,224,8,0,1,0.01,1,0,1,0,1,0,1,0,0,1,0,0,0,0,0,0,0,0,0,0,0
0.545322767692845,224,9,0,1,0.01,1,0,1,0,1,0,1,0,0,1,0,0,0,0,0,0,0,0,0,0,0
-0.402806701665414,224,10,0,1,0.01,1,0,1,0,1,0,1,0,0,1,0,0,0,0,0,0,0,0,0,0,0
-0.62861508380111,225,1,0,1,0.01,0,1,0,0,0,0,0,1,1,0,0,0,0,0,0,0,0,0,0,0,0
0.853231229921454,225,2,0,1,0.01,0,1,0,0,0,0,0,1,1,0,0,0,0,0,0,0,0,0,0,0,0
-0.00398761770292065,225,3,0,1,0.01,0,1,0,0,0,0,0,1,1,0,0,0,0,0,0,0,0,0,0,0,0
-1.04932103532722,225,4,0,1,0.01,0,1,0,0,0,0,0,1,1,0,0,0,0,0,0,0,0,0,0,0,0
1.19209835708434,225,5,0,1,0.01,0,1,0,0,0,0,0,1,1,0,0,0,0,0,0,0,0,0,0,0,0
1.31742523653546,225,6,0,1,0.01,0,1,0,0,0,0,0,1,1,0,0,0,0,0,0,0,0,0,0,0,0
0.115956088357095,225,7,0,1,0.01,0,1,0,0,0,0,0,1,1,0,0,0,0,0,0,0,0,0,0,0,0
0.960895495758315,225,8,0,1,0.01,0,1,0,0,0,0,0,1,1,0,0,0,0,0,0,0,0,0,0,0,0
0.371588032854625,225,9,0,1,0.01,0,1,0,0,0,0,0,1,1,0,0,0,0,0,0,0,0,0,0,0,0
-0.808932824628177,225,10,0,1,0.01,0,1,0,0,0,0,0,1,1,0,0,0,0,0,0,0,0,0,0,0,0
0.83081855916856,226,1,0,2,0.0512710963760241,0,0,0,1,0,0,0,1,0,1,0,0,0,0,0,0,0,0,0,0,0
3.27084874443134,226,2,0,2,0.105170918075648,0,0,0,1,0,0,0,1,0,1,0,0,0,0,0,0,0,0,0,0,0
1.80953849653129,226,3,0,2,0.161834242728283,0,0,0,1,0,0,0,1,0,1,0,0,0,0,0,0,0,0,0,0,0
0.373844927673794,226,4,0,2,0.22140275816017,0,0,0,1,0,0,0,1,0,1,0,0,0,0,0,0,0,0,0,0,0
1.83646436237146,226,5,0,2,0.284025416687741,0,0,0,1,0,0,0,1,0,1,0,0,0,0,0,0,0,0,0,0,0
0.532217225068788,226,6,0,2,0.349858807576003,0,0,0,1,0,0,0,1,0,1,0,0,0,0,0,0,0,0,0,0,0
1.90900174634373,226,7,0,2,0.419067548593257,0,0,0,1,0,0,0,1,0,1,0,0,0,0,0,0,0,0,0,0,0
2.94109747314089,226,8,0,2,0.49182469764127,0,0,0,1,0,0,0,1,0,1,0,0,0,0,0,0,0,0,0,0,0
2.09387648486509,226,9,0,2,0.568312185490169,0,0,0,1,0,0,0,1,0,1,0,0,0,0,0,0,0,0,0,0,0
2.47532450466995,226,10,0,2,0.648721270700128,0,0,0,1,0,0,0,1,0,1,0,0,0,0,0,0,0,0,0,0,0
-0.97427431155716,227,1,0,3,0.127496851579376,1,0,1,1,0,0,0,1,1,1,0,0,1,0,0,0,0,0,0,0,0
0.955603416593594,227,2,0,3,0.271249150321405,1,0,1,1,0,0,0,1,1,1,0,1,0,0,0,0,0,0,0,0,0
1.99454355193422,227,3,0,3,0.43332941456034,1,0,1,1,0,0,0,1,1,1,1,0,0,0,0,0,0,0,0,0,0
2.90618780657412,227,4,0,3,0.616074402192893,1,0,1,1,0,0,0,1,1,1,0,0,0,0,0,0,1,0,0,0,0
2.26252134110772,227,5,0,3,0.822118800390509,1,0,1,1,0,0,0,1,1,1,0,0,0,0,0,0,0,1,0,0,0
4.45969009346133,227,6,0,3,1.05443321064389,1,0,1,1,0,0,0,1,1,1,0,0,0,0,0,0,0,0,1,0,0
7.79181114241689,227,7,0,3,1.31636697678109,1,0,1,1,0,0,0,1,1,1,0,0,0,0,0,0,0,0,0,1,0
9.04721312553442,227,8,0,3,1.61169647342312,1,0,1,1,0,0,0,1,1,1,0,0,0,0,0,0,0,0,0,0,1
9.5393318646608,227,9,0,3,1.94467955106552,1,0,1,1,0,0,0,1,1,1,0,0,0,0,0,0,0,0,0,0,0
11.2648046453271,227,10,0,3,2.32011692273655,1,0,1,1,0,0,0,1,1,1,0,0,0,0,0,0,0,0,0,0,0
0.0622507069980134,228,1,0,1,0.01,1,1,0,0,0,0,1,0,0,0,0,0,0,0,0,0,0,0,0,0,0
-0.153384546406464,228,2,0,1,0.01,1,1,0,0,0,0,1,0,0,0,0,0,0,0,0,0,0,0,0,0,0
0.862231783289241,228,3,0,1,0.01,1,1,0,0,0,0,1,0,0,0,0,0,0,0,0,0,0,0,0,0,0
1.60329550179896,228,4,0,1,0.01,1,1,0,0,0,0,1,0,0,0,0,0,0,0,0,0,0,0,0,0,0
-0.13914583932278,228,5,0,1,0.01,1,1,0,0,0,0,1,0,0,0,0,0,0,0,0,0,0,0,0,0,0
1.63864928777494,228,6,0,1,0.01,1,1,0,0,0,0,1,0,0,0,0,0,0,0,0,0,0,0,0,0,0
0.957183975049459,228,7,0,1,0.01,1,1,0,0,0,0,1,0,0,0,0,0,0,0,0,0,0,0,0,0,0
0.588292135463505,228,8,0,1,0.01,1,1,0,0,0,0,1,0,0,0,0,0,0,0,0,0,0,0,0,0,0
0.639663309864487,228,9,0,1,0.01,1,1,0,0,0,0,1,0,0,0,0,0,0,0,0,0,0,0,0,0,0
0.286541063934878,228,10,0,1,0.01,1,1,0,0,0,0,1,0,0,0,0,0,0,0,0,0,0,0,0,0,0
1.03965963157202,229,1,0,2,0.0512710963760241,0,1,0,0,1,0,1,1,0,1,0,0,0,0,0,0,0,0,0,0,0
-0.252484102421479,229,2,0,2,0.105170918075648,0,1,0,0,1,0,1,1,0,1,0,0,0,0,0,0,0,0,0,0,0
0.566025860454664,229,3,0,2,0.161834242728283,0,1,0,0,1,0,1,1,0,1,0,0,0,0,0,0,0,0,0,0,0
1.97030112828397,229,4,0,2,0.22140275816017,0,1,0,0,1,0,1,1,0,1,0,0,0,0,0,0,0,0,0,0,0
2.00867988575474,229,5,0,2,0.284025416687741,0,1,0,0,1,0,1,1,0,1,0,0,0,0,0,0,0,0,0,0,0
1.15932168552343,229,6,0,2,0.349858807576003,0,1,0,0,1,0,1,1,0,1,0,0,0,0,0,0,0,0,0,0,0
1.71460103410179,229,7,0,2,0.419067548593257,0,1,0,0,1,0,1,1,0,1,0,0,0,0,0,0,0,0,0,0,0
2.61043443789908,229,8,0,2,0.49182469764127,0,1,0,0,1,0,1,1,0,1,0,0,0,0,0,0,0,0,0,0,0
2.55067485547284,229,9,0,2,0.568312185490169,0,1,0,0,1,0,1,1,0,1,0,0,0,0,0,0,0,0,0,0,0
2.19090804404621,229,10,0,2,0.648721270700128,0,1,0,0,1,0,1,1,0,1,0,0,0,0,0,0,0,0,0,0,0
1.21893897853124,230,1,0,2,0.0512710963760241,1,0,0,1,1,1,1,1,1,0,0,0,0,0,0,0,0,0,0,0,0
0.203205018979309,230,2,0,2,0.105170918075648,1,0,0,1,1,1,1,1,1,0,0,0,0,0,0,0,0,0,0,0,0
2.03673921191763,230,3,0,2,0.161834242728283,1,0,0,1,1,1,1,1,1,0,0,0,0,0,0,0,0,0,0,0,0
2.21394810311118,230,4,0,2,0.22140275816017,1,0,0,1,1,1,1,1,1,0,0,0,0,0,0,0,0,0,0,0,0
0.478922039700623,230,5,0,2,0.284025416687741,1,0,0,1,1,1,1,1,1,0,0,0,0,0,0,0,0,0,0,0,0
0.731053932467898,230,6,0,2,0.349858807576003,1,0,0,1,1,1,1,1,1,0,0,0,0,0,0,0,0,0,0,0,0
2.45867116515005,230,7,0,2,0.419067548593257,1,0,0,1,1,1,1,1,1,0,0,0,0,0,0,0,0,0,0,0,0
1.14746183835262,230,8,0,2,0.49182469764127,1,0,0,1,1,1,1,1,1,0,0,0,0,0,0,0,0,0,0,0,0
2.34148820264365,230,9,0,2,0.568312185490169,1,0,0,1,1,1,1,1,1,0,0,0,0,0,0,0,0,0,0,0,0
2.09516985098075,230,10,0,2,0.648721270700128,1,0,0,1,1,1,1,1,1,0,0,0,0,0,0,0,0,0,0,0,0
-0.892602336966861,231,1,0,1,0.01,0,1,1,0,1,1,1,0,0,0,0,1,0,0,0,0,0,0,0,0,0
-0.233689366736491,231,2,0,1,0.01,0,1,1,0,1,1,1,0,0,0,1,0,0,0,0,0,0,0,0,0,0
-1.14227529914698,231,3,0,1,0.01,0,1,1,0,1,1,1,0,0,0,0,0,0,0,0,0,1,0,0,0,0
-0.179867448200487,231,4,0,1,0.01,0,1,1,0,1,1,1,0,0,0,0,0,0,0,0,0,0,1,0,0,0
-1.06019692029148,231,5,0,1,0.01,0,1,1,0,1,1,1,0,0,0,0,0,0,0,0,0,0,0,1,0,0
0.0113295180823429,231,6,0,1,0.01,0,1,1,0,1,1,1,0,0,0,0,0,0,0,0,0,0,0,0,1,0
-0.62851925818738,231,7,0,1,0.01,0,1,1,0,1,1,1,0,0,0,0,0,0,0,0,0,0,0,0,0,1
-0.641684919887557,231,8,0,1,0.01,0,1,1,0,1,1,1,0,0,0,0,0,0,0,0,0,0,0,0,0,0
2.25766052771958,231,9,0,1,0.01,0,1,1,0,1,1,1,0,0,0,0,0,0,0,0,0,0,0,0,0,0
1.17040666555235,231,10,0,1,0.01,0,1,1,0,1,1,1,0,0,0,0,0,0,0,0,0,0,0,0,0,0
-0.608956563553501,232,1,0,2,0.0512710963760241,0,1,0,0,1,1,1,1,0,0,0,0,0,0,0,0,0,0,0,0,0
0.12494515304104,232,2,0,2,0.105170918075648,0,1,0,0,1,1,1,1,0,0,0,0,0,0,0,0,0,0,0,0,0
-0.472223902359877,232,3,0,2,0.161834242728283,0,1,0,0,1,1,1,1,0,0,0,0,0,0,0,0,0,0,0,0,0
1.13056077163589,232,4,0,2,0.22140275816017,0,1,0,0,1,1,1,1,0,0,0,0,0,0,0,0,0,0,0,0,0
1.27682343183485,232,5,0,2,0.284025416687741,0,1,0,0,1,1,1,1,0,0,0,0,0,0,0,1,0,0,0,0,0
1.09783214118091,232,6,0,2,0.349858807576003,0,1,0,0,1,1,1,1,0,0,0,0,0,0,1,0,0,0,0,0,0
1.91127573837625,232,7,0,2,0.419067548593257,0,1,0,0,1,1,1,1,0,0,0,0,0,1,0,0,0,0,0,0,0
2.29338116028455,232,8,0,2,0.49182469764127,0,1,0,0,1,1,1,1,0,0,0,0,1,0,0,0,0,0,0,0,0
2.58641115920456,232,9,0,2,0.568312185490169,0,1,0,0,1,1,1,1,0,0,0,1,0,0,0,0,0,0,0,0,0
2.67172357112967,232,10,0,2,0.648721270700128,0,1,0,0,1,1,1,1,0,0,1,0,0,0,0,0,0,0,0,0,0
0.000724819445040673,233,1,0,1,0.01,0,1,0,0,1,0,1,1,1,0,0,0,0,0,0,0,0,0,0,0,0
0.220754058009872,233,2,0,1,0.01,0,1,0,0,1,0,1,1,1,0,0,0,0,0,0,0,0,0,0,0,0
-0.741494516378266,233,3,0,1,0.01,0,1,0,0,1,0,1,1,1,0,0,0,0,0,0,0,0,0,0,0,0
0.71212236439602,233,4,0,1,0.01,0,1,0,0,1,0,1,1,1,0,0,0,0,0,0,0,0,0,0,0,0
-0.277186161975126,233,5,0,1,0.01,0,1,0,0,1,0,1,1,1,0,0,0,0,0,0,0,0,0,0,0,0
0.699058325526735,233,6,0,1,0.01,0,1,0,0,1,0,1,1,1,0,0,0,0,0,0,0,0,0,0,0,0
2.63367850537584,233,7,0,1,0.01,0,1,0,0,1,0,1,1,1,0,0,0,0,0,0,0,0,0,0,0,0
-0.776401269235402,233,8,0,1,0.01,0,1,0,0,1,0,1,1,1,0,0,0,0,0,0,0,0,0,0,0,0
3.08038850464386,233,9,0,1,0.01,0,1,0,0,1,0,1,1,1,0,0,0,0,0,0,0,0,0,0,0,0
-0.790209953056325,233,10,0,1,0.01,0,1,0,0,1,0,1,1,1,0,0,0,0,0,0,0,0,0,0,0,0
-2.19309270688451,234,1,0,1,0.01,0,0,0,1,1,0,1,1,1,1,0,0,0,0,0,0,0,0,0,0,0
0.108445564313817,234,2,0,1,0.01,0,0,0,1,1,0,1,1,1,1,0,0,0,0,0,0,0,0,0,0,0
0.691713680283571,234,3,0,1,0.01,0,0,0,1,1,0,1,1,1,1,0,0,0,0,0,0,0,0,0,0,0
1.2239688770813,234,4,0,1,0.01,0,0,0,1,1,0,1,1,1,1,0,0,0,0,0,0,0,0,0,0,0
0.722757644257493,234,5,0,1,0.01,0,0,0,1,1,0,1,1,1,1,0,0,0,0,0,0,0,0,0,0,0
1.98117539527199,234,6,0,1,0.01,0,0,0,1,1,0,1,1,1,1,0,0,0,0,0,0,0,0,0,0,0
1.28760878518272,234,7,0,1,0.01,0,0,0,1,1,0,1,1,1,1,0,0,0,0,0,0,0,0,0,0,0
1.27907475939966,234,8,0,1,0.01,0,0,0,1,1,0,1,1,1,1,0,0,0,0,0,0,0,0,0,0,0
2.01887081813484,234,9,0,1,0.01,0,0,0,1,1,0,1,1,1,1,0,0,0,0,0,0,0,0,0,0,0
2.05157478931686,234,10,0,1,0.01,0,0,0,1,1,0,1,1,1,1,0,0,0,0,0,0,0,0,0,0,0
-0.926718731727925,235,1,0,1,0.01,1,1,0,1,1,0,0,1,1,0,0,0,0,0,0,0,0,0,0,0,0
-0.342119886306705,235,2,0,1,0.01,1,1,0,1,1,0,0,1,1,0,0,0,0,0,0,0,0,0,0,0,0
0.541778720579742,235,3,0,1,0.01,1,1,0,1,1,0,0,1,1,0,0,0,0,0,0,0,0,0,0,0,0
1.9151900491546,235,4,0,1,0.01,1,1,0,1,1,0,0,1,1,0,0,0,0,0,0,0,0,0,0,0,0
-1.48402990382334,235,5,0,1,0.01,1,1,0,1,1,0,0,1,1,0,0,0,0,0,0,0,0,0,0,0,0
-0.32330549933322,235,6,0,1,0.01,1,1,0,1,1,0,0,1,1,0,0,0,0,0,0,0,0,0,0,0,0
0.579326404619775,235,7,0,1,0.01,1,1,0,1,1,0,0,1,1,0,0,0,0,0,0,0,0,0,0,0,0
0.695901206668788,235,8,0,1,0.01,1,1,0,1,1,0,0,1,1,0,0,0,0,0,0,0,0,0,0,0,0
-1.07378643152938,235,9,0,1,0.01,1,1,0,1,1,0,0,1,1,0,0,0,0,0,0,0,0,0,0,0,0
-0.104471194336706,235,10,0,1,0.01,1,1,0,1,1,0,0,1,1,0,0,0,0,0,0,0,0,0,0,0,0
1.11622995138843,236,1,0,1,0.01,1,0,1,0,0,1,1,0,1,0,0,0,0,0,0,0,0,0,0,0,0
-0.578170529873922,236,2,0,1,0.01,1,0,1,0,0,1,1,0,1,0,0,0,0,0,0,0,0,0,0,0,0
1.01999069841896,236,3,0,1,0.01,1,0,1,0,0,1,1,0,1,0,0,0,0,0,0,0,0,0,0,0,0
2.65804395782433,236,4,0,1,0.01,1,0,1,0,0,1,1,0,1,0,0,0,0,0,0,0,0,0,0,0,0
0.404956500151733,236,5,0,1,0.01,1,0,1,0,0,1,1,0,1,0,0,0,0,0,0,0,0,0,0,0,0
0.653308756931348,236,6,0,1,0.01,1,0,1,0,0,1,1,0,1,0,0,0,0,0,0,0,0,0,0,0,0
1.09520911964624,236,7,0,1,0.01,1,0,1,0,0,1,1,0,1,0,0,0,0,0,0,0,0,0,0,0,0
-1.07316189899886,236,8,0,1,0.01,1,0,1,0,0,1,1,0,1,0,0,0,0,0,0,0,0,0,0,0,0
-0.148728440438907,236,9,0,1,0.01,1,0,1,0,0,1,1,0,1,0,0,0,0,0,0,0,0,0,0,0,0
0.654807199760286,236,10,0,1,0.01,1,0,1,0,0,1,1,0,1,0,0,0,0,0,0,0,0,0,0,0,0
0.0119916037124148,237,1,0,2,0.0512710963760241,1,1,1,1,1,0,0,1,1,1,0,0,0,0,0,0,0,0,0,0,0
-1.40501721806967,237,2,0,2,0.105170918075648,1,1,1,1,1,0,0,1,1,1,0,0,0,0,0,0,0,0,0,0,0
0.754606546746512,237,3,0,2,0.161834242728283,1,1,1,1,1,0,0,1,1,1,0,0,0,0,0,0,0,0,0,0,0
1.68099419907106,237,4,0,2,0.22140275816017,1,1,1,1,1,0,0,1,1,1,0,0,0,0,0,0,0,0,0,0,0
1.75903533843684,237,5,0,2,0.284025416687741,1,1,1,1,1,0,0,1,1,1,0,0,0,0,0,0,0,0,0,0,0
2.28391064040529,237,6,0,2,0.349858807576003,1,1,1,1,1,0,0,1,1,1,0,0,0,0,0,0,0,0,0,0,0
2.84811892001947,237,7,0,2,0.419067548593257,1,1,1,1,1,0,0,1,1,1,0,0,0,0,0,0,0,0,0,0,0
1.51843367478644,237,8,0,2,0.49182469764127,1,1,1,1,1,0,0,1,1,1,0,0,0,0,0,0,0,0,0,0,0
1.83217570534593,237,9,0,2,0.568312185490169,1,1,1,1,1,0,0,1,1,1,0,0,0,0,0,0,0,0,0,0,0
2.46775140817188,237,10,0,2,0.648721270700128,1,1,1,1,1,0,0,1,1,1,0,0,0,0,0,0,0,0,0,0,0
0.0953141257453866,238,1,0,1,0.01,1,0,1,1,1,1,0,0,0,0,0,0,0,0,0,0,0,0,0,0,0
-0.842376807748536,238,2,0,1,0.01,1,0,1,1,1,1,0,0,0,0,0,0,0,0,0,0,0,0,0,0,0
-0.0586112069429435,238,3,0,1,0.01,1,0,1,1,1,1,0,0,0,0,0,0,0,0,0,0,0,0,0,0,0
-2.2366122585155,238,4,0,1,0.01,1,0,1,1,1,1,0,0,0,0,0,0,0,0,0,0,0,0,0,0,0
0.628257568770857,238,5,0,1,0.01,1,0,1,1,1,1,0,0,0,0,0,0,0,0,0,0,0,0,0,0,0
0.517743547896264,238,6,0,1,0.01,1,0,1,1,1,1,0,0,0,0,0,0,0,0,0,0,0,0,0,0,0
0.0136392067197729,238,7,0,1,0.01,1,0,1,1,1,1,0,0,0,0,0,0,0,0,0,0,0,0,0,0,0
-1.5436114748325,238,8,0,1,0.01,1,0,1,1,1,1,0,0,0,0,0,0,0,0,0,0,0,0,0,0,0
-0.65029758772677,238,9,0,1,0.01,1,0,1,1,1,1,0,0,0,0,0,0,0,0,0,0,0,0,0,0,0
-1.87819406333242,238,10,0,1,0.01,1,0,1,1,1,1,0,0,0,0,0,0,0,0,0,0,0,0,0,0,0
0.0442503733439392,239,1,0,1,0.01,1,0,0,0,0,1,0,1,0,0,0,0,0,0,0,0,0,0,0,0,0
-0.346585784273159,239,2,0,1,0.01,1,0,0,0,0,1,0,1,0,0,0,0,0,0,0,0,0,0,0,0,0
-0.30248473630853,239,3,0,1,0.01,1,0,0,0,0,1,0,1,0,0,0,0,0,0,0,0,0,0,0,0,0
0.35105237056231,239,4,0,1,0.01,1,0,0,0,0,1,0,1,0,0,0,0,0,0,0,0,0,0,0,0,0
-0.20959192461226,239,5,0,1,0.01,1,0,0,0,0,1,0,1,0,0,0,0,0,0,0,0,0,0,0,0,0
-0.244120096702388,239,6,0,1,0.01,1,0,0,0,0,1,0,1,0,0,0,0,0,0,0,0,0,0,0,0,0
0.606686474640278,239,7,0,1,0.01,1,0,0,0,0,1,0,1,0,0,0,0,0,0,0,0,0,0,0,0,0
-1.47136567901138,239,8,0,1,0.01,1,0,0,0,0,1,0,1,0,0,0,0,0,0,0,0,0,0,0,0,0
1.1216624912641,239,9,0,1,0.01,1,0,0,0,0,1,0,1,0,0,0,0,0,0,0,0,0,0,0,0,0
-1.38974034013836,239,10,0,1,0.01,1,0,0,0,0,1,0,1,0,0,0,0,0,0,0,0,0,0,0,0,0
0.887284163813105,240,1,0,2,0.0512710963760241,1,0,1,1,1,1,0,0,0,0,0,0,0,0,0,0,0,0,0,0,0
-0.981650329584696,240,2,0,2,0.105170918075648,1,0,1,1,1,1,0,0,0,0,0,0,0,0,0,0,0,0,0,0,0
2.58925621438684,240,3,0,2,0.161834242728283,1,0,1,1,1,1,0,0,0,0,0,0,0,0,0,0,0,0,0,0,0
2.02886961311015,240,4,0,2,0.22140275816017,1,0,1,1,1,1,0,0,0,0,0,0,0,0,0,0,0,0,0,0,0
2.43877058508673,240,5,0,2,0.284025416687741,1,0,1,1,1,1,0,0,0,0,0,0,0,0,0,0,0,0,0,0,0
0.498107929191155,240,6,0,2,0.349858807576003,1,0,1,1,1,1,0,0,0,0,0,0,0,0,0,0,0,0,0,0,0
1.73972647385218,240,7,0,2,0.419067548593257,1,0,1,1,1,1,0,0,0,0,0,0,0,0,0,0,0,0,0,0,0
0.00806799604326658,240,8,0,2,0.49182469764127,1,0,1,1,1,1,0,0,0,0,0,0,0,0,0,0,0,0,0,0,0
2.44617184098692,240,9,0,2,0.568312185490169,1,0,1,1,1,1,0,0,0,0,0,0,0,0,0,0,0,0,0,0,0
1.23262121135369,240,10,0,2,0.648721270700128,1,0,1,1,1,1,0,0,0,0,0,0,0,0,0,0,0,0,0,0,0
1.39534348381942,241,1,0,2,0.0512710963760241,0,0,1,0,0,0,0,1,0,1,0,0,0,0,0,0,0,0,0,0,0
0.572410413286717,241,2,0,2,0.105170918075648,0,0,1,0,0,0,0,1,0,1,0,0,0,0,0,0,0,0,0,0,0
2.49885697177595,241,3,0,2,0.161834242728283,0,0,1,0,0,0,0,1,0,1,0,0,0,0,0,0,0,0,0,0,0
1.83496679196093,241,4,0,2,0.22140275816017,0,0,1,0,0,0,0,1,0,1,0,0,0,0,0,0,0,0,0,0,0
0.900527518515617,241,5,0,2,0.284025416687741,0,0,1,0,0,0,0,1,0,1,0,0,0,0,0,0,0,0,0,0,0
1.39050203671531,241,6,0,2,0.349858807576003,0,0,1,0,0,0,0,1,0,1,0,0,0,0,0,0,0,0,0,0,0
2.37341340796114,241,7,0,2,0.419067548593257,0,0,1,0,0,0,0,1,0,1,0,0,0,0,0,0,0,0,0,0,0
-0.510124016257602,241,8,0,2,0.49182469764127,0,0,1,0,0,0,0,1,0,1,0,0,0,0,0,0,0,0,0,0,0
2.96122342299088,241,9,0,2,0.568312185490169,0,0,1,0,0,0,0,1,0,1,0,0,0,0,0,0,0,0,0,0,0
6.34557688696276,241,10,0,2,0.648721270700128,0,0,1,0,0,0,0,1,0,1,0,0,0,0,0,0,0,0,0,0,0
1.04400960514187,242,1,0,1,0.01,0,0,1,0,1,1,0,0,1,0,0,0,0,0,0,0,0,0,0,0,0
0.0301756141695069,242,2,0,1,0.01,0,0,1,0,1,1,0,0,1,0,0,0,0,0,0,0,0,0,0,0,0
-0.13662278200792,242,3,0,1,0.01,0,0,1,0,1,1,0,0,1,0,0,0,0,0,0,0,0,0,0,0,0
0.301390326119244,242,4,0,1,0.01,0,0,1,0,1,1,0,0,1,0,0,0,0,0,0,0,0,0,0,0,0
0.601071452618905,242,5,0,1,0.01,0,0,1,0,1,1,0,0,1,0,0,0,0,0,0,0,0,0,0,0,0
-0.438083270687913,242,6,0,1,0.01,0,0,1,0,1,1,0,0,1,0,0,0,0,0,0,0,0,0,0,0,0
-0.295400859558529,242,7,0,1,0.01,0,0,1,0,1,1,0,0,1,0,0,0,0,0,0,0,0,0,0,0,0
0.0400357589230684,242,8,0,1,0.01,0,0,1,0,1,1,0,0,1,0,0,0,0,0,0,0,0,0,0,0,0
0.19692437540691,242,9,0,1,0.01,0,0,1,0,1,1,0,0,1,0,0,0,0,0,0,0,0,0,0,0,0
-0.0604697592011138,242,10,0,1,0.01,0,0,1,0,1,1,0,0,1,0,0,0,0,0,0,0,0,0,0,0,0
0.599346071957438,243,1,0,2,0.0512710963760241,1,1,0,1,1,0,1,1,0,0,0,0,0,0,0,0,0,0,0,0,0
1.57241093303212,243,2,0,2,0.105170918075648,1,1,0,1,1,0,1,1,0,0,0,0,0,0,0,0,0,0,0,0,0
2.00870913927034,243,3,0,2,0.161834242728283,1,1,0,1,1,0,1,1,0,0,0,0,0,0,0,0,0,0,0,0,0
1.29654371555768,243,4,0,2,0.22140275816017,1,1,0,1,1,0,1,1,0,0,0,0,0,0,0,0,0,0,0,0,0
2.71604241406261,243,5,0,2,0.284025416687741,1,1,0,1,1,0,1,1,0,0,0,0,0,0,0,0,0,0,0,0,0
-0.956588815433081,243,6,0,2,0.349858807576003,1,1,0,1,1,0,1,1,0,0,0,0,0,0,0,0,0,0,0,0,0
0.399067179478946,243,7,0,2,0.419067548593257,1,1,0,1,1,0,1,1,0,0,0,0,0,0,0,0,0,0,0,0,0
0.189945815943112,243,8,0,2,0.49182469764127,1,1,0,1,1,0,1,1,0,0,0,0,0,0,0,0,0,0,0,0,0
2.47780863359732,243,9,0,2,0.568312185490169,1,1,0,1,1,0,1,1,0,0,0,0,0,0,0,0,0,0,0,0,0
2.26152827507766,243,10,0,2,0.648721270700128,1,1,0,1,1,0,1,1,0,0,0,0,0,0,0,0,0,0,0,0,0
0.392344850841258,244,1,0,2,0.0512710963760241,0,0,1,0,1,1,0,1,0,0,0,0,0,0,0,0,0,0,0,0,0
0.499840645666849,244,2,0,2,0.105170918075648,0,0,1,0,1,1,0,1,0,0,0,0,0,0,0,0,0,0,0,0,0
-0.477580953252481,244,3,0,2,0.161834242728283,0,0,1,0,1,1,0,1,0,0,0,0,0,0,0,0,0,0,0,0,0
-0.370040187307925,244,4,0,2,0.22140275816017,0,0,1,0,1,1,0,1,0,0,0,0,0,0,0,0,0,0,0,0,0
1.64695466083108,244,5,0,2,0.284025416687741,0,0,1,0,1,1,0,1,0,0,0,0,0,0,0,1,0,0,0,0,0
0.45164012393562,244,6,0,2,0.349858807576003,0,0,1,0,1,1,0,1,0,0,0,0,0,0,1,0,0,0,0,0,0
0.264484508435285,244,7,0,2,0.419067548593257,0,0,1,0,1,1,0,1,0,0,0,0,0,1,0,0,0,0,0,0,0
2.78283455064846,244,8,0,2,0.49182469764127,0,0,1,0,1,1,0,1,0,0,0,0,1,0,0,0,0,0,0,0,0
2.76077541831522,244,9,0,2,0.568312185490169,0,0,1,0,1,1,0,1,0,0,0,1,0,0,0,0,0,0,0,0,0
3.68296486906123,244,10,0,2,0.648721270700128,0,0,1,0,1,1,0,1,0,0,1,0,0,0,0,0,0,0,0,0,0
-0.789447576913938,245,1,0,1,0.01,1,0,0,1,1,1,1,0,1,0,0,0,0,0,0,0,0,0,0,0,0
0.15888085418505,245,2,0,1,0.01,1,0,0,1,1,1,1,0,1,0,0,0,0,0,0,0,0,0,0,0,0
1.7529495856751,245,3,0,1,0.01,1,0,0,1,1,1,1,0,1,0,0,0,0,0,0,0,0,0,0,0,0
0.646581613946035,245,4,0,1,0.01,1,0,0,1,1,1,1,0,1,0,0,0,0,0,0,0,0,0,0,0,0
-0.766760514534187,245,5,0,1,0.01,1,0,0,1,1,1,1,0,1,0,0,0,0,0,0,0,0,0,0,0,0
0.45824665665348,245,6,0,1,0.01,1,0,0,1,1,1,1,0,1,0,0,0,0,0,0,0,0,0,0,0,0
-0.228049567800974,245,7,0,1,0.01,1,0,0,1,1,1,1,0,1,0,0,0,0,0,0,0,0,0,0,0,0
-0.935860105136279,245,8,0,1,0.01,1,0,0,1,1,1,1,0,1,0,0,0,0,0,0,0,0,0,0,0,0
0.810362399857426,245,9,0,1,0.01,1,0,0,1,1,1,1,0,1,0,0,0,0,0,0,0,0,0,0,0,0
0.371210934475658,245,10,0,1,0.01,1,0,0,1,1,1,1,0,1,0,0,0,0,0,0,0,0,0,0,0,0
1.72328926360996,246,1,0,2,0.0512710963760241,1,1,1,0,1,0,0,0,0,0,0,0,0,0,0,0,0,0,0,0,0
0.961118293914939,246,2,0,2,0.105170918075648,1,1,1,0,1,0,0,0,0,0,0,0,0,0,0,0,0,0,0,0,0
0.784595561398535,246,3,0,2,0.161834242728283,1,1,1,0,1,0,0,0,0,0,0,0,0,0,0,0,0,0,0,0,0
0.172380484714602,246,4,0,2,0.22140275816017,1,1,1,0,1,0,0,0,0,0,0,0,0,0,0,0,0,0,0,0,0
1.28800771016667,246,5,0,2,0.284025416687741,1,1,1,0,1,0,0,0,0,0,0,0,0,0,0,0,0,0,0,0,0
2.06415055598971,246,6,0,2,0.349858807576003,1,1,1,0,1,0,0,0,0,0,0,0,0,0,0,0,0,0,0,0,0
2.80636613872108,246,7,0,2,0.419067548593257,1,1,1,0,1,0,0,0,0,0,0,0,0,0,0,0,0,0,0,0,0
4.30113541424092,246,8,0,2,0.49182469764127,1,1,1,0,1,0,0,0,0,0,0,0,0,0,0,0,0,0,0,0,0
3.13577468947651,246,9,0,2,0.568312185490169,1,1,1,0,1,0,0,0,0,0,0,0,0,0,0,0,0,0,0,0,0
3.47280562104645,246,10,0,2,0.648721270700128,1,1,1,0,1,0,0,0,0,0,0,0,0,0,0,0,0,0,0,0,0
1.73806150142908,247,1,0,2,0.0512710963760241,0,0,1,0,0,0,1,1,0,0,0,0,0,0,0,0,0,0,0,0,0
-1.07816164687062,247,2,0,2,0.105170918075648,0,0,1,0,0,0,1,1,0,0,0,0,0,0,0,0,0,0,0,0,0
0.648453568039254,247,3,0,2,0.161834242728283,0,0,1,0,0,0,1,1,0,0,0,0,0,0,0,0,0,0,0,0,0
0.658919918753981,247,4,0,2,0.22140275816017,0,0,1,0,0,0,1,1,0,0,0,0,0,0,0,0,0,0,0,0,0
2.07152117598897,247,5,0,2,0.284025416687741,0,0,1,0,0,0,1,1,0,0,0,0,0,0,0,0,0,0,0,0,0
4.02883708057772,247,6,0,2,0.349858807576003,0,0,1,0,0,0,1,1,0,0,0,0,0,0,0,0,0,0,0,0,0
2.26957572042348,247,7,0,2,0.419067548593257,0,0,1,0,0,0,1,1,0,0,0,0,0,0,0,0,0,0,0,0,0
2.40242801170592,247,8,0,2,0.49182469764127,0,0,1,0,0,0,1,1,0,0,0,0,0,0,0,0,0,0,0,0,0
3.53753013276217,247,9,0,2,0.568312185490169,0,0,1,0,0,0,1,1,0,0,0,0,0,0,0,0,0,0,0,0,0
3.59103401961014,247,10,0,2,0.648721270700128,0,0,1,0,0,0,1,1,0,0,0,0,0,0,0,0,0,0,0,0,0
1.30126776836977,248,1,0,3,0.127496851579376,0,0,0,1,0,0,1,1,0,0,0,0,0,0,1,0,0,0,0,0,0
2.00284309937901,248,2,0,3,0.271249150321405,0,0,0,1,0,0,1,1,0,0,0,0,0,1,0,0,0,0,0,0,0
2.99727462217668,248,3,0,3,0.43332941456034,0,0,0,1,0,0,1,1,0,0,0,0,1,0,0,0,0,0,0,0,0
1.6629055679414,248,4,0,3,0.616074402192893,0,0,0,1,0,0,1,1,0,0,0,1,0,0,0,0,0,0,0,0,0
1.13206284943182,248,5,0,3,0.822118800390509,0,0,0,1,0,0,1,1,0,0,1,0,0,0,0,0,0,0,0,0,0
4.16379466836408,248,6,0,3,1.05443321064389,0,0,0,1,0,0,1,1,0,0,0,0,0,0,0,0,1,0,0,0,0
9.25964351469649,248,7,0,3,1.31636697678109,0,0,0,1,0,0,1,1,0,0,0,0,0,0,0,0,0,1,0,0,0
9.71483179233966,248,8,0,3,1.61169647342312,0,0,0,1,0,0,1,1,0,0,0,0,0,0,0,0,0,0,1,0,0
10.2284706159625,248,9,0,3,1.94467955106552,0,0,0,1,0,0,1,1,0,0,0,0,0,0,0,0,0,0,0,1,0
11.0633929534899,248,10,0,3,2.32011692273655,0,0,0,1,0,0,1,1,0,0,0,0,0,0,0,0,0,0,0,0,1
0.0850422395065413,249,1,0,1,0.01,1,1,1,1,1,1,1,1,0,0,0,0,0,0,0,0,0,0,0,0,0
-0.862215774975724,249,2,0,1,0.01,1,1,1,1,1,1,1,1,0,0,0,0,0,0,0,0,0,0,0,0,0
-0.256420359201795,249,3,0,1,0.01,1,1,1,1,1,1,1,1,0,0,0,0,0,0,0,0,0,0,0,0,0
-0.207110449518691,249,4,0,1,0.01,1,1,1,1,1,1,1,1,0,0,0,0,0,0,0,0,0,0,0,0,0
-0.499822576427671,249,5,0,1,0.01,1,1,1,1,1,1,1,1,0,0,0,0,0,0,0,0,0,0,0,0,0
0.19789003141737,249,6,0,1,0.01,1,1,1,1,1,1,1,1,0,0,0,0,0,0,0,0,0,0,0,0,0
-0.904750461568121,249,7,0,1,0.01,1,1,1,1,1,1,1,1,0,0,0,0,0,0,0,0,0,0,0,0,0
-1.27186205350272,249,8,0,1,0.01,1,1,1,1,1,1,1,1,0,0,0,0,0,0,0,0,0,0,0,0,0
1.26672211958955,249,9,0,1,0.01,1,1,1,1,1,1,1,1,0,0,0,0,0,0,0,0,0,0,0,0,0
0.756953411221916,249,10,0,1,0.01,1,1,1,1,1,1,1,1,0,0,0,0,0,0,0,0,0,0,0,0,0
0.563845324233085,250,1,0,1,0.01,0,0,0,0,1,0,1,0,0,0,0,0,0,0,0,0,0,0,0,0,0
-1.11723350896602,250,2,0,1,0.01,0,0,0,0,1,0,1,0,0,0,0,0,0,0,0,0,0,0,0,0,0
0.348529316663287,250,3,0,1,0.01,0,0,0,0,1,0,1,0,0,0,0,0,0,0,0,0,0,0,0,0,0
0.809960978559573,250,4,0,1,0.01,0,0,0,0,1,0,1,0,0,0,0,0,0,0,0,0,0,0,0,0,0
-1.32660345212882,250,5,0,1,0.01,0,0,0,0,1,0,1,0,0,0,0,0,0,0,0,0,0,0,0,0,0
-0.246537343063998,250,6,0,1,0.01,0,0,0,0,1,0,1,0,0,0,0,0,0,0,0,0,0,0,0,0,0
-0.587003662533604,250,7,0,1,0.01,0,0,0,0,1,0,1,0,0,0,0,0,0,0,0,0,0,0,0,0,0
-0.308798116565143,250,8,0,1,0.01,0,0,0,0,1,0,1,0,0,0,0,0,0,0,0,0,0,0,0,0,0
-0.206203549251423,250,9,0,1,0.01,0,0,0,0,1,0,1,0,0,0,0,0,0,0,0,0,0,0,0,0,0
0.0504246350038787,250,10,0,1,0.01,0,0,0,0,1,0,1,0,0,0,0,0,0,0,0,0,0,0,0,0,0
2.01788719047884,251,1,0,2,0.0512710963760241,1,1,1,1,0,1,1,0,0,0,0,0,0,0,0,0,0,0,0,0,0
0.632161770173387,251,2,0,2,0.105170918075648,1,1,1,1,0,1,1,0,0,0,0,0,0,0,0,0,0,0,0,0,0
1.72495208731821,251,3,0,2,0.161834242728283,1,1,1,1,0,1,1,0,0,0,0,0,0,0,0,0,0,0,0,0,0
0.587400035864359,251,4,0,2,0.22140275816017,1,1,1,1,0,1,1,0,0,0,0,0,0,0,0,0,0,0,0,0,0
0.850670068063186,251,5,0,2,0.284025416687741,1,1,1,1,0,1,1,0,0,0,0,0,0,0,0,0,0,0,0,0,0
0.490404816620545,251,6,0,2,0.349858807576003,1,1,1,1,0,1,1,0,0,0,0,0,0,0,0,0,0,0,0,0,0
3.15689584247625,251,7,0,2,0.419067548593257,1,1,1,1,0,1,1,0,0,0,0,0,0,0,0,0,0,0,0,0,0
2.46646148603774,251,8,0,2,0.49182469764127,1,1,1,1,0,1,1,0,0,0,0,0,0,0,0,0,0,0,0,0,0
0.967310031773997,251,9,0,2,0.568312185490169,1,1,1,1,0,1,1,0,0,0,0,0,0,0,0,0,0,0,0,0,0
3.60309978900114,251,10,0,2,0.648721270700128,1,1,1,1,0,1,1,0,0,0,0,0,0,0,0,0,0,0,0,0,0
-1.56689847128646,252,1,0,1,0.01,1,0,0,0,1,0,1,0,0,0,0,0,0,0,0,0,0,0,0,0,0
-0.173631002024374,252,2,0,1,0.01,1,0,0,0,1,0,1,0,0,0,0,0,0,0,0,0,0,0,0,0,0
-1.24200657614689,252,3,0,1,0.01,1,0,0,0,1,0,1,0,0,0,0,0,0,0,0,0,0,0,0,0,0
2.2127732938232,252,4,0,1,0.01,1,0,0,0,1,0,1,0,0,0,0,0,0,0,0,0,0,0,0,0,0
-0.585887638413172,252,5,0,1,0.01,1,0,0,0,1,0,1,0,0,0,0,0,0,0,0,0,0,0,0,0,0
0.0141320856633254,252,6,0,1,0.01,1,0,0,0,1,0,1,0,0,0,0,0,0,0,0,0,0,0,0,0,0
1.39743502959954,252,7,0,1,0.01,1,0,0,0,1,0,1,0,0,0,0,0,0,0,0,0,0,0,0,0,0
0.473761815896633,252,8,0,1,0.01,1,0,0,0,1,0,1,0,0,0,0,0,0,0,0,0,0,0,0,0,0
1.2574747272579,252,9,0,1,0.01,1,0,0,0,1,0,1,0,0,0,0,0,0,0,0,0,0,0,0,0,0
0.2396696085431,252,10,0,1,0.01,1,0,0,0,1,0,1,0,0,0,0,0,0,0,0,0,0,0,0,0,0
2.292062333577,253,1,0,3,0.127496851579376,0,0,0,1,0,0,0,1,0,0,0,0,0,0,0,1,0,0,0,0,0
1.81629837366215,253,2,0,3,0.271249150321405,0,0,0,1,0,0,0,1,0,0,0,0,0,0,1,0,0,0,0,0,0
0.905890262150574,253,3,0,3,0.43332941456034,0,0,0,1,0,0,0,1,0,0,0,0,0,1,0,0,0,0,0,0,0
2.33950991702816,253,4,0,3,0.616074402192893,0,0,0,1,0,0,0,1,0,0,0,0,1,0,0,0,0,0,0,0,0
4.61440432776052,253,5,0,3,0.822118800390509,0,0,0,1,0,0,0,1,0,0,0,1,0,0,0,0,0,0,0,0,0
6.01392134076174,253,6,0,3,1.05443321064389,0,0,0,1,0,0,0,1,0,0,1,0,0,0,0,0,0,0,0,0,0
5.80633162832501,253,7,0,3,1.31636697678109,0,0,0,1,0,0,0,1,0,0,0,0,0,0,0,0,1,0,0,0,0
9.42445291584941,253,8,0,3,1.61169647342312,0,0,0,1,0,0,0,1,0,0,0,0,0,0,0,0,0,1,0,0,0
11.4274497276243,253,9,0,3,1.94467955106552,0,0,0,1,0,0,0,1,0,0,0,0,0,0,0,0,0,0,1,0,0
10.8043487809246,253,10,0,3,2.32011692273655,0,0,0,1,0,0,0,1,0,0,0,0,0,0,0,0,0,0,0,1,0
0.0147971356501088,254,1,0,3,0.127496851579376,0,0,0,0,0,1,1,1,1,0,0,0,0,0,1,0,0,0,0,0,0
-0.320987532734497,254,2,0,3,0.271249150321405,0,0,0,0,0,1,1,1,1,0,0,0,0,1,0,0,0,0,0,0,0
2.30576514932171,254,3,0,3,0.43332941456034,0,0,0,0,0,1,1,1,1,0,0,0,1,0,0,0,0,0,0,0,0
2.53727364839835,254,4,0,3,0.616074402192893,0,0,0,0,0,1,1,1,1,0,0,1,0,0,0,0,0,0,0,0,0
4.32618361470364,254,5,0,3,0.822118800390509,0,0,0,0,0,1,1,1,1,0,1,0,0,0,0,0,0,0,0,0,0
6.24895831224732,254,6,0,3,1.05443321064389,0,0,0,0,0,1,1,1,1,0,0,0,0,0,0,0,1,0,0,0,0
5.80215651800308,254,7,0,3,1.31636697678109,0,0,0,0,0,1,1,1,1,0,0,0,0,0,0,0,0,1,0,0,0
8.2455935508065,254,8,0,3,1.61169647342312,0,0,0,0,0,1,1,1,1,0,0,0,0,0,0,0,0,0,1,0,0
10.0877683152677,254,9,0,3,1.94467955106552,0,0,0,0,0,1,1,1,1,0,0,0,0,0,0,0,0,0,0,1,0
11.6399558585346,254,10,0,3,2.32011692273655,0,0,0,0,0,1,1,1,1,0,0,0,0,0,0,0,0,0,0,0,1
1.60048571380962,255,1,0,1,0.01,0,0,0,0,0,0,1,1,1,1,0,0,0,0,0,0,0,0,0,0,0
0.498855845568484,255,2,0,1,0.01,0,0,0,0,0,0,1,1,1,1,0,0,0,0,0,0,0,0,0,0,0
-2.2494745440602,255,3,0,1,0.01,0,0,0,0,0,0,1,1,1,1,0,0,0,0,0,0,0,0,0,0,0
0.842037338457921,255,4,0,1,0.01,0,0,0,0,0,0,1,1,1,1,0,0,0,0,0,0,0,0,0,0,0
-1.35052764775532,255,5,0,1,0.01,0,0,0,0,0,0,1,1,1,1,0,0,0,0,0,0,0,0,0,0,0
0.708563436667886,255,6,0,1,0.01,0,0,0,0,0,0,1,1,1,1,0,0,0,0,0,0,0,0,0,0,0
0.802038864741536,255,7,0,1,0.01,0,0,0,0,0,0,1,1,1,1,0,0,0,0,0,0,0,0,0,0,0
-1.79128880143474,255,8,0,1,0.01,0,0,0,0,0,0,1,1,1,1,0,0,0,0,0,0,0,0,0,0,0
-1.47083743783202,255,9,0,1,0.01,0,0,0,0,0,0,1,1,1,1,0,0,0,0,0,0,0,0,0,0,0
1.43454967839038,255,10,0,1,0.01,0,0,0,0,0,0,1,1,1,1,0,0,0,0,0,0,0,0,0,0,0
0.789129537239401,256,1,0,1,0.01,1,1,1,0,0,0,0,0,0,1,0,0,0,0,0,0,0,0,0,0,0
0.555480514519257,256,2,0,1,0.01,1,1,1,0,0,0,0,0,0,1,0,0,0,0,0,0,0,0,0,0,0
-0.924530211996414,256,3,0,1,0.01,1,1,1,0,0,0,0,0,0,1,0,0,0,0,0,0,0,0,0,0,0
-0.615449896408365,256,4,0,1,0.01,1,1,1,0,0,0,0,0,0,1,0,0,0,0,0,0,0,0,0,0,0
-0.615760012141519,256,5,0,1,0.01,1,1,1,0,0,0,0,0,0,1,0,0,0,0,0,0,0,0,0,0,0
-1.00435365835935,256,6,0,1,0.01,1,1,1,0,0,0,0,0,0,1,0,0,0,0,0,0,0,0,0,0,0
-0.59085880907155,256,7,0,1,0.01,1,1,1,0,0,0,0,0,0,1,0,0,0,0,0,0,0,0,0,0,0
0.950005690774786,256,8,0,1,0.01,1,1,1,0,0,0,0,0,0,1,0,0,0,0,0,0,0,0,0,0,0
-0.665920199442158,256,9,0,1,0.01,1,1,1,0,0,0,0,0,0,1,0,0,0,0,0,0,0,0,0,0,0
1.2669633077219,256,10,0,1,0.01,1,1,1,0,0,0,0,0,0,1,0,0,0,0,0,0,0,0,0,0,0
1.61357030886514,257,1,0,3,0.127496851579376,1,1,0,1,0,1,1,1,0,1,0,0,0,0,0,0,0,0,0,0,0
1.54288784700882,257,2,0,3,0.271249150321405,1,1,0,1,0,1,1,1,0,1,0,0,0,0,0,0,0,0,0,0,0
1.20480958311682,257,3,0,3,0.43332941456034,1,1,0,1,0,1,1,1,0,1,0,0,0,0,0,0,0,0,0,0,0
2.88438108702231,257,4,0,3,0.616074402192893,1,1,0,1,0,1,1,1,0,1,0,0,0,0,0,0,0,0,0,0,0
4.42793134671728,257,5,0,3,0.822118800390509,1,1,0,1,0,1,1,1,0,1,0,0,0,0,0,0,0,0,0,0,0
6.95016016094213,257,6,0,3,1.05443321064389,1,1,0,1,0,1,1,1,0,1,0,0,0,0,0,0,0,0,0,0,0
5.50168103615191,257,7,0,3,1.31636697678109,1,1,0,1,0,1,1,1,0,1,0,0,0,0,0,0,0,0,0,0,0
7.51739169810982,257,8,0,3,1.61169647342312,1,1,0,1,0,1,1,1,0,1,0,0,0,0,0,0,0,0,0,0,0
8.16844576131841,257,9,0,3,1.94467955106552,1,1,0,1,0,1,1,1,0,1,0,0,0,0,0,0,0,0,0,0,0
11.7388175932901,257,10,0,3,2.32011692273655,1,1,0,1,0,1,1,1,0,1,0,0,0,0,0,0,0,0,0,0,0
2.32941279095261,258,1,0,1,0.01,1,1,1,1,0,0,1,0,0,0,0,0,0,0,0,0,0,0,0,0,0
-1.36049731657919,258,2,0,1,0.01,1,1,1,1,0,0,1,0,0,0,0,0,0,0,0,0,0,0,0,0,0
-0.624518634664925,258,3,0,1,0.01,1,1,1,1,0,0,1,0,0,0,0,0,0,0,0,0,0,0,0,0,0
0.226435724946687,258,4,0,1,0.01,1,1,1,1,0,0,1,0,0,0,0,0,0,0,0,0,0,0,0,0,0
1.89321286919051,258,5,0,1,0.01,1,1,1,1,0,0,1,0,0,0,0,0,0,0,0,0,0,0,0,0,0
0.322103826777662,258,6,0,1,0.01,1,1,1,1,0,0,1,0,0,0,0,0,0,0,0,0,0,0,0,0,0
1.88436470518907,258,7,0,1,0.01,1,1,1,1,0,0,1,0,0,0,0,0,0,0,0,0,0,0,0,0,0
0.175142198254294,258,8,0,1,0.01,1,1,1,1,0,0,1,0,0,0,0,0,0,0,0,0,0,0,0,0,0
-1.81662775434074,258,9,0,1,0.01,1,1,1,1,0,0,1,0,0,0,0,0,0,0,0,0,0,0,0,0,0
-0.0248663281533598,258,10,0,1,0.01,1,1,1,1,0,0,1,0,0,0,0,0,0,0,0,0,0,0,0,0,0
1.34007073647297,259,1,0,1,0.01,1,0,1,0,1,0,1,0,0,1,0,0,0,0,0,0,0,0,0,0,0
-0.168225768363941,259,2,0,1,0.01,1,0,1,0,1,0,1,0,0,1,0,0,0,0,0,0,0,0,0,0,0
-0.0210379079905349,259,3,0,1,0.01,1,0,1,0,1,0,1,0,0,1,0,0,0,0,0,0,0,0,0,0,0
0.620081530079618,259,4,0,1,0.01,1,0,1,0,1,0,1,0,0,1,0,0,0,0,0,0,0,0,0,0,0
0.0218119938273715,259,5,0,1,0.01,1,0,1,0,1,0,1,0,0,1,0,0,0,0,0,0,0,0,0,0,0
-0.077843931048472,259,6,0,1,0.01,1,0,1,0,1,0,1,0,0,1,0,0,0,0,0,0,0,0,0,0,0
0.56972384104923,259,7,0,1,0.01,1,0,1,0,1,0,1,0,0,1,0,0,0,0,0,0,0,0,0,0,0
1.46596780901191,259,8,0,1,0.01,1,0,1,0,1,0,1,0,0,1,0,0,0,0,0,0,0,0,0,0,0
-1.62827364264967,259,9,0,1,0.01,1,0,1,0,1,0,1,0,0,1,0,0,0,0,0,0,0,0,0,0,0
0.037537809995785,259,10,0,1,0.01,1,0,1,0,1,0,1,0,0,1,0,0,0,0,0,0,0,0,0,0,0
1.08071635949476,260,1,0,1,0.01,0,1,1,0,1,1,0,0,1,1,0,0,0,0,0,0,0,0,0,0,0
-0.388580395649416,260,2,0,1,0.01,0,1,1,0,1,1,0,0,1,1,0,0,0,0,0,0,0,0,0,0,0
0.941976305355312,260,3,0,1,0.01,0,1,1,0,1,1,0,0,1,1,0,0,0,0,0,0,0,0,0,0,0
-1.12524533883617,260,4,0,1,0.01,0,1,1,0,1,1,0,0,1,1,0,0,0,0,0,0,0,0,0,0,0
-0.374684343307149,260,5,0,1,0.01,0,1,1,0,1,1,0,0,1,1,0,0,0,0,0,0,0,0,0,0,0
-0.0953090165034628,260,6,0,1,0.01,0,1,1,0,1,1,0,0,1,1,0,0,0,0,0,0,0,0,0,0,0
-0.862444705788201,260,7,0,1,0.01,0,1,1,0,1,1,0,0,1,1,0,0,0,0,0,0,0,0,0,0,0
-0.462351820575203,260,8,0,1,0.01,0,1,1,0,1,1,0,0,1,1,0,0,0,0,0,0,0,0,0,0,0
-0.398617935894482,260,9,0,1,0.01,0,1,1,0,1,1,0,0,1,1,0,0,0,0,0,0,0,0,0,0,0
-0.056714146913766,260,10,0,1,0.01,0,1,1,0,1,1,0,0,1,1,0,0,0,0,0,0,0,0,0,0,0
1.80809105498077,261,1,0,1,0.01,1,1,0,0,1,1,0,0,1,0,0,0,0,0,0,0,0,0,0,0,0
0.78974538908042,261,2,0,1,0.01,1,1,0,0,1,1,0,0,1,0,0,0,0,0,0,0,0,0,0,0,0
-1.67877198194683,261,3,0,1,0.01,1,1,0,0,1,1,0,0,1,0,0,0,0,0,0,0,0,0,0,0,0
-2.05758758163502,261,4,0,1,0.01,1,1,0,0,1,1,0,0,1,0,0,0,0,0,0,0,0,0,0,0,0
1.02934377948748,261,5,0,1,0.01,1,1,0,0,1,1,0,0,1,0,0,0,0,0,0,0,0,0,0,0,0
0.739562924225737,261,6,0,1,0.01,1,1,0,0,1,1,0,0,1,0,0,0,0,0,0,0,0,0,0,0,0
0.752031828029148,261,7,0,1,0.01,1,1,0,0,1,1,0,0,1,0,0,0,0,0,0,0,0,0,0,0,0
-0.787002034516955,261,8,0,1,0.01,1,1,0,0,1,1,0,0,1,0,0,0,0,0,0,0,0,0,0,0,0
0.141602414266862,261,9,0,1,0.01,1,1,0,0,1,1,0,0,1,0,0,0,0,0,0,0,0,0,0,0,0
-0.686848741200266,261,10,0,1,0.01,1,1,0,0,1,1,0,0,1,0,0,0,0,0,0,0,0,0,0,0,0
-0.0441067669857013,262,1,0,1,0.01,1,1,0,0,1,1,0,1,0,1,0,0,0,0,0,0,0,0,0,0,0
1.70321180429539,262,2,0,1,0.01,1,1,0,0,1,1,0,1,0,1,0,0,0,0,0,0,0,0,0,0,0
0.0602972296790148,262,3,0,1,0.01,1,1,0,0,1,1,0,1,0,1,0,0,0,0,0,0,0,0,0,0,0
-1.52282639307231,262,4,0,1,0.01,1,1,0,0,1,1,0,1,0,1,0,0,0,0,0,0,0,0,0,0,0
-1.59307298565953,262,5,0,1,0.01,1,1,0,0,1,1,0,1,0,1,0,0,0,0,0,0,0,0,0,0,0
-0.444736683433897,262,6,0,1,0.01,1,1,0,0,1,1,0,1,0,1,0,0,0,0,0,0,0,0,0,0,0
0.986392071725989,262,7,0,1,0.01,1,1,0,0,1,1,0,1,0,1,0,0,0,0,0,0,0,0,0,0,0
0.0318211322986391,262,8,0,1,0.01,1,1,0,0,1,1,0,1,0,1,0,0,0,0,0,0,0,0,0,0,0
-1.07159032368334,262,9,0,1,0.01,1,1,0,0,1,1,0,1,0,1,0,0,0,0,0,0,0,0,0,0,0
-1.95762617878509,262,10,0,1,0.01,1,1,0,0,1,1,0,1,0,1,0,0,0,0,0,0,0,0,0,0,0
1.61419235477477,263,1,0,1,0.01,0,1,0,0,1,1,0,0,0,1,0,0,0,0,0,0,0,0,0,0,0
2.40483667176435,263,2,0,1,0.01,0,1,0,0,1,1,0,0,0,1,0,0,0,0,0,0,0,0,0,0,0
-1.29420093447873,263,3,0,1,0.01,0,1,0,0,1,1,0,0,0,1,0,0,0,0,0,0,0,0,0,0,0
0.385729904606219,263,4,0,1,0.01,0,1,0,0,1,1,0,0,0,1,0,0,0,0,0,0,0,0,0,0,0
0.171386346647915,263,5,0,1,0.01,0,1,0,0,1,1,0,0,0,1,0,0,0,0,0,0,0,0,0,0,0
-0.651775369321512,263,6,0,1,0.01,0,1,0,0,1,1,0,0,0,1,0,0,0,0,0,0,0,0,0,0,0
0.687012458500017,263,7,0,1,0.01,0,1,0,0,1,1,0,0,0,1,0,0,0,0,0,0,0,0,0,0,0
-0.618597610969686,263,8,0,1,0.01,0,1,0,0,1,1,0,0,0,1,0,0,0,0,0,0,0,0,0,0,0
0.0159733417045549,263,9,0,1,0.01,0,1,0,0,1,1,0,0,0,1,0,0,0,0,0,0,0,0,0,0,0
0.320453561044721,263,10,0,1,0.01,0,1,0,0,1,1,0,0,0,1,0,0,0,0,0,0,0,0,0,0,0
1.11167825388479,264,1,0,2,0.0512710963760241,0,0,0,1,0,1,1,1,0,1,0,0,0,0,0,0,0,0,0,0,0
1.74488730817607,264,2,0,2,0.105170918075648,0,0,0,1,0,1,1,1,0,1,0,0,0,0,0,0,0,0,0,0,0
0.136767435748412,264,3,0,2,0.161834242728283,0,0,0,1,0,1,1,1,0,1,0,0,0,0,0,0,0,0,0,0,0
0.958020059636316,264,4,0,2,0.22140275816017,0,0,0,1,0,1,1,1,0,1,0,0,0,0,0,0,0,0,0,0,0
1.81699451517945,264,5,0,2,0.284025416687741,0,0,0,1,0,1,1,1,0,1,0,0,0,0,0,0,0,0,0,0,0
2.20992886245048,264,6,0,2,0.349858807576003,0,0,0,1,0,1,1,1,0,1,0,0,0,0,0,0,0,0,0,0,0
1.36468632090383,264,7,0,2,0.419067548593257,0,0,0,1,0,1,1,1,0,1,0,0,0,0,0,0,0,0,0,0,0
2.69842994684524,264,8,0,2,0.49182469764127,0,0,0,1,0,1,1,1,0,1,0,0,0,0,0,0,0,0,0,0,0
3.12536960760505,264,9,0,2,0.568312185490169,0,0,0,1,0,1,1,1,0,1,0,0,0,0,0,0,0,0,0,0,0
2.47305670515579,264,10,0,2,0.648721270700128,0,0,0,1,0,1,1,1,0,1,0,0,0,0,0,0,0,0,0,0,0
-1.11749182230926,265,1,0,1,0.01,0,1,1,0,1,1,1,1,1,1,0,0,0,0,0,0,0,0,0,0,0
-1.14575360868066,265,2,0,1,0.01,0,1,1,0,1,1,1,1,1,1,0,0,0,0,0,0,0,0,0,0,0
-0.526593138314368,265,3,0,1,0.01,0,1,1,0,1,1,1,1,1,1,0,0,0,0,0,0,0,0,0,0,0
0.23019782006564,265,4,0,1,0.01,0,1,1,0,1,1,1,1,1,1,0,0,0,0,0,0,0,0,0,0,0
-0.0586873657086646,265,5,0,1,0.01,0,1,1,0,1,1,1,1,1,1,0,0,0,0,0,0,0,0,0,0,0
1.19629242104636,265,6,0,1,0.01,0,1,1,0,1,1,1,1,1,1,0,0,0,0,0,0,0,0,0,0,0
0.30004624494576,265,7,0,1,0.01,0,1,1,0,1,1,1,1,1,1,0,0,0,0,0,0,0,0,0,0,0
-0.000418446529852845,265,8,0,1,0.01,0,1,1,0,1,1,1,1,1,1,0,0,0,0,0,0,0,0,0,0,0
1.0381338838157,265,9,0,1,0.01,0,1,1,0,1,1,1,1,1,1,0,0,0,0,0,0,0,0,0,0,0
0.23840572434448,265,10,0,1,0.01,0,1,1,0,1,1,1,1,1,1,0,0,0,0,0,0,0,0,0,0,0
-0.599863122153723,266,1,0,2,0.0512710963760241,1,0,0,1,1,1,0,0,0,0,0,0,0,0,0,0,0,0,0,0,0
-1.11642179149876,266,2,0,2,0.105170918075648,1,0,0,1,1,1,0,0,0,0,0,0,0,0,0,0,0,0,0,0,0
1.03273870091136,266,3,0,2,0.161834242728283,1,0,0,1,1,1,0,0,0,0,0,0,0,0,0,0,0,0,0,0,0
-0.85512059891403,266,4,0,2,0.22140275816017,1,0,0,1,1,1,0,0,0,0,0,0,0,0,0,0,0,0,0,0,0
0.489706508743782,266,5,0,2,0.284025416687741,1,0,0,1,1,1,0,0,0,0,0,0,0,0,0,0,0,0,0,0,0
1.86233793229788,266,6,0,2,0.349858807576003,1,0,0,1,1,1,0,0,0,0,0,0,0,0,0,0,0,0,0,0,0
1.43862293277897,266,7,0,2,0.419067548593257,1,0,0,1,1,1,0,0,0,0,0,0,0,0,0,0,0,0,0,0,0
2.88899678736586,266,8,0,2,0.49182469764127,1,0,0,1,1,1,0,0,0,0,0,0,0,0,0,0,0,0,0,0,0
2.70400859854407,266,9,0,2,0.568312185490169,1,0,0,1,1,1,0,0,0,0,0,0,0,0,0,0,0,0,0,0,0
3.14904427795668,266,10,0,2,0.648721270700128,1,0,0,1,1,1,0,0,0,0,0,0,0,0,0,0,0,0,0,0,0
-1.05464359384209,267,1,0,1,0.01,1,0,1,1,1,1,0,1,1,0,0,1,0,0,0,0,0,0,0,0,0
1.89571954291134,267,2,0,1,0.01,1,0,1,1,1,1,0,1,1,0,1,0,0,0,0,0,0,0,0,0,0
-0.711032484546288,267,3,0,1,0.01,1,0,1,1,1,1,0,1,1,0,0,0,0,0,0,0,1,0,0,0,0
-0.732464467637356,267,4,0,1,0.01,1,0,1,1,1,1,0,1,1,0,0,0,0,0,0,0,0,1,0,0,0
-1.2037060245952,267,5,0,1,0.01,1,0,1,1,1,1,0,1,1,0,0,0,0,0,0,0,0,0,1,0,0
0.764669238122094,267,6,0,1,0.01,1,0,1,1,1,1,0,1,1,0,0,0,0,0,0,0,0,0,0,1,0
0.562548964627305,267,7,0,1,0.01,1,0,1,1,1,1,0,1,1,0,0,0,0,0,0,0,0,0,0,0,1
-0.783081196701753,267,8,0,1,0.01,1,0,1,1,1,1,0,1,1,0,0,0,0,0,0,0,0,0,0,0,0
-0.596635770935128,267,9,0,1,0.01,1,0,1,1,1,1,0,1,1,0,0,0,0,0,0,0,0,0,0,0,0
-0.383769854612173,267,10,0,1,0.01,1,0,1,1,1,1,0,1,1,0,0,0,0,0,0,0,0,0,0,0,0
1.14990329575765,268,1,0,2,0.0512710963760241,1,1,0,0,1,0,0,1,1,1,0,0,0,1,0,0,0,0,0,0,0
2.13240730380386,268,2,0,2,0.105170918075648,1,1,0,0,1,0,0,1,1,1,0,0,1,0,0,0,0,0,0,0,0
-1.62667419992543,268,3,0,2,0.161834242728283,1,1,0,0,1,0,0,1,1,1,0,1,0,0,0,0,0,0,0,0,0
2.36852717648281,268,4,0,2,0.22140275816017,1,1,0,0,1,0,0,1,1,1,1,0,0,0,0,0,0,0,0,0,0
0.802784448062743,268,5,0,2,0.284025416687741,1,1,0,0,1,0,0,1,1,1,0,0,0,0,0,0,1,0,0,0,0
3.99641771356097,268,6,0,2,0.349858807576003,1,1,0,0,1,0,0,1,1,1,0,0,0,0,0,0,0,1,0,0,0
3.58838808641299,268,7,0,2,0.419067548593257,1,1,0,0,1,0,0,1,1,1,0,0,0,0,0,0,0,0,1,0,0
3.21167604512236,268,8,0,2,0.49182469764127,1,1,0,0,1,0,0,1,1,1,0,0,0,0,0,0,0,0,0,1,0
3.89639925673929,268,9,0,2,0.568312185490169,1,1,0,0,1,0,0,1,1,1,0,0,0,0,0,0,0,0,0,0,1
3.42102891548369,268,10,0,2,0.648721270700128,1,1,0,0,1,0,0,1,1,1,0,0,0,0,0,0,0,0,0,0,0
-0.535035367503586,269,1,0,1,0.01,1,0,1,0,1,0,1,1,0,1,0,0,0,0,0,0,0,0,0,0,0
1.29544547478604,269,2,0,1,0.01,1,0,1,0,1,0,1,1,0,1,0,0,0,0,0,0,0,0,0,0,0
-0.455520254912681,269,3,0,1,0.01,1,0,1,0,1,0,1,1,0,1,0,0,0,0,0,0,0,0,0,0,0
-0.247835192924873,269,4,0,1,0.01,1,0,1,0,1,0,1,1,0,1,0,0,0,0,0,0,0,0,0,0,0
0.190783040039955,269,5,0,1,0.01,1,0,1,0,1,0,1,1,0,1,0,0,0,0,0,0,0,0,0,0,0
0.82379322613013,269,6,0,1,0.01,1,0,1,0,1,0,1,1,0,1,0,0,0,0,0,0,0,0,0,0,0
0.8825303216765,269,7,0,1,0.01,1,0,1,0,1,0,1,1,0,1,0,0,0,0,0,0,0,0,0,0,0
-0.616316167383395,269,8,0,1,0.01,1,0,1,0,1,0,1,1,0,1,0,0,0,0,0,0,0,0,0,0,0
0.337450713234363,269,9,0,1,0.01,1,0,1,0,1,0,1,1,0,1,0,0,0,0,0,0,0,0,0,0,0
1.62125197224021,269,10,0,1,0.01,1,0,1,0,1,0,1,1,0,1,0,0,0,0,0,0,0,0,0,0,0
1.71816921620101,270,1,0,1,0.01,0,0,0,1,1,0,1,1,1,1,0,0,0,0,0,0,0,0,0,0,0
1.12795915301348,270,2,0,1,0.01,0,0,0,1,1,0,1,1,1,1,0,0,0,0,0,0,0,0,0,0,0
-1.70126840136324,270,3,0,1,0.01,0,0,0,1,1,0,1,1,1,1,0,0,0,0,0,0,0,0,0,0,0
-1.90999550631103,270,4,0,1,0.01,0,0,0,1,1,0,1,1,1,1,0,0,0,0,0,0,0,0,0,0,0
0.134061267368129,270,5,0,1,0.01,0,0,0,1,1,0,1,1,1,1,0,0,0,0,0,0,0,0,0,0,0
0.726833355520149,270,6,0,1,0.01,0,0,0,1,1,0,1,1,1,1,0,0,0,0,0,0,0,0,0,0,0
2.10346698399729,270,7,0,1,0.01,0,0,0,1,1,0,1,1,1,1,0,0,0,0,0,0,0,0,0,0,0
-0.174877030454904,270,8,0,1,0.01,0,0,0,1,1,0,1,1,1,1,0,0,0,0,0,0,0,0,0,0,0
0.146459640978221,270,9,0,1,0.01,0,0,0,1,1,0,1,1,1,1,0,0,0,0,0,0,0,0,0,0,0
-2.47044930567575,270,10,0,1,0.01,0,0,0,1,1,0,1,1,1,1,0,0,0,0,0,0,0,0,0,0,0
2.27905067167401,271,1,0,2,0.0512710963760241,0,1,0,0,0,1,1,1,0,1,0,0,0,1,0,0,0,0,0,0,0
1.01578352828083,271,2,0,2,0.105170918075648,0,1,0,0,0,1,1,1,0,1,0,0,1,0,0,0,0,0,0,0,0
0.0288863013357207,271,3,0,2,0.161834242728283,0,1,0,0,0,1,1,1,0,1,0,1,0,0,0,0,0,0,0,0,0
0.450760474239713,271,4,0,2,0.22140275816017,0,1,0,0,0,1,1,1,0,1,1,0,0,0,0,0,0,0,0,0,0
1.61993271488795,271,5,0,2,0.284025416687741,0,1,0,0,0,1,1,1,0,1,0,0,0,0,0,0,1,0,0,0,0
1.0239805382874,271,6,0,2,0.349858807576003,0,1,0,0,0,1,1,1,0,1,0,0,0,0,0,0,0,1,0,0,0
2.11743293297687,271,7,0,2,0.419067548593257,0,1,0,0,0,1,1,1,0,1,0,0,0,0,0,0,0,0,1,0,0
4.42292928657594,271,8,0,2,0.49182469764127,0,1,0,0,0,1,1,1,0,1,0,0,0,0,0,0,0,0,0,1,0
3.68994346147824,271,9,0,2,0.568312185490169,0,1,0,0,0,1,1,1,0,1,0,0,0,0,0,0,0,0,0,0,1
4.11536841887641,271,10,0,2,0.648721270700128,0,1,0,0,0,1,1,1,0,1,0,0,0,0,0,0,0,0,0,0,0
-1.49899925557804,272,1,0,1,0.01,0,0,1,0,0,1,1,0,1,0,0,0,0,0,0,0,0,0,0,0,0
0.0952526680117801,272,2,0,1,0.01,0,0,1,0,0,1,1,0,1,0,0,0,0,0,0,0,0,0,0,0,0
-1.27844847775283,272,3,0,1,0.01,0,0,1,0,0,1,1,0,1,0,0,0,0,0,0,0,0,0,0,0,0
-0.44941701188786,272,4,0,1,0.01,0,0,1,0,0,1,1,0,1,0,0,0,0,0,0,0,0,0,0,0,0
-0.609781903001201,272,5,0,1,0.01,0,0,1,0,0,1,1,0,1,0,0,0,0,0,0,0,0,0,0,0,0
-0.845233755973615,272,6,0,1,0.01,0,0,1,0,0,1,1,0,1,0,0,0,0,0,0,0,0,0,0,0,0
1.3135611505477,272,7,0,1,0.01,0,0,1,0,0,1,1,0,1,0,0,0,0,0,0,0,0,0,0,0,0
-0.15134997007338,272,8,0,1,0.01,0,0,1,0,0,1,1,0,1,0,0,0,0,0,0,0,0,0,0,0,0
-0.517279504668474,272,9,0,1,0.01,0,0,1,0,0,1,1,0,1,0,0,0,0,0,0,0,0,0,0,0,0
-0.0721541285315224,272,10,0,1,0.01,0,0,1,0,0,1,1,0,1,0,0,0,0,0,0,0,0,0,0,0,0
0.459465605738816,273,1,0,1,0.01,1,1,0,1,1,0,1,0,1,0,0,0,0,0,0,0,0,0,0,0,0
2.02166031857272,273,2,0,1,0.01,1,1,0,1,1,0,1,0,1,0,0,0,0,0,0,0,0,0,0,0,0
0.654721095721113,273,3,0,1,0.01,1,1,0,1,1,0,1,0,1,0,0,0,0,0,0,0,0,0,0,0,0
0.723938590262218,273,4,0,1,0.01,1,1,0,1,1,0,1,0,1,0,0,0,0,0,0,0,0,0,0,0,0
0.278706085784171,273,5,0,1,0.01,1,1,0,1,1,0,1,0,1,0,0,0,0,0,0,0,0,0,0,0,0
0.134026210700338,273,6,0,1,0.01,1,1,0,1,1,0,1,0,1,0,0,0,0,0,0,0,0,0,0,0,0
0.0757846031940272,273,7,0,1,0.01,1,1,0,1,1,0,1,0,1,0,0,0,0,0,0,0,0,0,0,0,0
-1.03429361882852,273,8,0,1,0.01,1,1,0,1,1,0,1,0,1,0,0,0,0,0,0,0,0,0,0,0,0
0.348762458631097,273,9,0,1,0.01,1,1,0,1,1,0,1,0,1,0,0,0,0,0,0,0,0,0,0,0,0
-1.03785901032085,273,10,0,1,0.01,1,1,0,1,1,0,1,0,1,0,0,0,0,0,0,0,0,0,0,0,0
-0.255157037611264,274,1,0,1,0.01,0,1,1,0,1,1,1,1,0,0,0,0,0,0,0,0,0,0,0,0,0
-0.774041112277703,274,2,0,1,0.01,0,1,1,0,1,1,1,1,0,0,0,0,0,0,0,0,0,0,0,0,0
-2.41747597172794,274,3,0,1,0.01,0,1,1,0,1,1,1,1,0,0,0,0,0,0,0,0,0,0,0,0,0
-0.0573701274827145,274,4,0,1,0.01,0,1,1,0,1,1,1,1,0,0,0,0,0,0,0,0,0,0,0,0,0
-0.255227211850784,274,5,0,1,0.01,0,1,1,0,1,1,1,1,0,0,0,0,0,0,0,0,0,0,0,0,0
0.0945722185275845,274,6,0,1,0.01,0,1,1,0,1,1,1,1,0,0,0,0,0,0,0,0,0,0,0,0,0
0.2079457318475,274,7,0,1,0.01,0,1,1,0,1,1,1,1,0,0,0,0,0,0,0,0,0,0,0,0,0
0.016792128237224,274,8,0,1,0.01,0,1,1,0,1,1,1,1,0,0,0,0,0,0,0,0,0,0,0,0,0
0.478583472058758,274,9,0,1,0.01,0,1,1,0,1,1,1,1,0,0,0,0,0,0,0,0,0,0,0,0,0
0.426040580750185,274,10,0,1,0.01,0,1,1,0,1,1,1,1,0,0,0,0,0,0,0,0,0,0,0,0,0
-1.72966609503345,275,1,0,1,0.01,0,0,0,1,1,0,1,1,1,0,0,0,0,0,0,0,0,0,0,0,0
1.83283345639286,275,2,0,1,0.01,0,0,0,1,1,0,1,1,1,0,0,0,0,0,0,0,0,0,0,0,0
1.71245407533427,275,3,0,1,0.01,0,0,0,1,1,0,1,1,1,0,0,0,0,0,0,0,0,0,0,0,0
0.145076800111913,275,4,0,1,0.01,0,0,0,1,1,0,1,1,1,0,0,0,0,0,0,0,0,0,0,0,0
0.515327680235473,275,5,0,1,0.01,0,0,0,1,1,0,1,1,1,0,0,0,0,0,0,0,0,0,0,0,0
-0.834257646294528,275,6,0,1,0.01,0,0,0,1,1,0,1,1,1,0,0,0,0,0,0,0,0,0,0,0,0
0.533307285897841,275,7,0,1,0.01,0,0,0,1,1,0,1,1,1,0,0,0,0,0,0,0,0,0,0,0,0
-0.0901756622927466,275,8,0,1,0.01,0,0,0,1,1,0,1,1,1,0,0,0,0,0,0,0,0,0,0,0,0
-0.0705217843358712,275,9,0,1,0.01,0,0,0,1,1,0,1,1,1,0,0,0,0,0,0,0,0,0,0,0,0
-3.07798504283162,275,10,0,1,0.01,0,0,0,1,1,0,1,1,1,0,0,0,0,0,0,0,0,0,0,0,0
-0.585918445496226,276,1,0,3,0.127496851579376,1,0,0,0,0,0,1,0,1,0,0,0,0,0,0,0,0,0,0,0,0
1.57183745308521,276,2,0,3,0.271249150321405,1,0,0,0,0,0,1,0,1,0,0,0,0,0,0,1,0,0,0,0,0
2.56101598319284,276,3,0,3,0.43332941456034,1,0,0,0,0,0,1,0,1,0,0,0,0,0,1,0,0,0,0,0,0
3.48244539271228,276,4,0,3,0.616074402192893,1,0,0,0,0,0,1,0,1,0,0,0,0,1,0,0,0,0,0,0,0
4.32286831489128,276,5,0,3,0.822118800390509,1,0,0,0,0,0,1,0,1,0,0,0,1,0,0,0,0,0,0,0,0
5.21942544117708,276,6,0,3,1.05443321064389,1,0,0,0,0,0,1,0,1,0,0,1,0,0,0,0,0,0,0,0,0
6.97007067679982,276,7,0,3,1.31636697678109,1,0,0,0,0,0,1,0,1,0,1,0,0,0,0,0,0,0,0,0,0
8.00554673305459,276,8,0,3,1.61169647342312,1,0,0,0,0,0,1,0,1,0,0,0,0,0,0,0,1,0,0,0,0
10.714870622008,276,9,0,3,1.94467955106552,1,0,0,0,0,0,1,0,1,0,0,0,0,0,0,0,0,1,0,0,0
11.4885765152369,276,10,0,3,2.32011692273655,1,0,0,0,0,0,1,0,1,0,0,0,0,0,0,0,0,0,1,0,0
1.47375366254122,277,1,0,2,0.0512710963760241,0,1,1,0,0,1,1,0,1,0,0,0,0,0,0,0,0,0,0,0,0
-0.398645950702026,277,2,0,2,0.105170918075648,0,1,1,0,0,1,1,0,1,0,0,0,0,0,0,0,0,0,0,0,0
0.687374811815054,277,3,0,2,0.161834242728283,0,1,1,0,0,1,1,0,1,0,0,0,0,0,0,0,0,0,0,0,0
0.91822008158572,277,4,0,2,0.22140275816017,0,1,1,0,0,1,1,0,1,0,0,0,0,0,0,0,0,0,0,0,0
1.6560991197669,277,5,0,2,0.284025416687741,0,1,1,0,0,1,1,0,1,0,0,0,0,0,0,0,0,0,0,0,0
0.693168701789176,277,6,0,2,0.349858807576003,0,1,1,0,0,1,1,0,1,0,0,0,0,0,0,0,0,0,0,0,0
2.50105270097618,277,7,0,2,0.419067548593257,0,1,1,0,0,1,1,0,1,0,0,0,0,0,0,0,0,0,0,0,0
1.90870043722233,277,8,0,2,0.49182469764127,0,1,1,0,0,1,1,0,1,0,0,0,0,0,0,0,0,0,0,0,0
3.91521124960445,277,9,0,2,0.568312185490169,0,1,1,0,0,1,1,0,1,0,0,0,0,0,0,0,0,0,0,0,0
1.9386808229639,277,10,0,2,0.648721270700128,0,1,1,0,0,1,1,0,1,0,0,0,0,0,0,0,0,0,0,0,0
1.79407183041412,278,1,0,2,0.0512710963760241,1,0,1,0,1,1,0,0,0,0,0,0,0,0,0,0,0,0,0,0,0
0.684482898441465,278,2,0,2,0.105170918075648,1,0,1,0,1,1,0,0,0,0,0,0,0,0,0,0,0,0,0,0,0
1.0895580201964,278,3,0,2,0.161834242728283,1,0,1,0,1,1,0,0,0,0,0,0,0,0,0,0,0,0,0,0,0
2.11286340467757,278,4,0,2,0.22140275816017,1,0,1,0,1,1,0,0,0,0,0,0,0,0,0,0,0,0,0,0,0
1.74384549620902,278,5,0,2,0.284025416687741,1,0,1,0,1,1,0,0,0,0,0,0,0,0,0,0,0,0,0,0,0
2.12838256252843,278,6,0,2,0.349858807576003,1,0,1,0,1,1,0,0,0,0,0,0,0,0,0,0,0,0,0,0,0
2.74723920999465,278,7,0,2,0.419067548593257,1,0,1,0,1,1,0,0,0,0,0,0,0,0,0,0,0,0,0,0,0
2.71792232668973,278,8,0,2,0.49182469764127,1,0,1,0,1,1,0,0,0,0,0,0,0,0,0,0,0,0,0,0,0
4.3121271490521,278,9,0,2,0.568312185490169,1,0,1,0,1,1,0,0,0,0,0,0,0,0,0,0,0,0,0,0,0
2.75667787311927,278,10,0,2,0.648721270700128,1,0,1,0,1,1,0,0,0,0,0,0,0,0,0,0,0,0,0,0,0
0.0849176603512153,279,1,0,2,0.0512710963760241,1,0,0,0,1,1,1,1,1,0,0,0,0,0,0,0,0,0,0,0,0
0.781447525871496,279,2,0,2,0.105170918075648,1,0,0,0,1,1,1,1,1,0,0,0,0,0,0,0,0,0,0,0,0
-1.02665450833999,279,3,0,2,0.161834242728283,1,0,0,0,1,1,1,1,1,0,0,0,0,0,0,0,0,0,0,0,0
0.491462258808397,279,4,0,2,0.22140275816017,1,0,0,0,1,1,1,1,1,0,0,0,0,0,0,0,0,0,0,0,0
0.308510834018607,279,5,0,2,0.284025416687741,1,0,0,0,1,1,1,1,1,0,0,0,0,0,0,0,0,0,0,0,0
1.04156994146238,279,6,0,2,0.349858807576003,1,0,0,0,1,1,1,1,1,0,0,0,0,0,0,0,0,0,0,0,0
3.03481190374355,279,7,0,2,0.419067548593257,1,0,0,0,1,1,1,1,1,0,0,0,0,0,0,0,0,0,0,0,0
2.75243557592454,279,8,0,2,0.49182469764127,1,0,0,0,1,1,1,1,1,0,0,0,0,0,0,0,0,0,0,0,0
2.85978243081553,279,9,0,2,0.568312185490169,1,0,0,0,1,1,1,1,1,0,0,0,0,0,0,0,0,0,0,0,0
3.98255214771564,279,10,0,2,0.648721270700128,1,0,0,0,1,1,1,1,1,0,0,0,0,0,0,0,0,0,0,0,0
0.408575209772373,280,1,0,1,0.01,0,0,0,1,0,0,1,0,0,1,0,0,0,0,0,0,0,0,0,0,0
0.01267854627914,280,2,0,1,0.01,0,0,0,1,0,0,1,0,0,1,0,0,0,0,0,0,0,0,0,0,0
-0.259093168207368,280,3,0,1,0.01,0,0,0,1,0,0,1,0,0,1,0,0,0,0,0,0,0,0,0,0,0
0.980668968122224,280,4,0,1,0.01,0,0,0,1,0,0,1,0,0,1,0,0,0,0,0,0,0,0,0,0,0
-0.0611884680613955,280,5,0,1,0.01,0,0,0,1,0,0,1,0,0,1,0,0,0,0,0,0,0,0,0,0,0
1.72065302697757,280,6,0,1,0.01,0,0,0,1,0,0,1,0,0,1,0,0,0,0,0,0,0,0,0,0,0
0.327314497200451,280,7,0,1,0.01,0,0,0,1,0,0,1,0,0,1,0,0,0,0,0,0,0,0,0,0,0
-2.47811783088185,280,8,0,1,0.01,0,0,0,1,0,0,1,0,0,1,0,0,0,0,0,0,0,0,0,0,0
-2.25749227348282,280,9,0,1,0.01,0,0,0,1,0,0,1,0,0,1,0,0,0,0,0,0,0,0,0,0,0
-0.135718186407748,280,10,0,1,0.01,0,0,0,1,0,0,1,0,0,1,0,0,0,0,0,0,0,0,0,0,0
-0.539331179985211,281,1,0,2,0.0512710963760241,1,1,0,0,1,1,0,0,0,1,0,0,0,0,0,0,0,0,0,0,0
0.872768292507754,281,2,0,2,0.105170918075648,1,1,0,0,1,1,0,0,0,1,0,0,0,0,0,0,0,0,0,0,0
0.720471766245378,281,3,0,2,0.161834242728283,1,1,0,0,1,1,0,0,0,1,0,0,0,0,0,0,0,0,0,0,0
2.2106300243845,281,4,0,2,0.22140275816017,1,1,0,0,1,1,0,0,0,1,0,0,0,0,0,0,0,0,0,0,0
0.830972545259486,281,5,0,2,0.284025416687741,1,1,0,0,1,1,0,0,0,1,0,0,0,0,0,0,0,0,0,0,0
0.61804624565973,281,6,0,2,0.349858807576003,1,1,0,0,1,1,0,0,0,1,0,0,0,0,0,0,0,0,0,0,0
2.81443673499809,281,7,0,2,0.419067548593257,1,1,0,0,1,1,0,0,0,1,0,0,0,0,0,0,0,0,0,0,0
2.14590920925738,281,8,0,2,0.49182469764127,1,1,0,0,1,1,0,0,0,1,0,0,0,0,0,0,0,0,0,0,0
2.27359371059189,281,9,0,2,0.568312185490169,1,1,0,0,1,1,0,0,0,1,0,0,0,0,0,0,0,0,0,0,0
1.7353410452117,281,10,0,2,0.648721270700128,1,1,0,0,1,1,0,0,0,1,0,0,0,0,0,0,0,0,0,0,0
-1.53114614110595,282,1,0,1,0.01,0,0,0,0,1,0,0,0,0,0,0,0,0,0,0,0,0,0,0,0,0
1.38414322170246,282,2,0,1,0.01,0,0,0,0,1,0,0,0,0,0,0,0,0,0,0,0,0,0,0,0,0
0.541307945171124,282,3,0,1,0.01,0,0,0,0,1,0,0,0,0,0,0,0,0,0,0,0,0,0,0,0,0
-1.72514337026494,282,4,0,1,0.01,0,0,0,0,1,0,0,0,0,0,0,0,0,0,0,0,0,0,0,0,0
-0.0913016117117136,282,5,0,1,0.01,0,0,0,0,1,0,0,0,0,0,0,0,0,0,0,0,0,0,0,0,0
1.17281643710574,282,6,0,1,0.01,0,0,0,0,1,0,0,0,0,0,0,0,0,0,0,0,0,0,0,0,0
0.748602245245662,282,7,0,1,0.01,0,0,0,0,1,0,0,0,0,0,0,0,0,0,0,0,0,0,0,0,0
-0.580437491397219,282,8,0,1,0.01,0,0,0,0,1,0,0,0,0,0,0,0,0,0,0,0,0,0,0,0,0
-0.552943200963537,282,9,0,1,0.01,0,0,0,0,1,0,0,0,0,0,0,0,0,0,0,0,0,0,0,0,0
1.1071074020351,282,10,0,1,0.01,0,0,0,0,1,0,0,0,0,0,0,0,0,0,0,0,0,0,0,0,0
0.531055012559585,283,1,0,1,0.01,0,1,1,1,0,0,0,0,1,0,0,0,0,0,0,0,0,0,0,0,0
-2.26833117191024,283,2,0,1,0.01,0,1,1,1,0,0,0,0,1,0,0,0,0,0,0,0,0,0,0,0,0
-0.967758526814973,283,3,0,1,0.01,0,1,1,1,0,0,0,0,1,0,0,0,0,0,0,0,0,0,0,0,0
1.09141792452234,283,4,0,1,0.01,0,1,1,1,0,0,0,0,1,0,0,0,0,0,0,0,0,0,0,0,0
0.0738853279938515,283,5,0,1,0.01,0,1,1,1,0,0,0,0,1,0,0,0,0,0,0,0,0,0,0,0,0
-1.46880227860742,283,6,0,1,0.01,0,1,1,1,0,0,0,0,1,0,0,0,0,0,0,0,0,0,0,0,0
-0.342395131210437,283,7,0,1,0.01,0,1,1,1,0,0,0,0,1,0,0,0,0,0,0,0,0,0,0,0,0
1.49912980527377,283,8,0,1,0.01,0,1,1,1,0,0,0,0,1,0,0,0,0,0,0,0,0,0,0,0,0
0.0569982351711587,283,9,0,1,0.01,0,1,1,1,0,0,0,0,1,0,0,0,0,0,0,0,0,0,0,0,0
1.24568279654197,283,10,0,1,0.01,0,1,1,1,0,0,0,0,1,0,0,0,0,0,0,0,0,0,0,0,0
-1.14229153001565,284,1,0,1,0.01,0,0,0,1,0,1,0,1,1,1,0,0,0,0,0,0,0,0,0,0,0
0.239063146579523,284,2,0,1,0.01,0,0,0,1,0,1,0,1,1,1,0,0,0,0,0,0,0,0,0,0,0
-1.15400386175523,284,3,0,1,0.01,0,0,0,1,0,1,0,1,1,1,0,0,0,0,0,0,0,0,0,0,0
0.305083375858849,284,4,0,1,0.01,0,0,0,1,0,1,0,1,1,1,0,0,0,0,0,0,0,0,0,0,0
-0.645839640686057,284,5,0,1,0.01,0,0,0,1,0,1,0,1,1,1,0,0,0,0,0,0,0,0,0,0,0
-1.23467345783214,284,6,0,1,0.01,0,0,0,1,0,1,0,1,1,1,0,0,0,0,0,0,0,0,0,0,0
-0.657053561593145,284,7,0,1,0.01,0,0,0,1,0,1,0,1,1,1,0,0,0,0,0,0,0,0,0,0,0
1.34937376022356,284,8,0,1,0.01,0,0,0,1,0,1,0,1,1,1,0,0,0,0,0,0,0,0,0,0,0
0.00266499964083153,284,9,0,1,0.01,0,0,0,1,0,1,0,1,1,1,0,0,0,0,0,0,0,0,0,0,0
-1.74599230192225,284,10,0,1,0.01,0,0,0,1,0,1,0,1,1,1,0,0,0,0,0,0,0,0,0,0,0
0.110827536053348,285,1,0,1,0.01,0,0,0,1,1,0,1,1,0,1,0,0,0,0,0,0,0,0,0,0,0
0.923957200511404,285,2,0,1,0.01,0,0,0,1,1,0,1,1,0,1,0,0,0,0,0,0,0,0,0,0,0
-0.381703895390047,285,3,0,1,0.01,0,0,0,1,1,0,1,1,0,1,0,0,0,0,0,0,0,0,0,0,0
-0.122446823617767,285,4,0,1,0.01,0,0,0,1,1,0,1,1,0,1,0,0,0,0,0,0,0,0,0,0,0
0.531079278539429,285,5,0,1,0.01,0,0,0,1,1,0,1,1,0,1,0,0,0,0,0,0,0,0,0,0,0
0.593412946704938,285,6,0,1,0.01,0,0,0,1,1,0,1,1,0,1,0,0,0,0,0,0,0,0,0,0,0
-0.398843732016786,285,7,0,1,0.01,0,0,0,1,1,0,1,1,0,1,0,0,0,0,0,0,0,0,0,0,0
0.513235816189883,285,8,0,1,0.01,0,0,0,1,1,0,1,1,0,1,0,0,0,0,0,0,0,0,0,0,0
0.290146887552493,285,9,0,1,0.01,0,0,0,1,1,0,1,1,0,1,0,0,0,0,0,0,0,0,0,0,0
0.976692055240519,285,10,0,1,0.01,0,0,0,1,1,0,1,1,0,1,0,0,0,0,0,0,0,0,0,0,0
-0.0997127884536281,286,1,0,2,0.0512710963760241,0,1,0,1,0,0,1,0,1,0,0,0,0,0,0,0,0,0,0,0,0
1.53412743266819,286,2,0,2,0.105170918075648,0,1,0,1,0,0,1,0,1,0,0,0,0,0,0,0,0,0,0,0,0
1.64437586153479,286,3,0,2,0.161834242728283,0,1,0,1,0,0,1,0,1,0,0,0,0,0,0,0,0,0,0,0,0
1.10818868361433,286,4,0,2,0.22140275816017,0,1,0,1,0,0,1,0,1,0,0,0,0,0,0,0,0,0,0,0,0
1.7977610077925,286,5,0,2,0.284025416687741,0,1,0,1,0,0,1,0,1,0,0,0,0,0,0,0,0,0,0,0,0
1.79189891320263,286,6,0,2,0.349858807576003,0,1,0,1,0,0,1,0,1,0,0,0,0,0,0,0,0,0,0,0,0
3.80542723661301,286,7,0,2,0.419067548593257,0,1,0,1,0,0,1,0,1,0,0,0,0,0,0,0,0,0,0,0,0
1.7223235733728,286,8,0,2,0.49182469764127,0,1,0,1,0,0,1,0,1,0,0,0,0,0,0,0,0,0,0,0,0
3.75978781648695,286,9,0,2,0.568312185490169,0,1,0,1,0,0,1,0,1,0,0,0,0,0,0,0,0,0,0,0,0
2.19308331014258,286,10,0,2,0.648721270700128,0,1,0,1,0,0,1,0,1,0,0,0,0,0,0,0,0,0,0,0,0
0.375369619103973,287,1,0,1,0.01,1,0,0,1,0,1,1,1,1,1,0,0,0,0,0,0,0,0,0,0,0
-0.635315639613663,287,2,0,1,0.01,1,0,0,1,0,1,1,1,1,1,0,0,0,0,0,0,0,0,0,0,0
-0.778517734252799,287,3,0,1,0.01,1,0,0,1,0,1,1,1,1,1,0,0,0,0,0,0,0,0,0,0,0
0.293207339522058,287,4,0,1,0.01,1,0,0,1,0,1,1,1,1,1,0,0,0,0,0,0,0,0,0,0,0
0.303549639310437,287,5,0,1,0.01,1,0,0,1,0,1,1,1,1,1,0,0,0,0,0,0,0,0,0,0,0
-0.355585162978489,287,6,0,1,0.01,1,0,0,1,0,1,1,1,1,1,0,0,0,0,0,0,0,0,0,0,0
0.116262535163733,287,7,0,1,0.01,1,0,0,1,0,1,1,1,1,1,0,0,0,0,0,0,0,0,0,0,0
-0.641634024397295,287,8,0,1,0.01,1,0,0,1,0,1,1,1,1,1,0,0,0,0,0,0,0,0,0,0,0
0.957809957785571,287,9,0,1,0.01,1,0,0,1,0,1,1,1,1,1,0,0,0,0,0,0,0,0,0,0,0
-1.91584761451404,287,10,0,1,0.01,1,0,0,1,0,1,1,1,1,1,0,0,0,0,0,0,0,0,0,0,0
0.690689387044429,288,1,0,1,0.01,1,1,0,0,1,0,0,1,0,1,0,0,0,0,0,0,0,0,0,0,0
-1.37114349191077,288,2,0,1,0.01,1,1,0,0,1,0,0,1,0,1,0,0,0,0,0,0,0,0,0,0,0
-2.27673836412486,288,3,0,1,0.01,1,1,0,0,1,0,0,1,0,1,0,0,0,0,0,0,0,0,0,0,0
-0.42682143357816,288,4,0,1,0.01,1,1,0,0,1,0,0,1,0,1,0,0,0,0,0,0,0,0,0,0,0
0.56266090194332,288,5,0,1,0.01,1,1,0,0,1,0,0,1,0,1,0,0,0,0,0,0,0,0,0,0,0
1.26336759141021,288,6,0,1,0.01,1,1,0,0,1,0,0,1,0,1,0,0,0,0,0,0,0,0,0,0,0
-0.776993911013233,288,7,0,1,0.01,1,1,0,0,1,0,0,1,0,1,0,0,0,0,0,0,0,0,0,0,0
-0.395886901272214,288,8,0,1,0.01,1,1,0,0,1,0,0,1,0,1,0,0,0,0,0,0,0,0,0,0,0
0.681863330500944,288,9,0,1,0.01,1,1,0,0,1,0,0,1,0,1,0,0,0,0,0,0,0,0,0,0,0
-0.447191756764126,288,10,0,1,0.01,1,1,0,0,1,0,0,1,0,1,0,0,0,0,0,0,0,0,0,0,0
-0.274803257585384,289,1,0,1,0.01,1,0,1,1,0,0,1,1,0,0,1,0,0,0,0,0,0,0,0,0,0
-0.320134044250652,289,2,0,1,0.01,1,0,1,1,0,0,1,1,0,0,0,0,0,0,0,0,1,0,0,0,0
-0.844513631721057,289,3,0,1,0.01,1,0,1,1,0,0,1,1,0,0,0,0,0,0,0,0,0,1,0,0,0
0.680381934086519,289,4,0,1,0.01,1,0,1,1,0,0,1,1,0,0,0,0,0,0,0,0,0,0,1,0,0
-0.67133285719726,289,5,0,1,0.01,1,0,1,1,0,0,1,1,0,0,0,0,0,0,0,0,0,0,0,1,0
-1.73844783979501,289,6,0,1,0.01,1,0,1,1,0,0,1,1,0,0,0,0,0,0,0,0,0,0,0,0,1
0.256345381448703,289,7,0,1,0.01,1,0,1,1,0,0,1,1,0,0,0,0,0,0,0,0,0,0,0,0,0
1.65931241903888,289,8,0,1,0.01,1,0,1,1,0,0,1,1,0,0,0,0,0,0,0,0,0,0,0,0,0
0.487904317503487,289,9,0,1,0.01,1,0,1,1,0,0,1,1,0,0,0,0,0,0,0,0,0,0,0,0,0
-0.0913835379414298,289,10,0,1,0.01,1,0,1,1,0,0,1,1,0,0,0,0,0,0,0,0,0,0,0,0,0
0.328309258976901,290,1,0,2,0.0512710963760241,1,0,0,0,1,1,0,1,1,0,0,0,0,0,0,0,0,0,0,0,0
0.512775754907264,290,2,0,2,0.105170918075648,1,0,0,0,1,1,0,1,1,0,0,0,0,0,0,0,0,0,0,0,0
1.67728071517498,290,3,0,2,0.161834242728283,1,0,0,0,1,1,0,1,1,0,0,0,0,0,0,0,0,0,0,0,0
1.26317545520673,290,4,0,2,0.22140275816017,1,0,0,0,1,1,0,1,1,0,0,0,0,0,0,0,0,0,0,0,0
2.32141392540376,290,5,0,2,0.284025416687741,1,0,0,0,1,1,0,1,1,0,0,0,0,0,0,0,0,0,0,0,0
2.06069823085488,290,6,0,2,0.349858807576003,1,0,0,0,1,1,0,1,1,0,0,0,0,0,0,0,0,0,0,0,0
0.107273391764129,290,7,0,2,0.419067548593257,1,0,0,0,1,1,0,1,1,0,0,0,0,0,0,0,0,0,0,0,0
2.56163038341045,290,8,0,2,0.49182469764127,1,0,0,0,1,1,0,1,1,0,0,0,0,0,0,0,0,0,0,0,0
1.61932434682358,290,9,0,2,0.568312185490169,1,0,0,0,1,1,0,1,1,0,0,0,0,0,0,0,0,0,0,0,0
1.00892109778651,290,10,0,2,0.648721270700128,1,0,0,0,1,1,0,1,1,0,0,0,0,0,0,0,0,0,0,0,0
-0.668855206304856,291,1,0,1,0.01,0,0,0,0,1,0,1,1,0,0,0,0,0,0,0,0,0,0,0,0,0
-0.74900856468341,291,2,0,1,0.01,0,0,0,0,1,0,1,1,0,0,0,0,0,0,0,0,0,0,0,0,0
-1.062901604353,291,3,0,1,0.01,0,0,0,0,1,0,1,1,0,0,0,0,0,0,0,0,0,0,0,0,0
-0.355300052616838,291,4,0,1,0.01,0,0,0,0,1,0,1,1,0,0,0,0,0,0,0,0,0,0,0,0,0
-1.18039446347287,291,5,0,1,0.01,0,0,0,0,1,0,1,1,0,0,0,0,0,0,0,0,0,0,0,0,0
0.817659856264008,291,6,0,1,0.01,0,0,0,0,1,0,1,1,0,0,0,0,0,0,0,0,0,0,0,0,0
-1.75043047617518,291,7,0,1,0.01,0,0,0,0,1,0,1,1,0,0,0,0,0,0,0,0,0,0,0,0,0
0.386443926785659,291,8,0,1,0.01,0,0,0,0,1,0,1,1,0,0,0,0,0,0,0,0,0,0,0,0,0
-0.823305205663993,291,9,0,1,0.01,0,0,0,0,1,0,1,1,0,0,0,0,0,0,0,0,0,0,0,0,0
0.958373509827341,291,10,0,1,0.01,0,0,0,0,1,0,1,1,0,0,0,0,0,0,0,0,0,0,0,0,0
0.260232067981141,292,1,0,2,0.0512710963760241,1,1,0,0,1,0,1,1,0,1,0,0,0,0,0,0,0,0,0,0,0
-1.243620919327,292,2,0,2,0.105170918075648,1,1,0,0,1,0,1,1,0,1,0,0,0,0,0,0,0,0,0,0,0
1.64912652080428,292,3,0,2,0.161834242728283,1,1,0,0,1,0,1,1,0,1,0,0,0,0,0,0,0,0,0,0,0
0.714899038136758,292,4,0,2,0.22140275816017,1,1,0,0,1,0,1,1,0,1,0,0,0,0,0,0,0,0,0,0,0
1.6738142279969,292,5,0,2,0.284025416687741,1,1,0,0,1,0,1,1,0,1,0,0,0,0,0,0,0,0,0,0,0
4.25088891225858,292,6,0,2,0.349858807576003,1,1,0,0,1,0,1,1,0,1,0,0,0,0,0,0,0,0,0,0,0
3.60660170632634,292,7,0,2,0.419067548593257,1,1,0,0,1,0,1,1,0,1,0,0,0,0,0,0,0,0,0,0,0
2.60327849661557,292,8,0,2,0.49182469764127,1,1,0,0,1,0,1,1,0,1,0,0,0,0,0,0,0,0,0,0,0
2.90792402506253,292,9,0,2,0.568312185490169,1,1,0,0,1,0,1,1,0,1,0,0,0,0,0,0,0,0,0,0,0
2.5359247093442,292,10,0,2,0.648721270700128,1,1,0,0,1,0,1,1,0,1,0,0,0,0,0,0,0,0,0,0,0
-0.117000363629051,293,1,0,1,0.01,0,0,0,0,0,1,1,1,0,0,0,0,0,0,0,0,0,0,0,0,0
0.307965237897708,293,2,0,1,0.01,0,0,0,0,0,1,1,1,0,0,0,0,0,0,0,0,0,0,0,0,0
1.16327288217825,293,3,0,1,0.01,0,0,0,0,0,1,1,1,0,0,0,0,0,0,0,0,0,0,0,0,0
2.086920416618,293,4,0,1,0.01,0,0,0,0,0,1,1,1,0,0,0,0,0,0,0,0,0,0,0,0,0
0.900880066837952,293,5,0,1,0.01,0,0,0,0,0,1,1,1,0,0,0,0,0,0,0,0,0,0,0,0,0
-0.869411327230623,293,6,0,1,0.01,0,0,0,0,0,1,1,1,0,0,0,0,0,0,0,0,0,0,0,0,0
-2.26684544538708,293,7,0,1,0.01,0,0,0,0,0,1,1,1,0,0,0,0,0,0,0,0,0,0,0,0,0
-0.672629320465551,293,8,0,1,0.01,0,0,0,0,0,1,1,1,0,0,0,0,0,0,0,0,0,0,0,0,0
0.760712562757099,293,9,0,1,0.01,0,0,0,0,0,1,1,1,0,0,0,0,0,0,0,0,0,0,0,0,0
0.891957919749991,293,10,0,1,0.01,0,0,0,0,0,1,1,1,0,0,0,0,0,0,0,0,0,0,0,0,0
-1.50557962680054,294,1,0,1,0.01,1,1,0,0,1,1,1,1,1,0,0,0,0,0,0,0,0,0,0,0,0
-1.15900531148958,294,2,0,1,0.01,1,1,0,0,1,1,1,1,1,0,0,0,0,0,0,0,0,0,0,0,0
-0.444223115710836,294,3,0,1,0.01,1,1,0,0,1,1,1,1,1,0,0,0,0,0,0,0,0,0,0,0,0
-0.792071802234502,294,4,0,1,0.01,1,1,0,0,1,1,1,1,1,0,0,0,0,0,0,0,0,0,0,0,0
-0.656316949173744,294,5,0,1,0.01,1,1,0,0,1,1,1,1,1,0,0,0,0,0,0,0,0,0,0,0,0
0.0201691601532208,294,6,0,1,0.01,1,1,0,0,1,1,1,1,1,0,0,0,0,0,0,0,0,0,0,0,0
0.743357780549745,294,7,0,1,0.01,1,1,0,0,1,1,1,1,1,0,0,0,0,0,0,0,0,0,0,0,0
-3.16147787608153,294,8,0,1,0.01,1,1,0,0,1,1,1,1,1,0,0,0,0,0,0,0,0,0,0,0,0
-0.780765696391704,294,9,0,1,0.01,1,1,0,0,1,1,1,1,1,0,0,0,0,0,0,0,0,0,0,0,0
1.62270498242266,294,10,0,1,0.01,1,1,0,0,1,1,1,1,1,0,0,0,0,0,0,0,0,0,0,0,0
0.595988011070411,295,1,0,1,0.01,1,1,1,1,0,1,1,0,1,1,0,0,0,0,0,0,0,0,0,0,0
1.16106739327115,295,2,0,1,0.01,1,1,1,1,0,1,1,0,1,1,0,0,0,0,0,0,0,0,0,0,0
0.3243064502612,295,3,0,1,0.01,1,1,1,1,0,1,1,0,1,1,0,0,0,0,0,0,0,0,0,0,0
1.18858430214664,295,4,0,1,0.01,1,1,1,1,0,1,1,0,1,1,0,0,0,0,0,0,0,0,0,0,0
-0.161758906877291,295,5,0,1,0.01,1,1,1,1,0,1,1,0,1,1,0,0,0,0,0,0,0,0,0,0,0
0.259843067573313,295,6,0,1,0.01,1,1,1,1,0,1,1,0,1,1,0,0,0,0,0,0,0,0,0,0,0
-0.291774133856892,295,7,0,1,0.01,1,1,1,1,0,1,1,0,1,1,0,0,0,0,0,0,0,0,0,0,0
1.49681474490955,295,8,0,1,0.01,1,1,1,1,0,1,1,0,1,1,0,0,0,0,0,0,0,0,0,0,0
0.126624805362509,295,9,0,1,0.01,1,1,1,1,0,1,1,0,1,1,0,0,0,0,0,0,0,0,0,0,0
-1.84097778538442,295,10,0,1,0.01,1,1,1,1,0,1,1,0,1,1,0,0,0,0,0,0,0,0,0,0,0
-0.315938402569621,296,1,0,2,0.0512710963760241,1,1,1,0,0,0,1,1,1,1,0,0,0,0,0,0,0,0,0,0,0
0.00107199607549813,296,2,0,2,0.105170918075648,1,1,1,0,0,0,1,1,1,1,0,0,0,0,0,0,0,0,0,0,0
1.66093339327099,296,3,0,2,0.161834242728283,1,1,1,0,0,0,1,1,1,1,0,0,0,0,0,0,0,0,0,0,0
1.8508270064058,296,4,0,2,0.22140275816017,1,1,1,0,0,0,1,1,1,1,0,0,0,0,0,0,0,0,0,0,0
1.13916564658028,296,5,0,2,0.284025416687741,1,1,1,0,0,0,1,1,1,1,0,0,0,0,0,0,0,0,0,0,0
0.618449728319908,296,6,0,2,0.349858807576003,1,1,1,0,0,0,1,1,1,1,0,0,0,0,0,0,0,0,0,0,0
1.24972449040677,296,7,0,2,0.419067548593257,1,1,1,0,0,0,1,1,1,1,0,0,0,0,0,0,0,0,0,0,0
3.02124549433951,296,8,0,2,0.49182469764127,1,1,1,0,0,0,1,1,1,1,0,0,0,0,0,0,0,0,0,0,0
2.39530440282895,296,9,0,2,0.568312185490169,1,1,1,0,0,0,1,1,1,1,0,0,0,0,0,0,0,0,0,0,0
2.89991803928802,296,10,0,2,0.648721270700128,1,1,1,0,0,0,1,1,1,1,0,0,0,0,0,0,0,0,0,0,0
0.598763686313222,297,1,0,3,0.127496851579376,1,0,0,1,0,0,0,1,1,1,0,0,0,0,1,0,0,0,0,0,0
0.44239536730962,297,2,0,3,0.271249150321405,1,0,0,1,0,0,0,1,1,1,0,0,0,1,0,0,0,0,0,0,0
1.59745365963926,297,3,0,3,0.43332941456034,1,0,0,1,0,0,0,1,1,1,0,0,1,0,0,0,0,0,0,0,0
4.0315990100294,297,4,0,3,0.616074402192893,1,0,0,1,0,0,0,1,1,1,0,1,0,0,0,0,0,0,0,0,0
3.06141096833196,297,5,0,3,0.822118800390509,1,0,0,1,0,0,0,1,1,1,1,0,0,0,0,0,0,0,0,0,0
6.69825073172596,297,6,0,3,1.05443321064389,1,0,0,1,0,0,0,1,1,1,0,0,0,0,0,0,1,0,0,0,0
6.60476554314601,297,7,0,3,1.31636697678109,1,0,0,1,0,0,0,1,1,1,0,0,0,0,0,0,0,1,0,0,0
9.01211677154786,297,8,0,3,1.61169647342312,1,0,0,1,0,0,0,1,1,1,0,0,0,0,0,0,0,0,1,0,0
10.2019213998818,297,9,0,3,1.94467955106552,1,0,0,1,0,0,0,1,1,1,0,0,0,0,0,0,0,0,0,1,0
10.1727524595722,297,10,0,3,2.32011692273655,1,0,0,1,0,0,0,1,1,1,0,0,0,0,0,0,0,0,0,0,1
0.609397733867828,298,1,0,2,0.0512710963760241,0,1,1,0,1,0,0,1,0,0,0,0,0,0,0,0,0,0,0,0,0
0.713422859399481,298,2,0,2,0.105170918075648,0,1,1,0,1,0,0,1,0,0,0,0,0,0,0,0,0,0,0,0,0
0.634548976323368,298,3,0,2,0.161834242728283,0,1,1,0,1,0,0,1,0,0,0,0,0,0,0,0,0,0,0,0,0
1.68322697353591,298,4,0,2,0.22140275816017,0,1,1,0,1,0,0,1,0,0,0,0,0,0,0,0,0,0,0,0,0
2.66377973405605,298,5,0,2,0.284025416687741,0,1,1,0,1,0,0,1,0,0,0,0,0,0,0,0,0,0,0,0,0
1.58122816107817,298,6,0,2,0.349858807576003,0,1,1,0,1,0,0,1,0,0,0,0,0,0,0,0,0,0,0,0,0
1.54764091122324,298,7,0,2,0.419067548593257,0,1,1,0,1,0,0,1,0,0,0,0,0,0,0,0,0,0,0,0,0
3.32786565980296,298,8,0,2,0.49182469764127,0,1,1,0,1,0,0,1,0,0,0,0,0,0,0,0,0,0,0,0,0
3.7043123436644,298,9,0,2,0.568312185490169,0,1,1,0,1,0,0,1,0,0,0,0,0,0,0,0,0,0,0,0,0
3.93653261595092,298,10,0,2,0.648721270700128,0,1,1,0,1,0,0,1,0,0,0,0,0,0,0,0,0,0,0,0,0
1.82395206997287,299,1,0,2,0.0512710963760241,0,0,0,0,1,1,1,0,0,0,0,0,0,0,0,0,0,0,0,0,0
0.138060366790193,299,2,0,2,0.105170918075648,0,0,0,0,1,1,1,0,0,0,0,0,0,0,0,0,0,0,0,0,0
1.55784000893793,299,3,0,2,0.161834242728283,0,0,0,0,1,1,1,0,0,0,0,0,0,0,0,0,0,0,0,0,0
0.138207780499492,299,4,0,2,0.22140275816017,0,0,0,0,1,1,1,0,0,0,0,0,0,0,0,0,0,0,0,0,0
0.760747428253801,299,5,0,2,0.284025416687741,0,0,0,0,1,1,1,0,0,0,0,0,0,0,0,0,0,0,0,0,0
1.42631878726536,299,6,0,2,0.349858807576003,0,0,0,0,1,1,1,0,0,0,0,0,0,0,0,0,0,0,0,0,0
0.917197536600904,299,7,0,2,0.419067548593257,0,0,0,0,1,1,1,0,0,0,0,0,0,0,0,0,0,0,0,0,0
2.12061300302878,299,8,0,2,0.49182469764127,0,0,0,0,1,1,1,0,0,0,0,0,0,0,0,0,0,0,0,0,0
2.94516352585471,299,9,0,2,0.568312185490169,0,0,0,0,1,1,1,0,0,0,0,0,0,0,0,0,0,0,0,0,0
3.46291441472513,299,10,0,2,0.648721270700128,0,0,0,0,1,1,1,0,0,0,0,0,0,0,0,0,0,0,0,0,0
-2.25600548225212,300,1,0,1,0.01,0,0,0,0,0,0,0,0,1,0,0,0,0,0,0,0,0,0,0,0,0
-1.55157524248944,300,2,0,1,0.01,0,0,0,0,0,0,0,0,1,0,0,0,0,0,0,0,0,0,0,0,0
-0.512459632964067,300,3,0,1,0.01,0,0,0,0,0,0,0,0,1,0,0,0,0,0,0,0,0,0,0,0,0
0.813175755142747,300,4,0,1,0.01,0,0,0,0,0,0,0,0,1,0,0,0,0,0,0,0,0,0,0,0,0
0.96355678381076,300,5,0,1,0.01,0,0,0,0,0,0,0,0,1,0,0,0,0,0,0,0,0,0,0,0,0
0.122721205829004,300,6,0,1,0.01,0,0,0,0,0,0,0,0,1,0,0,0,0,0,0,0,0,0,0,0,0
-0.0539664109306632,300,7,0,1,0.01,0,0,0,0,0,0,0,0,1,0,0,0,0,0,0,0,0,0,0,0,0
0.870796010800972,300,8,0,1,0.01,0,0,0,0,0,0,0,0,1,0,0,0,0,0,0,0,0,0,0,0,0
1.01534664541603,300,9,0,1,0.01,0,0,0,0,0,0,0,0,1,0,0,0,0,0,0,0,0,0,0,0,0
0.461602594109762,300,10,0,1,0.01,0,0,0,0,0,0,0,0,1,0,0,0,0,0,0,0,0,0,0,0,0
-0.870005285025173,301,1,0,1,0.01,1,1,0,0,1,1,0,1,0,1,0,0,0,0,0,0,0,0,0,0,0
1.01328779851336,301,2,0,1,0.01,1,1,0,0,1,1,0,1,0,1,0,0,0,0,0,0,0,0,0,0,0
-0.231613340539885,301,3,0,1,0.01,1,1,0,0,1,1,0,1,0,1,0,0,0,0,0,0,0,0,0,0,0
-0.951083645332321,301,4,0,1,0.01,1,1,0,0,1,1,0,1,0,1,0,0,0,0,0,0,0,0,0,0,0
-0.696311636289308,301,5,0,1,0.01,1,1,0,0,1,1,0,1,0,1,0,0,0,0,0,0,0,0,0,0,0
-0.0758975780708422,301,6,0,1,0.01,1,1,0,0,1,1,0,1,0,1,0,0,0,0,0,0,0,0,0,0,0
-0.835231293509756,301,7,0,1,0.01,1,1,0,0,1,1,0,1,0,1,0,0,0,0,0,0,0,0,0,0,0
-0.0455914427580991,301,8,0,1,0.01,1,1,0,0,1,1,0,1,0,1,0,0,0,0,0,0,0,0,0,0,0
-0.971467747918615,301,9,0,1,0.01,1,1,0,0,1,1,0,1,0,1,0,0,0,0,0,0,0,0,0,0,0
-1.71009796815928,301,10,0,1,0.01,1,1,0,0,1,1,0,1,0,1,0,0,0,0,0,0,0,0,0,0,0
-0.554326712725824,302,1,0,1,0.01,0,0,1,1,0,0,1,1,1,0,0,0,0,0,0,0,0,0,0,0,0
1.85843492532561,302,2,0,1,0.01,0,0,1,1,0,0,1,1,1,0,0,0,0,0,0,0,0,0,0,0,0
0.581882058865778,302,3,0,1,0.01,0,0,1,1,0,0,1,1,1,0,0,0,0,0,0,0,0,0,0,0,0
-0.931539256252263,302,4,0,1,0.01,0,0,1,1,0,0,1,1,1,0,0,0,0,0,0,0,0,0,0,0,0
1.67590182827554,302,5,0,1,0.01,0,0,1,1,0,0,1,1,1,0,0,0,0,0,0,0,0,0,0,0,0
0.565558571078814,302,6,0,1,0.01,0,0,1,1,0,0,1,1,1,0,0,0,0,0,0,0,0,0,0,0,0
1.0590780988765,302,7,0,1,0.01,0,0,1,1,0,0,1,1,1,0,0,0,0,0,0,0,0,0,0,0,0
0.296374934703004,302,8,0,1,0.01,0,0,1,1,0,0,1,1,1,0,0,0,0,0,0,0,0,0,0,0,0
0.178405457124777,302,9,0,1,0.01,0,0,1,1,0,0,1,1,1,0,0,0,0,0,0,0,0,0,0,0,0
-1.27703478610969,302,10,0,1,0.01,0,0,1,1,0,0,1,1,1,0,0,0,0,0,0,0,0,0,0,0,0
-0.435918042605706,303,1,0,1,0.01,1,0,1,1,0,0,1,1,0,0,0,0,0,0,0,0,0,0,0,0,0
0.663260895169098,303,2,0,1,0.01,1,0,1,1,0,0,1,1,0,0,0,0,0,0,0,0,0,0,0,0,0
-0.937773697990014,303,3,0,1,0.01,1,0,1,1,0,0,1,1,0,0,0,0,0,0,0,0,0,0,0,0,0
-0.788262584007669,303,4,0,1,0.01,1,0,1,1,0,0,1,1,0,0,0,0,0,0,0,0,0,0,0,0,0
1.39383965934834,303,5,0,1,0.01,1,0,1,1,0,0,1,1,0,0,0,0,0,0,0,0,0,0,0,0,0
-1.39495567945426,303,6,0,1,0.01,1,0,1,1,0,0,1,1,0,0,0,0,0,0,0,0,0,0,0,0,0
-0.624303688736146,303,7,0,1,0.01,1,0,1,1,0,0,1,1,0,0,0,0,0,0,0,0,0,0,0,0,0
0.694388994183908,303,8,0,1,0.01,1,0,1,1,0,0,1,1,0,0,0,0,0,0,0,0,0,0,0,0,0
0.198805417402553,303,9,0,1,0.01,1,0,1,1,0,0,1,1,0,0,0,0,0,0,0,0,0,0,0,0,0
0.340763477990943,303,10,0,1,0.01,1,0,1,1,0,0,1,1,0,0,0,0,0,0,0,0,0,0,0,0,0
-0.313924718289614,304,1,0,1,0.01,0,0,0,1,1,1,1,0,0,0,0,0,0,0,0,0,0,0,0,0,0
1.21332976710115,304,2,0,1,0.01,0,0,0,1,1,1,1,0,0,0,0,0,0,0,0,0,0,0,0,0,0
0.405449223802629,304,3,0,1,0.01,0,0,0,1,1,1,1,0,0,0,0,0,0,0,0,0,0,0,0,0,0
1.26134605507543,304,4,0,1,0.01,0,0,0,1,1,1,1,0,0,0,0,0,0,0,0,0,0,0,0,0,0
1.43677704340603,304,5,0,1,0.01,0,0,0,1,1,1,1,0,0,0,0,0,0,0,0,0,0,0,0,0,0
-0.325419279704719,304,6,0,1,0.01,0,0,0,1,1,1,1,0,0,0,0,0,0,0,0,0,0,0,0,0,0
0.388376882317155,304,7,0,1,0.01,0,0,0,1,1,1,1,0,0,0,0,0,0,0,0,0,0,0,0,0,0
1.72922006840605,304,8,0,1,0.01,0,0,0,1,1,1,1,0,0,0,0,0,0,0,0,0,0,0,0,0,0
0.785943449866548,304,9,0,1,0.01,0,0,0,1,1,1,1,0,0,0,0,0,0,0,0,0,0,0,0,0,0
0.884895082873019,304,10,0,1,0.01,0,0,0,1,1,1,1,0,0,0,0,0,0,0,0,0,0,0,0,0,0
0.968667158753008,305,1,0,1,0.01,0,1,0,0,1,1,1,0,0,1,0,0,0,0,0,0,0,0,0,0,0
-1.15014616278295,305,2,0,1,0.01,0,1,0,0,1,1,1,0,0,1,0,0,0,0,0,0,0,0,0,0,0
-1.49587106650505,305,3,0,1,0.01,0,1,0,0,1,1,1,0,0,1,0,0,0,0,0,0,0,0,0,0,0
0.923607823904566,305,4,0,1,0.01,0,1,0,0,1,1,1,0,0,1,0,0,0,0,0,0,0,0,0,0,0
0.188154627244835,305,5,0,1,0.01,0,1,0,0,1,1,1,0,0,1,0,0,0,0,0,0,0,0,0,0,0
1.01252721004503,305,6,0,1,0.01,0,1,0,0,1,1,1,0,0,1,0,0,0,0,0,0,0,0,0,0,0
-0.737908653368656,305,7,0,1,0.01,0,1,0,0,1,1,1,0,0,1,0,0,0,0,0,0,0,0,0,0,0
1.24387320983477,305,8,0,1,0.01,0,1,0,0,1,1,1,0,0,1,0,0,0,0,0,0,0,0,0,0,0
-0.351857794909231,305,9,0,1,0.01,0,1,0,0,1,1,1,0,0,1,0,0,0,0,0,0,0,0,0,0,0
0.636110634579695,305,10,0,1,0.01,0,1,0,0,1,1,1,0,0,1,0,0,0,0,0,0,0,0,0,0,0
-0.980543725729993,306,1,0,2,0.0512710963760241,1,1,0,1,1,0,1,0,1,1,0,0,0,0,0,0,0,0,0,0,0
1.17336562113526,306,2,0,2,0.105170918075648,1,1,0,1,1,0,1,0,1,1,0,0,0,0,0,0,0,0,0,0,0
1.40494570093829,306,3,0,2,0.161834242728283,1,1,0,1,1,0,1,0,1,1,0,0,0,0,0,0,0,0,0,0,0
1.55327993993296,306,4,0,2,0.22140275816017,1,1,0,1,1,0,1,0,1,1,0,0,0,0,0,0,0,0,0,0,0
0.232028373442248,306,5,0,2,0.284025416687741,1,1,0,1,1,0,1,0,1,1,0,0,0,0,0,0,0,0,0,0,0
3.21374354590336,306,6,0,2,0.349858807576003,1,1,0,1,1,0,1,0,1,1,0,0,0,0,0,0,0,0,0,0,0
2.0390466033772,306,7,0,2,0.419067548593257,1,1,0,1,1,0,1,0,1,1,0,0,0,0,0,0,0,0,0,0,0
3.23214763659059,306,8,0,2,0.49182469764127,1,1,0,1,1,0,1,0,1,1,0,0,0,0,0,0,0,0,0,0,0
2.17754701449836,306,9,0,2,0.568312185490169,1,1,0,1,1,0,1,0,1,1,0,0,0,0,0,0,0,0,0,0,0
2.31054629102601,306,10,0,2,0.648721270700128,1,1,0,1,1,0,1,0,1,1,0,0,0,0,0,0,0,0,0,0,0
0.171611670012324,307,1,0,2,0.0512710963760241,0,0,1,1,0,1,0,1,0,1,0,0,0,0,0,0,0,0,0,0,0
-1.7223087432748,307,2,0,2,0.105170918075648,0,0,1,1,0,1,0,1,0,1,0,0,0,0,0,0,0,0,0,0,0
0.548422004298767,307,3,0,2,0.161834242728283,0,0,1,1,0,1,0,1,0,1,0,0,0,0,0,0,0,0,0,0,0
1.10083812607079,307,4,0,2,0.22140275816017,0,0,1,1,0,1,0,1,0,1,0,0,0,0,0,0,0,0,0,0,0
0.548605977158812,307,5,0,2,0.284025416687741,0,0,1,1,0,1,0,1,0,1,0,0,0,0,0,0,0,0,0,0,0
0.307698978559664,307,6,0,2,0.349858807576003,0,0,1,1,0,1,0,1,0,1,0,0,0,0,0,0,0,0,0,0,0
2.78037896517972,307,7,0,2,0.419067548593257,0,0,1,1,0,1,0,1,0,1,0,0,0,0,0,0,0,0,0,0,0
1.69687829719784,307,8,0,2,0.49182469764127,0,0,1,1,0,1,0,1,0,1,0,0,0,0,0,0,0,0,0,0,0
3.56276676972099,307,9,0,2,0.568312185490169,0,0,1,1,0,1,0,1,0,1,0,0,0,0,0,0,0,0,0,0,0
1.47846095468359,307,10,0,2,0.648721270700128,0,0,1,1,0,1,0,1,0,1,0,0,0,0,0,0,0,0,0,0,0
0.745021722731802,308,1,0,1,0.01,1,1,1,1,1,0,0,0,0,0,0,0,0,0,1,0,0,0,0,0,0
0.180467703061712,308,2,0,1,0.01,1,1,1,1,1,0,0,0,0,0,0,0,0,1,0,0,0,0,0,0,0
0.124834809913745,308,3,0,1,0.01,1,1,1,1,1,0,0,0,0,0,0,0,1,0,0,0,0,0,0,0,0
-1.62541554168155,308,4,0,1,0.01,1,1,1,1,1,0,0,0,0,0,0,1,0,0,0,0,0,0,0,0,0
-0.83262100634446,308,5,0,1,0.01,1,1,1,1,1,0,0,0,0,0,1,0,0,0,0,0,0,0,0,0,0
0.109697516161846,308,6,0,1,0.01,1,1,1,1,1,0,0,0,0,0,0,0,0,0,0,0,1,0,0,0,0
0.883442066065787,308,7,0,1,0.01,1,1,1,1,1,0,0,0,0,0,0,0,0,0,0,0,0,1,0,0,0
0.359756921392366,308,8,0,1,0.01,1,1,1,1,1,0,0,0,0,0,0,0,0,0,0,0,0,0,1,0,0
0.452584715331969,308,9,0,1,0.01,1,1,1,1,1,0,0,0,0,0,0,0,0,0,0,0,0,0,0,1,0
-1.42817634765278,308,10,0,1,0.01,1,1,1,1,1,0,0,0,0,0,0,0,0,0,0,0,0,0,0,0,1
0.169010272970741,309,1,0,2,0.0512710963760241,0,0,1,0,1,1,0,1,0,1,0,0,1,0,0,0,0,0,0,0,0
-0.0707812862408693,309,2,0,2,0.105170918075648,0,0,1,0,1,1,0,1,0,1,0,1,0,0,0,0,0,0,0,0,0
1.04594561572338,309,3,0,2,0.161834242728283,0,0,1,0,1,1,0,1,0,1,1,0,0,0,0,0,0,0,0,0,0
2.38909222476164,309,4,0,2,0.22140275816017,0,0,1,0,1,1,0,1,0,1,0,0,0,0,0,0,1,0,0,0,0
1.37749363228446,309,5,0,2,0.284025416687741,0,0,1,0,1,1,0,1,0,1,0,0,0,0,0,0,0,1,0,0,0
2.52557296310001,309,6,0,2,0.349858807576003,0,0,1,0,1,1,0,1,0,1,0,0,0,0,0,0,0,0,1,0,0
1.48419739115896,309,7,0,2,0.419067548593257,0,0,1,0,1,1,0,1,0,1,0,0,0,0,0,0,0,0,0,1,0
2.79131063617089,309,8,0,2,0.49182469764127,0,0,1,0,1,1,0,1,0,1,0,0,0,0,0,0,0,0,0,0,1
1.81527826493022,309,9,0,2,0.568312185490169,0,0,1,0,1,1,0,1,0,1,0,0,0,0,0,0,0,0,0,0,0
2.94960239719013,309,10,0,2,0.648721270700128,0,0,1,0,1,1,0,1,0,1,0,0,0,0,0,0,0,0,0,0,0
-0.671790927205586,310,1,0,2,0.0512710963760241,0,1,0,1,0,0,0,1,0,1,0,0,0,0,0,0,0,0,0,0,0
0.611581241820556,310,2,0,2,0.105170918075648,0,1,0,1,0,0,0,1,0,1,0,0,0,0,0,0,0,0,0,0,0
0.759214300028419,310,3,0,2,0.161834242728283,0,1,0,1,0,0,0,1,0,1,0,0,0,0,0,0,0,0,0,0,0
0.236105316197306,310,4,0,2,0.22140275816017,0,1,0,1,0,0,0,1,0,1,0,0,0,0,0,0,0,0,0,0,0
0.825165918609342,310,5,0,2,0.284025416687741,0,1,0,1,0,0,0,1,0,1,0,0,0,0,0,0,0,0,0,0,0
1.52778854924862,310,6,0,2,0.349858807576003,0,1,0,1,0,0,0,1,0,1,0,0,0,0,0,0,0,0,0,0,0
2.74078781763998,310,7,0,2,0.419067548593257,0,1,0,1,0,0,0,1,0,1,0,0,0,0,0,0,0,0,0,0,0
2.30274366262556,310,8,0,2,0.49182469764127,0,1,0,1,0,0,0,1,0,1,0,0,0,0,0,0,0,0,0,0,0
1.99948300539624,310,9,0,2,0.568312185490169,0,1,0,1,0,0,0,1,0,1,0,0,0,0,0,0,0,0,0,0,0
3.52728319383946,310,10,0,2,0.648721270700128,0,1,0,1,0,0,0,1,0,1,0,0,0,0,0,0,0,0,0,0,0
-0.690422860116151,311,1,0,1,0.01,1,0,1,1,1,1,1,1,1,1,0,0,0,0,0,0,0,0,0,0,0
0.0560352275523449,311,2,0,1,0.01,1,0,1,1,1,1,1,1,1,1,0,0,0,0,0,0,0,0,0,0,0
1.63809280086222,311,3,0,1,0.01,1,0,1,1,1,1,1,1,1,1,0,0,0,0,0,0,0,0,0,0,0
0.631727794316277,311,4,0,1,0.01,1,0,1,1,1,1,1,1,1,1,0,0,0,0,0,0,0,0,0,0,0
0.0798858778064437,311,5,0,1,0.01,1,0,1,1,1,1,1,1,1,1,0,0,0,0,0,0,0,0,0,0,0
-2.53484109973046,311,6,0,1,0.01,1,0,1,1,1,1,1,1,1,1,0,0,0,0,0,0,0,0,0,0,0
1.04796225014261,311,7,0,1,0.01,1,0,1,1,1,1,1,1,1,1,0,0,0,0,0,0,0,0,0,0,0
-0.631535131324547,311,8,0,1,0.01,1,0,1,1,1,1,1,1,1,1,0,0,0,0,0,0,0,0,0,0,0
0.706519594576234,311,9,0,1,0.01,1,0,1,1,1,1,1,1,1,1,0,0,0,0,0,0,0,0,0,0,0
-0.0185564175549306,311,10,0,1,0.01,1,0,1,1,1,1,1,1,1,1,0,0,0,0,0,0,0,0,0,0,0
0.569302968950759,312,1,0,1,0.01,0,1,1,0,1,0,0,0,1,1,1,0,0,0,0,0,0,0,0,0,0
-0.558995608843516,312,2,0,1,0.01,0,1,1,0,1,0,0,0,1,1,0,0,0,0,0,0,1,0,0,0,0
1.00443049540601,312,3,0,1,0.01,0,1,1,0,1,0,0,0,1,1,0,0,0,0,0,0,0,1,0,0,0
1.12250487073779,312,4,0,1,0.01,0,1,1,0,1,0,0,0,1,1,0,0,0,0,0,0,0,0,1,0,0
-0.15295627003577,312,5,0,1,0.01,0,1,1,0,1,0,0,0,1,1,0,0,0,0,0,0,0,0,0,1,0
-0.212465111369347,312,6,0,1,0.01,0,1,1,0,1,0,0,0,1,1,0,0,0,0,0,0,0,0,0,0,1
0.62279745600382,312,7,0,1,0.01,0,1,1,0,1,0,0,0,1,1,0,0,0,0,0,0,0,0,0,0,0
-0.294013761864291,312,8,0,1,0.01,0,1,1,0,1,0,0,0,1,1,0,0,0,0,0,0,0,0,0,0,0
0.661088233811586,312,9,0,1,0.01,0,1,1,0,1,0,0,0,1,1,0,0,0,0,0,0,0,0,0,0,0
-0.918710635797514,312,10,0,1,0.01,0,1,1,0,1,0,0,0,1,1,0,0,0,0,0,0,0,0,0,0,0
1.24081789692625,313,1,0,1,0.01,1,0,1,0,1,0,0,1,1,0,0,0,0,0,0,0,0,0,0,0,0
1.14026216529065,313,2,0,1,0.01,1,0,1,0,1,0,0,1,1,0,0,0,0,0,0,0,0,0,0,0,0
2.3513821067186,313,3,0,1,0.01,1,0,1,0,1,0,0,1,1,0,0,0,0,0,0,0,0,0,0,0,0
-0.455581086819604,313,4,0,1,0.01,1,0,1,0,1,0,0,1,1,0,0,0,0,0,0,0,0,0,0,0,0
-0.23534491374704,313,5,0,1,0.01,1,0,1,0,1,0,0,1,1,0,0,0,0,0,0,0,0,0,0,0,0
-0.81778723538041,313,6,0,1,0.01,1,0,1,0,1,0,0,1,1,0,0,0,0,0,0,0,0,0,0,0,0
-0.989725830601531,313,7,0,1,0.01,1,0,1,0,1,0,0,1,1,0,0,0,0,0,0,0,0,0,0,0,0
0.161108188513277,313,8,0,1,0.01,1,0,1,0,1,0,0,1,1,0,0,0,0,0,0,0,0,0,0,0,0
0.150338997663812,313,9,0,1,0.01,1,0,1,0,1,0,0,1,1,0,0,0,0,0,0,0,0,0,0,0,0
-0.280363222872417,313,10,0,1,0.01,1,0,1,0,1,0,0,1,1,0,0,0,0,0,0,0,0,0,0,0,0
-1.16607694622085,314,1,0,2,0.0512710963760241,1,1,0,0,0,1,0,0,1,1,0,0,0,0,0,0,0,0,0,0,0
2.11437822520558,314,2,0,2,0.105170918075648,1,1,0,0,0,1,0,0,1,1,0,0,0,0,0,0,0,0,0,0,0
0.265148837423821,314,3,0,2,0.161834242728283,1,1,0,0,0,1,0,0,1,1,0,0,0,0,0,0,0,0,0,0,0
2.366268964596,314,4,0,2,0.22140275816017,1,1,0,0,0,1,0,0,1,1,0,0,0,0,0,0,0,0,0,0,0
0.655174271308171,314,5,0,2,0.284025416687741,1,1,0,0,0,1,0,0,1,1,0,0,0,0,0,0,0,0,0,0,0
3.67719037604988,314,6,0,2,0.349858807576003,1,1,0,0,0,1,0,0,1,1,0,0,0,0,0,0,0,0,0,0,0
2.20506214968962,314,7,0,2,0.419067548593257,1,1,0,0,0,1,0,0,1,1,0,0,0,0,0,0,0,0,0,0,0
3.12356969404945,314,8,0,2,0.49182469764127,1,1,0,0,0,1,0,0,1,1,0,0,0,0,0,0,0,0,0,0,0
4.31420992569575,314,9,0,2,0.568312185490169,1,1,0,0,0,1,0,0,1,1,0,0,0,0,0,0,0,0,0,0,0
2.26589983928613,314,10,0,2,0.648721270700128,1,1,0,0,0,1,0,0,1,1,0,0,0,0,0,0,0,0,0,0,0
0.00306286446742132,315,1,0,1,0.01,0,0,1,1,1,1,1,0,1,0,0,0,0,0,0,0,0,0,0,0,0
-0.778001364991295,315,2,0,1,0.01,0,0,1,1,1,1,1,0,1,0,0,0,0,0,0,0,0,0,0,0,0
0.205208286797129,315,3,0,1,0.01,0,0,1,1,1,1,1,0,1,0,0,0,0,0,0,0,0,0,0,0,0
0.361963768929496,315,4,0,1,0.01,0,0,1,1,1,1,1,0,1,0,0,0,0,0,0,0,0,0,0,0,0
-1.04899800501158,315,5,0,1,0.01,0,0,1,1,1,1,1,0,1,0,0,0,0,0,0,0,0,0,0,0,0
2.14808067614217,315,6,0,1,0.01,0,0,1,1,1,1,1,0,1,0,0,0,0,0,0,0,0,0,0,0,0
-0.905012019029345,315,7,0,1,0.01,0,0,1,1,1,1,1,0,1,0,0,0,0,0,0,0,0,0,0,0,0
-0.914971010488544,315,8,0,1,0.01,0,0,1,1,1,1,1,0,1,0,0,0,0,0,0,0,0,0,0,0,0
-0.229563263567191,315,9,0,1,0.01,0,0,1,1,1,1,1,0,1,0,0,0,0,0,0,0,0,0,0,0,0
0.0298338585746829,315,10,0,1,0.01,0,0,1,1,1,1,1,0,1,0,0,0,0,0,0,0,0,0,0,0,0
-0.726231665991829,316,1,0,3,0.127496851579376,1,1,0,1,1,0,0,0,0,0,0,0,0,0,0,1,0,0,0,0,0
0.739595108964555,316,2,0,3,0.271249150321405,1,1,0,1,1,0,0,0,0,0,0,0,0,0,1,0,0,0,0,0,0
2.27694759730741,316,3,0,3,0.43332941456034,1,1,0,1,1,0,0,0,0,0,0,0,0,1,0,0,0,0,0,0,0
2.56692731803638,316,4,0,3,0.616074402192893,1,1,0,1,1,0,0,0,0,0,0,0,1,0,0,0,0,0,0,0,0
4.89298220317163,316,5,0,3,0.822118800390509,1,1,0,1,1,0,0,0,0,0,0,1,0,0,0,0,0,0,0,0,0
5.4239589436897,316,6,0,3,1.05443321064389,1,1,0,1,1,0,0,0,0,0,1,0,0,0,0,0,0,0,0,0,0
6.88871756487987,316,7,0,3,1.31636697678109,1,1,0,1,1,0,0,0,0,0,0,0,0,0,0,0,1,0,0,0,0
7.01334811854875,316,8,0,3,1.61169647342312,1,1,0,1,1,0,0,0,0,0,0,0,0,0,0,0,0,1,0,0,0
11.1197116991853,316,9,0,3,1.94467955106552,1,1,0,1,1,0,0,0,0,0,0,0,0,0,0,0,0,0,1,0,0
10.2335089513771,316,10,0,3,2.32011692273655,1,1,0,1,1,0,0,0,0,0,0,0,0,0,0,0,0,0,0,1,0
0.640177020605579,317,1,0,2,0.0512710963760241,1,1,0,0,0,1,0,0,0,0,0,0,0,0,1,0,0,0,0,0,0
0.743979350099289,317,2,0,2,0.105170918075648,1,1,0,0,0,1,0,0,0,0,0,0,0,1,0,0,0,0,0,0,0
2.9822261076191,317,3,0,2,0.161834242728283,1,1,0,0,0,1,0,0,0,0,0,0,1,0,0,0,0,0,0,0,0
1.56915033579333,317,4,0,2,0.22140275816017,1,1,0,0,0,1,0,0,0,0,0,1,0,0,0,0,0,0,0,0,0
-0.156169848755266,317,5,0,2,0.284025416687741,1,1,0,0,0,1,0,0,0,0,1,0,0,0,0,0,0,0,0,0,0
0.914891640020413,317,6,0,2,0.349858807576003,1,1,0,0,0,1,0,0,0,0,0,0,0,0,0,0,1,0,0,0,0
2.49972082813906,317,7,0,2,0.419067548593257,1,1,0,0,0,1,0,0,0,0,0,0,0,0,0,0,0,1,0,0,0
2.07673236458101,317,8,0,2,0.49182469764127,1,1,0,0,0,1,0,0,0,0,0,0,0,0,0,0,0,0,1,0,0
1.60882519941358,317,9,0,2,0.568312185490169,1,1,0,0,0,1,0,0,0,0,0,0,0,0,0,0,0,0,0,1,0
3.54254657481688,317,10,0,2,0.648721270700128,1,1,0,0,0,1,0,0,0,0,0,0,0,0,0,0,0,0,0,0,1
-0.522858104026411,318,1,0,1,0.01,0,0,1,1,1,0,1,0,1,0,0,0,0,0,0,0,0,0,0,0,0
0.130206026678618,318,2,0,1,0.01,0,0,1,1,1,0,1,0,1,0,0,0,0,0,0,0,0,0,0,0,0
0.976976582487836,318,3,0,1,0.01,0,0,1,1,1,0,1,0,1,0,0,0,0,0,0,0,0,0,0,0,0
-1.61426447482805,318,4,0,1,0.01,0,0,1,1,1,0,1,0,1,0,0,0,0,0,0,0,0,0,0,0,0
0.250643014210759,318,5,0,1,0.01,0,0,1,1,1,0,1,0,1,0,0,0,0,0,0,0,0,0,0,0,0
0.482595527746373,318,6,0,1,0.01,0,0,1,1,1,0,1,0,1,0,0,0,0,0,0,0,0,0,0,0,0
0.273932415094191,318,7,0,1,0.01,0,0,1,1,1,0,1,0,1,0,0,0,0,0,0,0,0,0,0,0,0
2.01303696209265,318,8,0,1,0.01,0,0,1,1,1,0,1,0,1,0,0,0,0,0,0,0,0,0,0,0,0
-0.0753980211102736,318,9,0,1,0.01,0,0,1,1,1,0,1,0,1,0,0,0,0,0,0,0,0,0,0,0,0
-1.03512968864795,318,10,0,1,0.01,0,0,1,1,1,0,1,0,1,0,0,0,0,0,0,0,0,0,0,0,0
-0.618505975101087,319,1,0,1,0.01,1,0,1,0,1,1,0,0,1,1,0,0,0,0,0,0,0,0,0,0,0
1.03940439806391,319,2,0,1,0.01,1,0,1,0,1,1,0,0,1,1,0,0,0,0,0,0,0,0,0,0,0
0.760709379734029,319,3,0,1,0.01,1,0,1,0,1,1,0,0,1,1,0,0,0,0,0,0,0,0,0,0,0
-0.857738933248153,319,4,0,1,0.01,1,0,1,0,1,1,0,0,1,1,0,0,0,0,0,0,0,0,0,0,0
0.275316011264319,319,5,0,1,0.01,1,0,1,0,1,1,0,0,1,1,0,0,0,0,0,0,0,0,0,0,0
0.339582212620262,319,6,0,1,0.01,1,0,1,0,1,1,0,0,1,1,0,0,0,0,0,0,0,0,0,0,0
-0.56771491843651,319,7,0,1,0.01,1,0,1,0,1,1,0,0,1,1,0,0,0,0,0,0,0,0,0,0,0
-2.05272950426319,319,8,0,1,0.01,1,0,1,0,1,1,0,0,1,1,0,0,0,0,0,0,0,0,0,0,0
0.184601558758795,319,9,0,1,0.01,1,0,1,0,1,1,0,0,1,1,0,0,0,0,0,0,0,0,0,0,0
-0.0628030729784321,319,10,0,1,0.01,1,0,1,0,1,1,0,0,1,1,0,0,0,0,0,0,0,0,0,0,0
-0.387923560138398,320,1,0,1,0.01,1,1,0,1,0,1,0,1,1,1,0,0,1,0,0,0,0,0,0,0,0
0.191446393127093,320,2,0,1,0.01,1,1,0,1,0,1,0,1,1,1,0,1,0,0,0,0,0,0,0,0,0
-1.65722084711566,320,3,0,1,0.01,1,1,0,1,0,1,0,1,1,1,1,0,0,0,0,0,0,0,0,0,0
-2.59571090154985,320,4,0,1,0.01,1,1,0,1,0,1,0,1,1,1,0,0,0,0,0,0,1,0,0,0,0
-0.833862916513893,320,5,0,1,0.01,1,1,0,1,0,1,0,1,1,1,0,0,0,0,0,0,0,1,0,0,0
0.0627504612159875,320,6,0,1,0.01,1,1,0,1,0,1,0,1,1,1,0,0,0,0,0,0,0,0,1,0,0
-0.237802940045809,320,7,0,1,0.01,1,1,0,1,0,1,0,1,1,1,0,0,0,0,0,0,0,0,0,1,0
-0.108748365936862,320,8,0,1,0.01,1,1,0,1,0,1,0,1,1,1,0,0,0,0,0,0,0,0,0,0,1
-1.20555692988742,320,9,0,1,0.01,1,1,0,1,0,1,0,1,1,1,0,0,0,0,0,0,0,0,0,0,0
-2.12577132918764,320,10,0,1,0.01,1,1,0,1,0,1,0,1,1,1,0,0,0,0,0,0,0,0,0,0,0
0.662038603138861,321,1,0,1,0.01,0,0,0,1,0,1,1,1,1,1,0,0,0,0,0,0,0,0,0,0,0
1.11921042393846,321,2,0,1,0.01,0,0,0,1,0,1,1,1,1,1,0,0,0,0,0,0,0,0,0,0,0
0.140162433020201,321,3,0,1,0.01,0,0,0,1,0,1,1,1,1,1,0,0,0,0,0,0,0,0,0,0,0
-2.00064400384845,321,4,0,1,0.01,0,0,0,1,0,1,1,1,1,1,0,0,0,0,0,0,0,0,0,0,0
-0.443503134315051,321,5,0,1,0.01,0,0,0,1,0,1,1,1,1,1,0,0,0,0,0,0,0,0,0,0,0
0.694873949136482,321,6,0,1,0.01,0,0,0,1,0,1,1,1,1,1,0,0,0,0,0,0,0,0,0,0,0
-1.0621111371978,321,7,0,1,0.01,0,0,0,1,0,1,1,1,1,1,0,0,0,0,0,0,0,0,0,0,0
0.685099733771843,321,8,0,1,0.01,0,0,0,1,0,1,1,1,1,1,0,0,0,0,0,0,0,0,0,0,0
0.705085855607692,321,9,0,1,0.01,0,0,0,1,0,1,1,1,1,1,0,0,0,0,0,0,0,0,0,0,0
0.544348394990667,321,10,0,1,0.01,0,0,0,1,0,1,1,1,1,1,0,0,0,0,0,0,0,0,0,0,0
-0.474782685005827,322,1,0,3,0.127496851579376,0,0,1,1,1,0,1,0,1,1,0,0,0,0,0,0,0,0,0,0,0
-0.890456118591646,322,2,0,3,0.271249150321405,0,0,1,1,1,0,1,0,1,1,0,0,0,0,0,0,0,0,0,0,0
2.68787707285969,322,3,0,3,0.43332941456034,0,0,1,1,1,0,1,0,1,1,0,0,0,0,0,0,0,0,0,0,0
2.34406326981447,322,4,0,3,0.616074402192893,0,0,1,1,1,0,1,0,1,1,0,0,0,0,0,0,0,0,0,0,0
4.76184149332552,322,5,0,3,0.822118800390509,0,0,1,1,1,0,1,0,1,1,0,0,0,0,0,1,0,0,0,0,0
5.72905471364981,322,6,0,3,1.05443321064389,0,0,1,1,1,0,1,0,1,1,0,0,0,0,1,0,0,0,0,0,0
5.86911466333494,322,7,0,3,1.31636697678109,0,0,1,1,1,0,1,0,1,1,0,0,0,1,0,0,0,0,0,0,0
8.15793980296062,322,8,0,3,1.61169647342312,0,0,1,1,1,0,1,0,1,1,0,0,1,0,0,0,0,0,0,0,0
9.1816166206537,322,9,0,3,1.94467955106552,0,0,1,1,1,0,1,0,1,1,0,1,0,0,0,0,0,0,0,0,0
11.1573229195344,322,10,0,3,2.32011692273655,0,0,1,1,1,0,1,0,1,1,1,0,0,0,0,0,0,0,0,0,0
0.504653580799313,323,1,0,1,0.01,1,0,1,1,1,0,0,1,0,1,0,0,0,1,0,0,0,0,0,0,0
2.16679878721196,323,2,0,1,0.01,1,0,1,1,1,0,0,1,0,1,0,0,1,0,0,0,0,0,0,0,0
-1.3504547841312,323,3,0,1,0.01,1,0,1,1,1,0,0,1,0,1,0,1,0,0,0,0,0,0,0,0,0
0.1589359619737,323,4,0,1,0.01,1,0,1,1,1,0,0,1,0,1,1,0,0,0,0,0,0,0,0,0,0
-1.38591632552698,323,5,0,1,0.01,1,0,1,1,1,0,0,1,0,1,0,0,0,0,0,0,1,0,0,0,0
1.19211571099824,323,6,0,1,0.01,1,0,1,1,1,0,0,1,0,1,0,0,0,0,0,0,0,1,0,0,0
-0.568250693468837,323,7,0,1,0.01,1,0,1,1,1,0,0,1,0,1,0,0,0,0,0,0,0,0,1,0,0
0.708274187014425,323,8,0,1,0.01,1,0,1,1,1,0,0,1,0,1,0,0,0,0,0,0,0,0,0,1,0
0.93030466495889,323,9,0,1,0.01,1,0,1,1,1,0,0,1,0,1,0,0,0,0,0,0,0,0,0,0,1
1.25131002173165,323,10,0,1,0.01,1,0,1,1,1,0,0,1,0,1,0,0,0,0,0,0,0,0,0,0,0
1.79060040851004,324,1,0,3,0.127496851579376,1,1,0,0,1,1,1,0,1,0,0,0,0,0,0,0,0,0,0,0,0
3.02735570896745,324,2,0,3,0.271249150321405,1,1,0,0,1,1,1,0,1,0,0,0,0,0,0,0,0,0,0,0,0
1.83074756180359,324,3,0,3,0.43332941456034,1,1,0,0,1,1,1,0,1,0,0,0,0,0,0,0,0,0,0,0,0
1.84782120138905,324,4,0,3,0.616074402192893,1,1,0,0,1,1,1,0,1,0,0,0,0,0,0,0,0,0,0,0,0
4.58405377519558,324,5,0,3,0.822118800390509,1,1,0,0,1,1,1,0,1,0,0,0,0,0,0,0,0,0,0,0,0
4.97216319160675,324,6,0,3,1.05443321064389,1,1,0,0,1,1,1,0,1,0,0,0,0,0,0,0,0,0,0,0,0
6.50365432313484,324,7,0,3,1.31636697678109,1,1,0,0,1,1,1,0,1,0,0,0,0,0,0,0,0,0,0,0,0
7.61513515552607,324,8,0,3,1.61169647342312,1,1,0,0,1,1,1,0,1,0,0,0,0,0,0,0,0,0,0,0,0
9.81265984281226,324,9,0,3,1.94467955106552,1,1,0,0,1,1,1,0,1,0,0,0,0,0,0,0,0,0,0,0,0
11.8879597947773,324,10,0,3,2.32011692273655,1,1,0,0,1,1,1,0,1,0,0,0,0,0,0,0,0,0,0,0,0
-0.634192524499581,325,1,0,2,0.0512710963760241,0,1,1,1,0,0,0,0,0,1,0,0,0,0,0,0,0,0,0,0,0
1.46714878156055,325,2,0,2,0.105170918075648,0,1,1,1,0,0,0,0,0,1,0,0,0,0,0,0,0,0,0,0,0
1.1855363977531,325,3,0,2,0.161834242728283,0,1,1,1,0,0,0,0,0,1,0,0,0,0,0,1,0,0,0,0,0
1.54290187287276,325,4,0,2,0.22140275816017,0,1,1,1,0,0,0,0,0,1,0,0,0,0,1,0,0,0,0,0,0
0.45033766344732,325,5,0,2,0.284025416687741,0,1,1,1,0,0,0,0,0,1,0,0,0,1,0,0,0,0,0,0,0
2.96458895565989,325,6,0,2,0.349858807576003,0,1,1,1,0,0,0,0,0,1,0,0,1,0,0,0,0,0,0,0,0
2.95089850394783,325,7,0,2,0.419067548593257,0,1,1,1,0,0,0,0,0,1,0,1,0,0,0,0,0,0,0,0,0
1.19272792470812,325,8,0,2,0.49182469764127,0,1,1,1,0,0,0,0,0,1,1,0,0,0,0,0,0,0,0,0,0
3.20559169837318,325,9,0,2,0.568312185490169,0,1,1,1,0,0,0,0,0,1,0,0,0,0,0,0,1,0,0,0,0
3.3713495463106,325,10,0,2,0.648721270700128,0,1,1,1,0,0,0,0,0,1,0,0,0,0,0,0,0,1,0,0,0
-1.17074770944156,326,1,0,3,0.127496851579376,1,1,0,1,0,0,1,1,1,0,0,0,0,0,0,0,0,0,0,0,0
0.24775201888128,326,2,0,3,0.271249150321405,1,1,0,1,0,0,1,1,1,0,0,0,0,0,0,0,0,0,0,0,0
1.8279231178678,326,3,0,3,0.43332941456034,1,1,0,1,0,0,1,1,1,0,0,0,0,0,0,0,0,0,0,0,0
4.58807144476866,326,4,0,3,0.616074402192893,1,1,0,1,0,0,1,1,1,0,0,0,0,0,0,0,0,0,0,0,0
4.76308364264519,326,5,0,3,0.822118800390509,1,1,0,1,0,0,1,1,1,0,0,0,0,0,0,0,0,0,0,0,0
5.06534085843852,326,6,0,3,1.05443321064389,1,1,0,1,0,0,1,1,1,0,0,0,0,0,0,0,0,0,0,0,0
7.92501948069099,326,7,0,3,1.31636697678109,1,1,0,1,0,0,1,1,1,0,0,0,0,0,0,0,0,0,0,0,0
9.0548464371513,326,8,0,3,1.61169647342312,1,1,0,1,0,0,1,1,1,0,0,0,0,0,0,0,0,0,0,0,0
8.6973705887617,326,9,0,3,1.94467955106552,1,1,0,1,0,0,1,1,1,0,0,0,0,0,0,0,0,0,0,0,0
10.960019874081,326,10,0,3,2.32011692273655,1,1,0,1,0,0,1,1,1,0,0,0,0,0,0,0,0,0,0,0,0
-0.20337671201269,327,1,0,2,0.0512710963760241,1,1,1,1,0,1,1,1,1,1,0,0,0,0,0,0,0,0,0,0,0
1.48716124994777,327,2,0,2,0.105170918075648,1,1,1,1,0,1,1,1,1,1,0,0,0,0,0,0,0,0,0,0,0
0.191323311073206,327,3,0,2,0.161834242728283,1,1,1,1,0,1,1,1,1,1,0,0,0,0,0,0,0,0,0,0,0
0.561856223409381,327,4,0,2,0.22140275816017,1,1,1,1,0,1,1,1,1,1,0,0,0,0,0,0,0,0,0,0,0
2.28276832357922,327,5,0,2,0.284025416687741,1,1,1,1,0,1,1,1,1,1,0,0,0,0,0,0,0,0,0,0,0
3.77693341835593,327,6,0,2,0.349858807576003,1,1,1,1,0,1,1,1,1,1,0,0,0,0,0,0,0,0,0,0,0
1.87729794993719,327,7,0,2,0.419067548593257,1,1,1,1,0,1,1,1,1,1,0,0,0,0,0,0,0,0,0,0,0
2.98197026487842,327,8,0,2,0.49182469764127,1,1,1,1,0,1,1,1,1,1,0,0,0,0,0,0,0,0,0,0,0
3.08879931849831,327,9,0,2,0.568312185490169,1,1,1,1,0,1,1,1,1,1,0,0,0,0,0,0,0,0,0,0,0
2.70938837931823,327,10,0,2,0.648721270700128,1,1,1,1,0,1,1,1,1,1,0,0,0,0,0,0,0,0,0,0,0
-0.89533676922569,328,1,0,2,0.0512710963760241,1,0,0,1,0,0,1,0,0,0,0,0,0,0,0,0,0,0,0,0,0
2.01228870570152,328,2,0,2,0.105170918075648,1,0,0,1,0,0,1,0,0,0,0,0,0,0,0,0,0,0,0,0,0
0.643432351428614,328,3,0,2,0.161834242728283,1,0,0,1,0,0,1,0,0,0,0,0,0,0,0,0,0,0,0,0,0
1.04855972870186,328,4,0,2,0.22140275816017,1,0,0,1,0,0,1,0,0,0,0,0,0,0,0,0,0,0,0,0,0
1.91518018831524,328,5,0,2,0.284025416687741,1,0,0,1,0,0,1,0,0,0,0,0,0,0,0,0,0,0,0,0,0
0.251343026951267,328,6,0,2,0.349858807576003,1,0,0,1,0,0,1,0,0,0,0,0,0,0,0,0,0,0,0,0,0
2.47981031883828,328,7,0,2,0.419067548593257,1,0,0,1,0,0,1,0,0,0,0,0,0,0,0,0,0,0,0,0,0
1.97297787383487,328,8,0,2,0.49182469764127,1,0,0,1,0,0,1,0,0,0,0,0,0,0,0,0,0,0,0,0,0
2.75864579283094,328,9,0,2,0.568312185490169,1,0,0,1,0,0,1,0,0,0,0,0,0,0,0,0,0,0,0,0,0
2.27326277701202,328,10,0,2,0.648721270700128,1,0,0,1,0,0,1,0,0,0,0,0,0,0,0,0,0,0,0,0,0
-1.12127295026487,329,1,0,1,0.01,0,1,0,0,0,1,0,0,1,1,0,0,0,0,0,0,0,0,0,0,0
0.221268267663395,329,2,0,1,0.01,0,1,0,0,0,1,0,0,1,1,0,0,0,0,0,0,0,0,0,0,0
-0.412587908578495,329,3,0,1,0.01,0,1,0,0,0,1,0,0,1,1,0,0,0,0,0,0,0,0,0,0,0
-1.21113144189966,329,4,0,1,0.01,0,1,0,0,0,1,0,0,1,1,0,0,0,0,0,0,0,0,0,0,0
-1.97782983914771,329,5,0,1,0.01,0,1,0,0,0,1,0,0,1,1,0,0,0,0,0,0,0,0,0,0,0
-1.53053000239759,329,6,0,1,0.01,0,1,0,0,0,1,0,0,1,1,0,0,0,0,0,0,0,0,0,0,0
0.385417376933201,329,7,0,1,0.01,0,1,0,0,0,1,0,0,1,1,0,0,0,0,0,0,0,0,0,0,0
0.298309001115976,329,8,0,1,0.01,0,1,0,0,0,1,0,0,1,1,0,0,0,0,0,0,0,0,0,0,0
0.458446927556689,329,9,0,1,0.01,0,1,0,0,0,1,0,0,1,1,0,0,0,0,0,0,0,0,0,0,0
0.15748868861882,329,10,0,1,0.01,0,1,0,0,0,1,0,0,1,1,0,0,0,0,0,0,0,0,0,0,0
0.337572614921861,330,1,0,1,0.01,0,0,1,0,1,0,1,0,0,1,0,0,0,0,0,0,0,0,0,0,0
-0.611166656314115,330,2,0,1,0.01,0,0,1,0,1,0,1,0,0,1,0,0,0,0,0,0,0,0,0,0,0
-0.720248659414638,330,3,0,1,0.01,0,0,1,0,1,0,1,0,0,1,0,0,0,0,0,0,0,0,0,0,0
-0.515671371355964,330,4,0,1,0.01,0,0,1,0,1,0,1,0,0,1,0,0,0,0,0,0,0,0,0,0,0
-0.784874113707507,330,5,0,1,0.01,0,0,1,0,1,0,1,0,0,1,0,0,0,0,0,0,0,0,0,0,0
1.5677624766349,330,6,0,1,0.01,0,0,1,0,1,0,1,0,0,1,0,0,0,0,0,0,0,0,0,0,0
3.10896030996754,330,7,0,1,0.01,0,0,1,0,1,0,1,0,0,1,0,0,0,0,0,0,0,0,0,0,0
0.640846039973621,330,8,0,1,0.01,0,0,1,0,1,0,1,0,0,1,0,0,0,0,0,0,0,0,0,0,0
0.311338888821363,330,9,0,1,0.01,0,0,1,0,1,0,1,0,0,1,0,0,0,0,0,0,0,0,0,0,0
1.50011686945269,330,10,0,1,0.01,0,0,1,0,1,0,1,0,0,1,0,0,0,0,0,0,0,0,0,0,0
-0.298512309601411,331,1,0,2,0.0512710963760241,0,0,0,1,1,0,1,1,1,1,0,0,0,0,0,0,0,0,0,0,0
1.51795208091585,331,2,0,2,0.105170918075648,0,0,0,1,1,0,1,1,1,1,0,0,0,0,0,0,0,0,0,0,0
2.037555841273,331,3,0,2,0.161834242728283,0,0,0,1,1,0,1,1,1,1,0,0,0,0,0,0,0,0,0,0,0
-0.00896641435744061,331,4,0,2,0.22140275816017,0,0,0,1,1,0,1,1,1,1,0,0,0,0,0,0,0,0,0,0,0
2.60025819391622,331,5,0,2,0.284025416687741,0,0,0,1,1,0,1,1,1,1,0,0,0,0,0,0,0,0,0,0,0
1.10953670948348,331,6,0,2,0.349858807576003,0,0,0,1,1,0,1,1,1,1,0,0,0,0,0,0,0,0,0,0,0
1.43842761138241,331,7,0,2,0.419067548593257,0,0,0,1,1,0,1,1,1,1,0,0,0,0,0,0,0,0,0,0,0
2.9853842207903,331,8,0,2,0.49182469764127,0,0,0,1,1,0,1,1,1,1,0,0,0,0,0,0,0,0,0,0,0
2.80975446422565,331,9,0,2,0.568312185490169,0,0,0,1,1,0,1,1,1,1,0,0,0,0,0,0,0,0,0,0,0
4.05045434211972,331,10,0,2,0.648721270700128,0,0,0,1,1,0,1,1,1,1,0,0,0,0,0,0,0,0,0,0,0
-1.49539386780319,332,1,0,1,0.01,1,0,1,0,1,1,1,1,0,0,0,0,0,0,0,0,0,0,0,0,0
0.932109198348959,332,2,0,1,0.01,1,0,1,0,1,1,1,1,0,0,0,0,0,0,0,0,0,0,0,0,0
-0.189348180868557,332,3,0,1,0.01,1,0,1,0,1,1,1,1,0,0,0,0,0,0,0,0,0,0,0,0,0
-0.522761261926964,332,4,0,1,0.01,1,0,1,0,1,1,1,1,0,0,0,0,0,0,0,0,0,0,0,0,0
0.940044574393714,332,5,0,1,0.01,1,0,1,0,1,1,1,1,0,0,0,0,0,0,0,0,0,0,0,0,0
-0.364991050063488,332,6,0,1,0.01,1,0,1,0,1,1,1,1,0,0,0,0,0,0,0,0,0,0,0,0,0
-1.02384858337132,332,7,0,1,0.01,1,0,1,0,1,1,1,1,0,0,0,0,0,0,0,0,0,0,0,0,0
0.85490858119972,332,8,0,1,0.01,1,0,1,0,1,1,1,1,0,0,0,0,0,0,0,0,0,0,0,0,0
1.74067566923213,332,9,0,1,0.01,1,0,1,0,1,1,1,1,0,0,0,0,0,0,0,0,0,0,0,0,0
-0.747181808568705,332,10,0,1,0.01,1,0,1,0,1,1,1,1,0,0,0,0,0,0,0,0,0,0,0,0,0
-0.599457230275032,333,1,0,1,0.01,1,0,0,1,1,0,1,1,1,0,0,0,0,0,0,0,0,0,0,0,0
-0.809182439468359,333,2,0,1,0.01,1,0,0,1,1,0,1,1,1,0,0,0,0,0,0,0,0,0,0,0,0
0.385546670977082,333,3,0,1,0.01,1,0,0,1,1,0,1,1,1,0,0,0,0,0,0,0,0,0,0,0,0
2.27358142052455,333,4,0,1,0.01,1,0,0,1,1,0,1,1,1,0,0,0,0,0,0,0,0,0,0,0,0
-0.140679693886139,333,5,0,1,0.01,1,0,0,1,1,0,1,1,1,0,0,0,0,0,0,0,0,0,0,0,0
-0.212121973888863,333,6,0,1,0.01,1,0,0,1,1,0,1,1,1,0,0,0,0,0,0,0,0,0,0,0,0
-0.286375649740856,333,7,0,1,0.01,1,0,0,1,1,0,1,1,1,0,0,0,0,0,0,0,0,0,0,0,0
-1.59163696076468,333,8,0,1,0.01,1,0,0,1,1,0,1,1,1,0,0,0,0,0,0,0,0,0,0,0,0
-1.5875138063564,333,9,0,1,0.01,1,0,0,1,1,0,1,1,1,0,0,0,0,0,0,0,0,0,0,0,0
-0.804452061639694,333,10,0,1,0.01,1,0,0,1,1,0,1,1,1,0,0,0,0,0,0,0,0,0,0,0,0
0.637116927329974,334,1,0,3,0.127496851579376,1,0,1,0,1,0,0,0,0,1,0,0,0,1,0,0,0,0,0,0,0
-1.17066075145626,334,2,0,3,0.271249150321405,1,0,1,0,1,0,0,0,0,1,0,0,1,0,0,0,0,0,0,0,0
2.06836474945442,334,3,0,3,0.43332941456034,1,0,1,0,1,0,0,0,0,1,0,1,0,0,0,0,0,0,0,0,0
3.66264093541327,334,4,0,3,0.616074402192893,1,0,1,0,1,0,0,0,0,1,1,0,0,0,0,0,0,0,0,0,0
4.87829004961253,334,5,0,3,0.822118800390509,1,0,1,0,1,0,0,0,0,1,0,0,0,0,0,0,1,0,0,0,0
4.33407442923491,334,6,0,3,1.05443321064389,1,0,1,0,1,0,0,0,0,1,0,0,0,0,0,0,0,1,0,0,0
7.79587492056785,334,7,0,3,1.31636697678109,1,0,1,0,1,0,0,0,0,1,0,0,0,0,0,0,0,0,1,0,0
5.56831112599906,334,8,0,3,1.61169647342312,1,0,1,0,1,0,0,0,0,1,0,0,0,0,0,0,0,0,0,1,0
9.95926211723566,334,9,0,3,1.94467955106552,1,0,1,0,1,0,0,0,0,1,0,0,0,0,0,0,0,0,0,0,1
12.0832358252542,334,10,0,3,2.32011692273655,1,0,1,0,1,0,0,0,0,1,0,0,0,0,0,0,0,0,0,0,0
0.871956904159009,335,1,0,2,0.0512710963760241,1,1,0,0,1,1,1,0,1,1,0,0,0,0,0,0,0,0,0,0,0
0.963752597079781,335,2,0,2,0.105170918075648,1,1,0,0,1,1,1,0,1,1,0,0,0,0,0,0,0,0,0,0,0
0.566077313256834,335,3,0,2,0.161834242728283,1,1,0,0,1,1,1,0,1,1,0,0,0,0,0,0,0,0,0,0,0
2.48318185229747,335,4,0,2,0.22140275816017,1,1,0,0,1,1,1,0,1,1,0,0,0,0,0,0,0,0,0,0,0
-0.732350776983606,335,5,0,2,0.284025416687741,1,1,0,0,1,1,1,0,1,1,0,0,0,0,0,0,0,0,0,0,0
2.15157465840693,335,6,0,2,0.349858807576003,1,1,0,0,1,1,1,0,1,1,0,0,0,0,0,0,0,0,0,0,0
3.62248532584499,335,7,0,2,0.419067548593257,1,1,0,0,1,1,1,0,1,1,0,0,0,0,0,0,0,0,0,0,0
3.57884929683472,335,8,0,2,0.49182469764127,1,1,0,0,1,1,1,0,1,1,0,0,0,0,0,0,0,0,0,0,0
3.97129430035289,335,9,0,2,0.568312185490169,1,1,0,0,1,1,1,0,1,1,0,0,0,0,0,0,0,0,0,0,0
2.47098401513898,335,10,0,2,0.648721270700128,1,1,0,0,1,1,1,0,1,1,0,0,0,0,0,0,0,0,0,0,0
0.319817923984654,336,1,0,3,0.127496851579376,0,0,1,1,0,1,0,0,0,1,0,0,0,0,0,0,0,0,0,0,0
1.24815993699482,336,2,0,3,0.271249150321405,0,0,1,1,0,1,0,0,0,1,0,0,0,0,0,0,0,0,0,0,0
4.16727845907962,336,3,0,3,0.43332941456034,0,0,1,1,0,1,0,0,0,1,0,0,0,0,0,0,0,0,0,0,0
3.67038135935884,336,4,0,3,0.616074402192893,0,0,1,1,0,1,0,0,0,1,0,0,0,0,0,1,0,0,0,0,0
2.69052816237323,336,5,0,3,0.822118800390509,0,0,1,1,0,1,0,0,0,1,0,0,0,0,1,0,0,0,0,0,0
4.63311591849142,336,6,0,3,1.05443321064389,0,0,1,1,0,1,0,0,0,1,0,0,0,1,0,0,0,0,0,0,0
7.81439872501988,336,7,0,3,1.31636697678109,0,0,1,1,0,1,0,0,0,1,0,0,1,0,0,0,0,0,0,0,0
8.95326300003501,336,8,0,3,1.61169647342312,0,0,1,1,0,1,0,0,0,1,0,1,0,0,0,0,0,0,0,0,0
10.141613072401,336,9,0,3,1.94467955106552,0,0,1,1,0,1,0,0,0,1,1,0,0,0,0,0,0,0,0,0,0
11.6394906661393,336,10,0,3,2.32011692273655,0,0,1,1,0,1,0,0,0,1,0,0,0,0,0,0,1,0,0,0,0
-0.189946588760247,337,1,0,1,0.01,0,0,1,1,1,0,0,0,0,0,0,0,0,0,0,0,0,0,0,0,0
-0.430191656457661,337,2,0,1,0.01,0,0,1,1,1,0,0,0,0,0,0,0,0,0,0,0,0,0,0,0,0
-1.27553201007479,337,3,0,1,0.01,0,0,1,1,1,0,0,0,0,0,0,0,0,0,0,0,0,0,0,0,0
-0.624052413625754,337,4,0,1,0.01,0,0,1,1,1,0,0,0,0,0,0,0,0,0,0,0,0,0,0,0,0
-0.169999675598379,337,5,0,1,0.01,0,0,1,1,1,0,0,0,0,0,0,0,0,0,0,0,0,0,0,0,0
-1.55098733708787,337,6,0,1,0.01,0,0,1,1,1,0,0,0,0,0,0,0,0,0,0,0,0,0,0,0,0
0.123061919925765,337,7,0,1,0.01,0,0,1,1,1,0,0,0,0,0,0,0,0,0,0,0,0,0,0,0,0
-1.61795991925658,337,8,0,1,0.01,0,0,1,1,1,0,0,0,0,0,0,0,0,0,0,0,0,0,0,0,0
0.951053731595476,337,9,0,1,0.01,0,0,1,1,1,0,0,0,0,0,0,0,0,0,0,0,0,0,0,0,0
-2.13583131897282,337,10,0,1,0.01,0,0,1,1,1,0,0,0,0,0,0,0,0,0,0,0,0,0,0,0,0
-0.534368108585986,338,1,0,2,0.0512710963760241,1,0,0,0,1,1,1,0,0,1,0,0,0,0,0,0,0,0,0,0,0
-1.1273793333423,338,2,0,2,0.105170918075648,1,0,0,0,1,1,1,0,0,1,0,0,0,0,0,0,0,0,0,0,0
2.37941246718164,338,3,0,2,0.161834242728283,1,0,0,0,1,1,1,0,0,1,0,0,0,0,0,0,0,0,0,0,0
1.27412377390027,338,4,0,2,0.22140275816017,1,0,0,0,1,1,1,0,0,1,0,0,0,0,0,0,0,0,0,0,0
2.10284743130524,338,5,0,2,0.284025416687741,1,0,0,0,1,1,1,0,0,1,0,0,0,0,0,0,0,0,0,0,0
1.84789755336959,338,6,0,2,0.349858807576003,1,0,0,0,1,1,1,0,0,1,0,0,0,0,0,0,0,0,0,0,0
2.65116724984821,338,7,0,2,0.419067548593257,1,0,0,0,1,1,1,0,0,1,0,0,0,0,0,0,0,0,0,0,0
4.82821055178357,338,8,0,2,0.49182469764127,1,0,0,0,1,1,1,0,0,1,0,0,0,0,0,0,0,0,0,0,0
3.71972332915542,338,9,0,2,0.568312185490169,1,0,0,0,1,1,1,0,0,1,0,0,0,0,0,0,0,0,0,0,0
2.71016329566985,338,10,0,2,0.648721270700128,1,0,0,0,1,1,1,0,0,1,0,0,0,0,0,0,0,0,0,0,0
3.15134767477895,339,1,0,3,0.127496851579376,1,0,0,1,0,0,1,0,1,1,0,0,0,0,0,0,0,0,0,0,0
0.993872375321236,339,2,0,3,0.271249150321405,1,0,0,1,0,0,1,0,1,1,0,0,0,0,0,0,0,0,0,0,0
3.74545841087422,339,3,0,3,0.43332941456034,1,0,0,1,0,0,1,0,1,1,0,0,0,0,0,0,0,0,0,0,0
1.75909704244156,339,4,0,3,0.616074402192893,1,0,0,1,0,0,1,0,1,1,0,0,0,0,0,0,0,0,0,0,0
5.31896742110107,339,5,0,3,0.822118800390509,1,0,0,1,0,0,1,0,1,1,0,0,0,0,0,0,0,0,0,0,0
6.78345791073422,339,6,0,3,1.05443321064389,1,0,0,1,0,0,1,0,1,1,0,0,0,0,0,0,0,0,0,0,0
6.29431966002924,339,7,0,3,1.31636697678109,1,0,0,1,0,0,1,0,1,1,0,0,0,0,0,0,0,0,0,0,0
8.23034111217856,339,8,0,3,1.61169647342312,1,0,0,1,0,0,1,0,1,1,0,0,0,0,0,0,0,0,0,0,0
8.36079023644032,339,9,0,3,1.94467955106552,1,0,0,1,0,0,1,0,1,1,0,0,0,0,0,0,0,0,0,0,0
12.4039453072281,339,10,0,3,2.32011692273655,1,0,0,1,0,0,1,0,1,1,0,0,0,0,0,0,0,0,0,0,0
1.50226311416577,340,1,0,1,0.01,0,1,1,0,1,1,0,1,0,0,0,0,0,0,0,0,0,0,0,0,0
-0.812425688741908,340,2,0,1,0.01,0,1,1,0,1,1,0,1,0,0,0,0,0,0,0,0,0,0,0,0,0
0.258579345068561,340,3,0,1,0.01,0,1,1,0,1,1,0,1,0,0,0,0,0,0,0,0,0,0,0,0,0
-0.0387639229298369,340,4,0,1,0.01,0,1,1,0,1,1,0,1,0,0,0,0,0,0,0,0,0,0,0,0,0
-0.0857566533792267,340,5,0,1,0.01,0,1,1,0,1,1,0,1,0,0,0,0,0,0,0,0,0,0,0,0,0
0.891490067635487,340,6,0,1,0.01,0,1,1,0,1,1,0,1,0,0,0,0,0,0,0,0,0,0,0,0,0
0.660231805553375,340,7,0,1,0.01,0,1,1,0,1,1,0,1,0,0,0,0,0,0,0,0,0,0,0,0,0
0.511114956474656,340,8,0,1,0.01,0,1,1,0,1,1,0,1,0,0,0,0,0,0,0,0,0,0,0,0,0
2.32023516467699,340,9,0,1,0.01,0,1,1,0,1,1,0,1,0,0,0,0,0,0,0,0,0,0,0,0,0
0.482595568960371,340,10,0,1,0.01,0,1,1,0,1,1,0,1,0,0,0,0,0,0,0,0,0,0,0,0,0
-0.766092836331503,341,1,0,2,0.0512710963760241,1,1,0,0,0,1,1,0,0,0,0,0,0,0,0,0,0,0,0,0,0
0.163413125800994,341,2,0,2,0.105170918075648,1,1,0,0,0,1,1,0,0,0,0,0,0,0,0,0,0,0,0,0,0
1.07841434634192,341,3,0,2,0.161834242728283,1,1,0,0,0,1,1,0,0,0,0,0,0,0,0,0,0,0,0,0,0
0.410432578190811,341,4,0,2,0.22140275816017,1,1,0,0,0,1,1,0,0,0,0,0,0,0,0,0,0,0,0,0,0
1.83228762108869,341,5,0,2,0.284025416687741,1,1,0,0,0,1,1,0,0,0,0,0,0,0,0,0,0,0,0,0,0
1.3366450655782,341,6,0,2,0.349858807576003,1,1,0,0,0,1,1,0,0,0,0,0,0,0,0,0,0,0,0,0,0
2.17936115089054,341,7,0,2,0.419067548593257,1,1,0,0,0,1,1,0,0,0,0,0,0,0,0,0,0,0,0,0,0
3.02026931056013,341,8,0,2,0.49182469764127,1,1,0,0,0,1,1,0,0,0,0,0,0,0,0,0,0,0,0,0,0
2.81583216897188,341,9,0,2,0.568312185490169,1,1,0,0,0,1,1,0,0,0,0,0,0,0,0,0,0,0,0,0,0
2.1396221605135,341,10,0,2,0.648721270700128,1,1,0,0,0,1,1,0,0,0,0,0,0,0,0,0,0,0,0,0,0
-1.74093293213696,342,1,0,1,0.01,0,0,1,0,1,1,0,0,0,0,1,0,0,0,0,0,0,0,0,0,0
-0.825779910746941,342,2,0,1,0.01,0,0,1,0,1,1,0,0,0,0,0,0,0,0,0,0,1,0,0,0,0
-0.888012065448388,342,3,0,1,0.01,0,0,1,0,1,1,0,0,0,0,0,0,0,0,0,0,0,1,0,0,0
0.50117059144051,342,4,0,1,0.01,0,0,1,0,1,1,0,0,0,0,0,0,0,0,0,0,0,0,1,0,0
0.106771226619674,342,5,0,1,0.01,0,0,1,0,1,1,0,0,0,0,0,0,0,0,0,0,0,0,0,1,0
-0.242980593653668,342,6,0,1,0.01,0,0,1,0,1,1,0,0,0,0,0,0,0,0,0,0,0,0,0,0,1
0.477805347493283,342,7,0,1,0.01,0,0,1,0,1,1,0,0,0,0,0,0,0,0,0,0,0,0,0,0,0
-0.0612370924023106,342,8,0,1,0.01,0,0,1,0,1,1,0,0,0,0,0,0,0,0,0,0,0,0,0,0,0
0.236780304661959,342,9,0,1,0.01,0,0,1,0,1,1,0,0,0,0,0,0,0,0,0,0,0,0,0,0,0
0.695239081544003,342,10,0,1,0.01,0,0,1,0,1,1,0,0,0,0,0,0,0,0,0,0,0,0,0,0,0
1.01650305197174,343,1,0,2,0.0512710963760241,0,1,0,1,1,0,1,1,0,0,0,0,0,0,0,0,0,0,0,0,0
0.432626379342593,343,2,0,2,0.105170918075648,0,1,0,1,1,0,1,1,0,0,0,0,0,0,0,0,0,0,0,0,0
0.681147974581132,343,3,0,2,0.161834242728283,0,1,0,1,1,0,1,1,0,0,0,0,0,0,0,0,0,0,0,0,0
1.73112767591543,343,4,0,2,0.22140275816017,0,1,0,1,1,0,1,1,0,0,0,0,0,0,0,0,0,0,0,0,0
1.49903107892412,343,5,0,2,0.284025416687741,0,1,0,1,1,0,1,1,0,0,0,0,0,0,0,0,0,0,0,0,0
0.891492553362622,343,6,0,2,0.349858807576003,0,1,0,1,1,0,1,1,0,0,0,0,0,0,0,0,0,0,0,0,0
2.03939971161812,343,7,0,2,0.419067548593257,0,1,0,1,1,0,1,1,0,0,0,0,0,0,0,0,0,0,0,0,0
2.06260286405527,343,8,0,2,0.49182469764127,0,1,0,1,1,0,1,1,0,0,0,0,0,0,0,0,0,0,0,0,0
3.03805660270742,343,9,0,2,0.568312185490169,0,1,0,1,1,0,1,1,0,0,0,0,0,0,0,0,0,0,0,0,0
2.65836869269499,343,10,0,2,0.648721270700128,0,1,0,1,1,0,1,1,0,0,0,0,0,0,0,0,0,0,0,0,0
-1.40181838551891,344,1,0,1,0.01,1,0,0,1,0,0,1,0,1,0,0,1,0,0,0,0,0,0,0,0,0
0.731226103573132,344,2,0,1,0.01,1,0,0,1,0,0,1,0,1,0,1,0,0,0,0,0,0,0,0,0,0
0.963880873894483,344,3,0,1,0.01,1,0,0,1,0,0,1,0,1,0,0,0,0,0,0,0,1,0,0,0,0
0.687185494693024,344,4,0,1,0.01,1,0,0,1,0,0,1,0,1,0,0,0,0,0,0,0,0,1,0,0,0
1.42770695328455,344,5,0,1,0.01,1,0,0,1,0,0,1,0,1,0,0,0,0,0,0,0,0,0,1,0,0
-1.81121705176776,344,6,0,1,0.01,1,0,0,1,0,0,1,0,1,0,0,0,0,0,0,0,0,0,0,1,0
0.321005729193811,344,7,0,1,0.01,1,0,0,1,0,0,1,0,1,0,0,0,0,0,0,0,0,0,0,0,1
1.44420361615811,344,8,0,1,0.01,1,0,0,1,0,0,1,0,1,0,0,0,0,0,0,0,0,0,0,0,0
0.371769374486857,344,9,0,1,0.01,1,0,0,1,0,0,1,0,1,0,0,0,0,0,0,0,0,0,0,0,0
-1.06496369257803,344,10,0,1,0.01,1,0,0,1,0,0,1,0,1,0,0,0,0,0,0,0,0,0,0,0,0
-0.708977363891018,345,1,0,2,0.0512710963760241,1,0,0,1,0,0,0,0,1,1,0,0,0,0,0,0,0,0,0,0,0
-0.352383862226304,345,2,0,2,0.105170918075648,1,0,0,1,0,0,0,0,1,1,0,0,0,0,0,0,0,0,0,0,0
-1.26630278691228,345,3,0,2,0.161834242728283,1,0,0,1,0,0,0,0,1,1,0,0,0,0,0,0,0,0,0,0,0
2.2638915249465,345,4,0,2,0.22140275816017,1,0,0,1,0,0,0,0,1,1,0,0,0,0,0,0,0,0,0,0,0
1.53356620691885,345,5,0,2,0.284025416687741,1,0,0,1,0,0,0,0,1,1,0,0,0,0,0,1,0,0,0,0,0
0.884067837432918,345,6,0,2,0.349858807576003,1,0,0,1,0,0,0,0,1,1,0,0,0,0,1,0,0,0,0,0,0
1.86347838034731,345,7,0,2,0.419067548593257,1,0,0,1,0,0,0,0,1,1,0,0,0,1,0,0,0,0,0,0,0
2.70269103954539,345,8,0,2,0.49182469764127,1,0,0,1,0,0,0,0,1,1,0,0,1,0,0,0,0,0,0,0,0
-0.13581750302833,345,9,0,2,0.568312185490169,1,0,0,1,0,0,0,0,1,1,0,1,0,0,0,0,0,0,0,0,0
3.36647027876365,345,10,0,2,0.648721270700128,1,0,0,1,0,0,0,0,1,1,1,0,0,0,0,0,0,0,0,0,0
-0.900553547373402,346,1,0,1,0.01,0,1,1,1,1,0,1,0,0,0,0,0,0,0,0,0,0,0,0,0,0
0.604894222151095,346,2,0,1,0.01,0,1,1,1,1,0,1,0,0,0,0,0,0,0,0,0,0,0,0,0,0
-0.981317690692902,346,3,0,1,0.01,0,1,1,1,1,0,1,0,0,0,0,0,0,0,0,0,0,0,0,0,0
-0.69938862657845,346,4,0,1,0.01,0,1,1,1,1,0,1,0,0,0,0,0,0,0,0,0,0,0,0,0,0
0.804444443735795,346,5,0,1,0.01,0,1,1,1,1,0,1,0,0,0,0,0,0,0,0,0,0,0,0,0,0
-1.13413235005893,346,6,0,1,0.01,0,1,1,1,1,0,1,0,0,0,0,0,0,0,0,0,0,0,0,0,0
0.972467074301865,346,7,0,1,0.01,0,1,1,1,1,0,1,0,0,0,0,0,0,0,0,0,0,0,0,0,0
0.122683859692113,346,8,0,1,0.01,0,1,1,1,1,0,1,0,0,0,0,0,0,0,0,0,0,0,0,0,0
-0.422141516514821,346,9,0,1,0.01,0,1,1,1,1,0,1,0,0,0,0,0,0,0,0,0,0,0,0,0,0
0.332115158392133,346,10,0,1,0.01,0,1,1,1,1,0,1,0,0,0,0,0,0,0,0,0,0,0,0,0,0
-1.685278372512,347,1,0,2,0.0512710963760241,1,0,1,0,0,1,1,1,1,1,0,0,0,0,0,0,0,0,0,0,0
1.14620173281875,347,2,0,2,0.105170918075648,1,0,1,0,0,1,1,1,1,1,0,0,0,0,0,0,0,0,0,0,0
1.1687730167431,347,3,0,2,0.161834242728283,1,0,1,0,0,1,1,1,1,1,0,0,0,0,0,0,0,0,0,0,0
-0.312714986706562,347,4,0,2,0.22140275816017,1,0,1,0,0,1,1,1,1,1,0,0,0,0,0,0,0,0,0,0,0
1.04486796423024,347,5,0,2,0.284025416687741,1,0,1,0,0,1,1,1,1,1,0,0,0,0,0,0,0,0,0,0,0
2.8725636915925,347,6,0,2,0.349858807576003,1,0,1,0,0,1,1,1,1,1,0,0,0,0,0,0,0,0,0,0,0
2.42643261923433,347,7,0,2,0.419067548593257,1,0,1,0,0,1,1,1,1,1,0,0,0,0,0,0,0,0,0,0,0
2.49267833801024,347,8,0,2,0.49182469764127,1,0,1,0,0,1,1,1,1,1,0,0,0,0,0,0,0,0,0,0,0
2.05873344051985,347,9,0,2,0.568312185490169,1,0,1,0,0,1,1,1,1,1,0,0,0,0,0,0,0,0,0,0,0
3.04046555030734,347,10,0,2,0.648721270700128,1,0,1,0,0,1,1,1,1,1,0,0,0,0,0,0,0,0,0,0,0
0.382505632709746,348,1,0,2,0.0512710963760241,1,1,0,0,1,0,0,0,0,0,0,0,0,0,0,0,0,0,0,0,0
0.228769575483182,348,2,0,2,0.105170918075648,1,1,0,0,1,0,0,0,0,0,0,0,0,0,0,1,0,0,0,0,0
-0.108971512774266,348,3,0,2,0.161834242728283,1,1,0,0,1,0,0,0,0,0,0,0,0,0,1,0,0,0,0,0,0
-0.51015216969172,348,4,0,2,0.22140275816017,1,1,0,0,1,0,0,0,0,0,0,0,0,1,0,0,0,0,0,0,0
0.526590613168598,348,5,0,2,0.284025416687741,1,1,0,0,1,0,0,0,0,0,0,0,1,0,0,0,0,0,0,0,0
0.218164200469754,348,6,0,2,0.349858807576003,1,1,0,0,1,0,0,0,0,0,0,1,0,0,0,0,0,0,0,0,0
1.10534227721465,348,7,0,2,0.419067548593257,1,1,0,0,1,0,0,0,0,0,1,0,0,0,0,0,0,0,0,0,0
2.67417626162894,348,8,0,2,0.49182469764127,1,1,0,0,1,0,0,0,0,0,0,0,0,0,0,0,1,0,0,0,0
2.49103489525189,348,9,0,2,0.568312185490169,1,1,0,0,1,0,0,0,0,0,0,0,0,0,0,0,0,1,0,0,0
4.07738350229293,348,10,0,2,0.648721270700128,1,1,0,0,1,0,0,0,0,0,0,0,0,0,0,0,0,0,1,0,0
-1.02034900901338,349,1,0,1,0.01,0,0,1,1,0,0,0,0,0,1,0,0,0,0,0,0,0,0,0,0,0
1.42956315018897,349,2,0,1,0.01,0,0,1,1,0,0,0,0,0,1,0,0,0,0,0,0,0,0,0,0,0
0.99634511108096,349,3,0,1,0.01,0,0,1,1,0,0,0,0,0,1,0,0,0,0,0,0,0,0,0,0,0
0.570802376345558,349,4,0,1,0.01,0,0,1,1,0,0,0,0,0,1,0,0,0,0,0,0,0,0,0,0,0
1.19022166058225,349,5,0,1,0.01,0,0,1,1,0,0,0,0,0,1,0,0,0,0,0,0,0,0,0,0,0
-0.47878282848317,349,6,0,1,0.01,0,0,1,1,0,0,0,0,0,1,0,0,0,0,0,0,0,0,0,0,0
0.660870716111037,349,7,0,1,0.01,0,0,1,1,0,0,0,0,0,1,0,0,0,0,0,0,0,0,0,0,0
0.202999489987794,349,8,0,1,0.01,0,0,1,1,0,0,0,0,0,1,0,0,0,0,0,0,0,0,0,0,0
1.05784317226848,349,9,0,1,0.01,0,0,1,1,0,0,0,0,0,1,0,0,0,0,0,0,0,0,0,0,0
1.38342582744104,349,10,0,1,0.01,0,0,1,1,0,0,0,0,0,1,0,0,0,0,0,0,0,0,0,0,0
1.95783835728793,350,1,0,1,0.01,1,1,1,1,0,0,0,1,1,0,0,1,0,0,0,0,0,0,0,0,0
-0.289074208244101,350,2,0,1,0.01,1,1,1,1,0,0,0,1,1,0,1,0,0,0,0,0,0,0,0,0,0
0.00835663343718836,350,3,0,1,0.01,1,1,1,1,0,0,0,1,1,0,0,0,0,0,0,0,1,0,0,0,0
0.138626631036107,350,4,0,1,0.01,1,1,1,1,0,0,0,1,1,0,0,0,0,0,0,0,0,1,0,0,0
1.11464850053335,350,5,0,1,0.01,1,1,1,1,0,0,0,1,1,0,0,0,0,0,0,0,0,0,1,0,0
-0.430391428269723,350,6,0,1,0.01,1,1,1,1,0,0,0,1,1,0,0,0,0,0,0,0,0,0,0,1,0
-0.846297148565056,350,7,0,1,0.01,1,1,1,1,0,0,0,1,1,0,0,0,0,0,0,0,0,0,0,0,1
-0.209271180836804,350,8,0,1,0.01,1,1,1,1,0,0,0,1,1,0,0,0,0,0,0,0,0,0,0,0,0
1.2267822271975,350,9,0,1,0.01,1,1,1,1,0,0,0,1,1,0,0,0,0,0,0,0,0,0,0,0,0
-0.36006200654756,350,10,0,1,0.01,1,1,1,1,0,0,0,1,1,0,0,0,0,0,0,0,0,0,0,0,0
0.317842881297219,351,1,0,3,0.127496851579376,1,0,1,0,1,0,0,0,1,1,0,0,0,0,1,0,0,0,0,0,0
1.61823192191643,351,2,0,3,0.271249150321405,1,0,1,0,1,0,0,0,1,1,0,0,0,1,0,0,0,0,0,0,0
1.89445194490932,351,3,0,3,0.43332941456034,1,0,1,0,1,0,0,0,1,1,0,0,1,0,0,0,0,0,0,0,0
3.24009804118502,351,4,0,3,0.616074402192893,1,0,1,0,1,0,0,0,1,1,0,1,0,0,0,0,0,0,0,0,0
4.95885126374237,351,5,0,3,0.822118800390509,1,0,1,0,1,0,0,0,1,1,1,0,0,0,0,0,0,0,0,0,0
4.64396840585314,351,6,0,3,1.05443321064389,1,0,1,0,1,0,0,0,1,1,0,0,0,0,0,0,1,0,0,0,0
7.37815966120743,351,7,0,3,1.31636697678109,1,0,1,0,1,0,0,0,1,1,0,0,0,0,0,0,0,1,0,0,0
9.50207617528278,351,8,0,3,1.61169647342312,1,0,1,0,1,0,0,0,1,1,0,0,0,0,0,0,0,0,1,0,0
9.3484690576003,351,9,0,3,1.94467955106552,1,0,1,0,1,0,0,0,1,1,0,0,0,0,0,0,0,0,0,1,0
11.3614678261465,351,10,0,3,2.32011692273655,1,0,1,0,1,0,0,0,1,1,0,0,0,0,0,0,0,0,0,0,1
1.34636759654295,352,1,0,1,0.01,0,0,0,1,0,1,0,0,1,0,0,0,0,0,0,0,0,0,0,0,0
0.195834303963395,352,2,0,1,0.01,0,0,0,1,0,1,0,0,1,0,0,0,0,0,0,0,0,0,0,0,0
0.0373809428241399,352,3,0,1,0.01,0,0,0,1,0,1,0,0,1,0,0,0,0,0,0,0,0,0,0,0,0
-0.048219826253234,352,4,0,1,0.01,0,0,0,1,0,1,0,0,1,0,0,0,0,0,0,0,0,0,0,0,0
1.55411698188079,352,5,0,1,0.01,0,0,0,1,0,1,0,0,1,0,0,0,0,0,0,0,0,0,0,0,0
0.0714996097086155,352,6,0,1,0.01,0,0,0,1,0,1,0,0,1,0,0,0,0,0,0,0,0,0,0,0,0
-0.182597035513474,352,7,0,1,0.01,0,0,0,1,0,1,0,0,1,0,0,0,0,0,0,0,0,0,0,0,0
-1.40050009286155,352,8,0,1,0.01,0,0,0,1,0,1,0,0,1,0,0,0,0,0,0,0,0,0,0,0,0
0.132066439687707,352,9,0,1,0.01,0,0,0,1,0,1,0,0,1,0,0,0,0,0,0,0,0,0,0,0,0
1.46428610256728,352,10,0,1,0.01,0,0,0,1,0,1,0,0,1,0,0,0,0,0,0,0,0,0,0,0,0
-0.584520963219591,353,1,0,2,0.0512710963760241,0,0,0,1,1,0,1,1,1,1,0,0,0,0,0,0,0,0,0,0,0
-1.27807577124864,353,2,0,2,0.105170918075648,0,0,0,1,1,0,1,1,1,1,0,0,0,0,0,0,0,0,0,0,0
0.889322957342443,353,3,0,2,0.161834242728283,0,0,0,1,1,0,1,1,1,1,0,0,0,0,0,0,0,0,0,0,0
2.32079852357416,353,4,0,2,0.22140275816017,0,0,0,1,1,0,1,1,1,1,0,0,0,0,0,0,0,0,0,0,0
0.279221343431605,353,5,0,2,0.284025416687741,0,0,0,1,1,0,1,1,1,1,0,0,0,0,0,0,0,0,0,0,0
1.96972193719616,353,6,0,2,0.349858807576003,0,0,0,1,1,0,1,1,1,1,0,0,0,0,0,0,0,0,0,0,0
1.63096940800315,353,7,0,2,0.419067548593257,0,0,0,1,1,0,1,1,1,1,0,0,0,0,0,0,0,0,0,0,0
3.23047174382731,353,8,0,2,0.49182469764127,0,0,0,1,1,0,1,1,1,1,0,0,0,0,0,0,0,0,0,0,0
4.41151441579951,353,9,0,2,0.568312185490169,0,0,0,1,1,0,1,1,1,1,0,0,0,0,0,0,0,0,0,0,0
3.78064205495056,353,10,0,2,0.648721270700128,0,0,0,1,1,0,1,1,1,1,0,0,0,0,0,0,0,0,0,0,0
0.44422650558086,354,1,0,2,0.0512710963760241,0,0,0,1,1,1,1,0,0,0,0,0,0,0,0,0,0,0,0,0,0
0.370042726785062,354,2,0,2,0.105170918075648,0,0,0,1,1,1,1,0,0,0,0,0,0,0,0,0,0,0,0,0,0
3.52926436380906,354,3,0,2,0.161834242728283,0,0,0,1,1,1,1,0,0,0,0,0,0,0,0,0,0,0,0,0,0
2.62518307324417,354,4,0,2,0.22140275816017,0,0,0,1,1,1,1,0,0,0,0,0,0,0,0,0,0,0,0,0,0
0.62363550872663,354,5,0,2,0.284025416687741,0,0,0,1,1,1,1,0,0,0,0,0,0,0,0,0,0,0,0,0,0
1.21490847954675,354,6,0,2,0.349858807576003,0,0,0,1,1,1,1,0,0,0,0,0,0,0,0,0,0,0,0,0,0
2.11495492769339,354,7,0,2,0.419067548593257,0,0,0,1,1,1,1,0,0,0,0,0,0,0,0,0,0,0,0,0,0
1.35001369107552,354,8,0,2,0.49182469764127,0,0,0,1,1,1,1,0,0,0,0,0,0,0,0,0,0,0,0,0,0
1.09872034540832,354,9,0,2,0.568312185490169,0,0,0,1,1,1,1,0,0,0,0,0,0,0,0,0,0,0,0,0,0
4.08409130655742,354,10,0,2,0.648721270700128,0,0,0,1,1,1,1,0,0,0,0,0,0,0,0,0,0,0,0,0,0
-0.409410708886545,355,1,0,1,0.01,1,0,0,1,1,0,1,1,1,0,0,0,0,0,1,0,0,0,0,0,0
0.933213033736314,355,2,0,1,0.01,1,0,0,1,1,0,1,1,1,0,0,0,0,1,0,0,0,0,0,0,0
0.69368156498728,355,3,0,1,0.01,1,0,0,1,1,0,1,1,1,0,0,0,1,0,0,0,0,0,0,0,0
-1.80006587196139,355,4,0,1,0.01,1,0,0,1,1,0,1,1,1,0,0,1,0,0,0,0,0,0,0,0,0
0.36898804315243,355,5,0,1,0.01,1,0,0,1,1,0,1,1,1,0,1,0,0,0,0,0,0,0,0,0,0
1.57029641643946,355,6,0,1,0.01,1,0,0,1,1,0,1,1,1,0,0,0,0,0,0,0,1,0,0,0,0
-1.86259083672392,355,7,0,1,0.01,1,0,0,1,1,0,1,1,1,0,0,0,0,0,0,0,0,1,0,0,0
-0.74271745339748,355,8,0,1,0.01,1,0,0,1,1,0,1,1,1,0,0,0,0,0,0,0,0,0,1,0,0
0.901515730592686,355,9,0,1,0.01,1,0,0,1,1,0,1,1,1,0,0,0,0,0,0,0,0,0,0,1,0
-0.0947272916320128,355,10,0,1,0.01,1,0,0,1,1,0,1,1,1,0,0,0,0,0,0,0,0,0,0,0,1
0.834709958030097,356,1,0,1,0.01,1,1,0,0,1,1,0,0,0,1,0,0,0,0,0,0,0,0,0,0,0
0.886644950934006,356,2,0,1,0.01,1,1,0,0,1,1,0,0,0,1,0,0,0,0,0,0,0,0,0,0,0
0.074677239997765,356,3,0,1,0.01,1,1,0,0,1,1,0,0,0,1,0,0,0,0,0,0,0,0,0,0,0
-0.323462986187667,356,4,0,1,0.01,1,1,0,0,1,1,0,0,0,1,0,0,0,0,0,0,0,0,0,0,0
-1.31464335858087,356,5,0,1,0.01,1,1,0,0,1,1,0,0,0,1,0,0,0,0,0,0,0,0,0,0,0
-0.0540162847748136,356,6,0,1,0.01,1,1,0,0,1,1,0,0,0,1,0,0,0,0,0,0,0,0,0,0,0
-1.49985395101129,356,7,0,1,0.01,1,1,0,0,1,1,0,0,0,1,0,0,0,0,0,0,0,0,0,0,0
1.37376656552705,356,8,0,1,0.01,1,1,0,0,1,1,0,0,0,1,0,0,0,0,0,0,0,0,0,0,0
-0.529792755319845,356,9,0,1,0.01,1,1,0,0,1,1,0,0,0,1,0,0,0,0,0,0,0,0,0,0,0
0.32475625867765,356,10,0,1,0.01,1,1,0,0,1,1,0,0,0,1,0,0,0,0,0,0,0,0,0,0,0
-0.165708162005606,357,1,0,2,0.0512710963760241,1,1,0,0,1,0,1,1,0,1,0,0,0,0,0,0,0,0,0,0,0
1.03268260337662,357,2,0,2,0.105170918075648,1,1,0,0,1,0,1,1,0,1,0,0,0,0,0,0,0,0,0,0,0
0.751545247711741,357,3,0,2,0.161834242728283,1,1,0,0,1,0,1,1,0,1,0,0,0,0,0,1,0,0,0,0,0
1.564800611504,357,4,0,2,0.22140275816017,1,1,0,0,1,0,1,1,0,1,0,0,0,0,1,0,0,0,0,0,0
1.87474539218107,357,5,0,2,0.284025416687741,1,1,0,0,1,0,1,1,0,1,0,0,0,1,0,0,0,0,0,0,0
1.49894231973027,357,6,0,2,0.349858807576003,1,1,0,0,1,0,1,1,0,1,0,0,1,0,0,0,0,0,0,0,0
1.25533024271279,357,7,0,2,0.419067548593257,1,1,0,0,1,0,1,1,0,1,0,1,0,0,0,0,0,0,0,0,0
2.05366717024983,357,8,0,2,0.49182469764127,1,1,0,0,1,0,1,1,0,1,1,0,0,0,0,0,0,0,0,0,0
3.05441461505724,357,9,0,2,0.568312185490169,1,1,0,0,1,0,1,1,0,1,0,0,0,0,0,0,1,0,0,0,0
3.69449948693356,357,10,0,2,0.648721270700128,1,1,0,0,1,0,1,1,0,1,0,0,0,0,0,0,0,1,0,0,0
1.18956026599477,358,1,0,1,0.01,1,1,0,0,0,1,0,1,0,1,0,0,0,0,0,0,0,0,0,0,0
0.125353180154584,358,2,0,1,0.01,1,1,0,0,0,1,0,1,0,1,0,0,0,0,0,0,0,0,0,0,0
0.155079213792735,358,3,0,1,0.01,1,1,0,0,0,1,0,1,0,1,0,0,0,0,0,0,0,0,0,0,0
-0.817982137801717,358,4,0,1,0.01,1,1,0,0,0,1,0,1,0,1,0,0,0,0,0,0,0,0,0,0,0
1.14721341547464,358,5,0,1,0.01,1,1,0,0,0,1,0,1,0,1,0,0,0,0,0,0,0,0,0,0,0
1.31532555234578,358,6,0,1,0.01,1,1,0,0,0,1,0,1,0,1,0,0,0,0,0,0,0,0,0,0,0
-0.971489588582223,358,7,0,1,0.01,1,1,0,0,0,1,0,1,0,1,0,0,0,0,0,0,0,0,0,0,0
-1.32691416258264,358,8,0,1,0.01,1,1,0,0,0,1,0,1,0,1,0,0,0,0,0,0,0,0,0,0,0
-0.146236580977807,358,9,0,1,0.01,1,1,0,0,0,1,0,1,0,1,0,0,0,0,0,0,0,0,0,0,0
-1.73741270872893,358,10,0,1,0.01,1,1,0,0,0,1,0,1,0,1,0,0,0,0,0,0,0,0,0,0,0
-0.337417075928717,359,1,0,1,0.01,1,1,1,0,0,0,1,1,1,1,0,0,0,0,0,0,0,0,0,0,0
-1.02092267932304,359,2,0,1,0.01,1,1,1,0,0,0,1,1,1,1,0,0,0,0,0,0,0,0,0,0,0
0.691059747541051,359,3,0,1,0.01,1,1,1,0,0,0,1,1,1,1,0,0,0,0,0,0,0,0,0,0,0
0.133090590417129,359,4,0,1,0.01,1,1,1,0,0,0,1,1,1,1,0,0,0,0,0,0,0,0,0,0,0
-1.1923330817003,359,5,0,1,0.01,1,1,1,0,0,0,1,1,1,1,0,0,0,0,0,0,0,0,0,0,0
0.493097390611364,359,6,0,1,0.01,1,1,1,0,0,0,1,1,1,1,0,0,0,0,0,0,0,0,0,0,0
0.329828463796141,359,7,0,1,0.01,1,1,1,0,0,0,1,1,1,1,0,0,0,0,0,0,0,0,0,0,0
0.573272956245662,359,8,0,1,0.01,1,1,1,0,0,0,1,1,1,1,0,0,0,0,0,0,0,0,0,0,0
-0.697400653106034,359,9,0,1,0.01,1,1,1,0,0,0,1,1,1,1,0,0,0,0,0,0,0,0,0,0,0
0.106652663547969,359,10,0,1,0.01,1,1,1,0,0,0,1,1,1,1,0,0,0,0,0,0,0,0,0,0,0
1.77724976804197,360,1,0,1,0.01,1,0,0,1,1,1,1,0,1,1,0,0,0,1,0,0,0,0,0,0,0
0.433231404051592,360,2,0,1,0.01,1,0,0,1,1,1,1,0,1,1,0,0,1,0,0,0,0,0,0,0,0
-0.0932986427962678,360,3,0,1,0.01,1,0,0,1,1,1,1,0,1,1,0,1,0,0,0,0,0,0,0,0,0
-0.3462014078546,360,4,0,1,0.01,1,0,0,1,1,1,1,0,1,1,1,0,0,0,0,0,0,0,0,0,0
-1.1086677548502,360,5,0,1,0.01,1,0,0,1,1,1,1,0,1,1,0,0,0,0,0,0,1,0,0,0,0
-0.115872504346733,360,6,0,1,0.01,1,0,0,1,1,1,1,0,1,1,0,0,0,0,0,0,0,1,0,0,0
-0.187686602272083,360,7,0,1,0.01,1,0,0,1,1,1,1,0,1,1,0,0,0,0,0,0,0,0,1,0,0
-1.53162518120888,360,8,0,1,0.01,1,0,0,1,1,1,1,0,1,1,0,0,0,0,0,0,0,0,0,1,0
-0.0442066003728632,360,9,0,1,0.01,1,0,0,1,1,1,1,0,1,1,0,0,0,0,0,0,0,0,0,0,1
-0.708586329966437,360,10,0,1,0.01,1,0,0,1,1,1,1,0,1,1,0,0,0,0,0,0,0,0,0,0,0
-0.213239948417864,361,1,0,2,0.0512710963760241,0,0,1,1,0,1,0,0,0,1,0,0,0,0,0,0,0,0,0,0,0
-0.0223564405497437,361,2,0,2,0.105170918075648,0,0,1,1,0,1,0,0,0,1,0,0,0,0,0,0,0,0,0,0,0
2.071990033021,361,3,0,2,0.161834242728283,0,0,1,1,0,1,0,0,0,1,0,0,0,0,0,0,0,0,0,0,0
0.165516735009004,361,4,0,2,0.22140275816017,0,0,1,1,0,1,0,0,0,1,0,0,0,0,0,0,0,0,0,0,0
0.729406133864561,361,5,0,2,0.284025416687741,0,0,1,1,0,1,0,0,0,1,0,0,0,0,0,0,0,0,0,0,0
1.69442019982588,361,6,0,2,0.349858807576003,0,0,1,1,0,1,0,0,0,1,0,0,0,0,0,0,0,0,0,0,0
1.22397457241878,361,7,0,2,0.419067548593257,0,0,1,1,0,1,0,0,0,1,0,0,0,0,0,0,0,0,0,0,0
3.38565027881435,361,8,0,2,0.49182469764127,0,0,1,1,0,1,0,0,0,1,0,0,0,0,0,0,0,0,0,0,0
2.39816431925688,361,9,0,2,0.568312185490169,0,0,1,1,0,1,0,0,0,1,0,0,0,0,0,0,0,0,0,0,0
2.25574185131385,361,10,0,2,0.648721270700128,0,0,1,1,0,1,0,0,0,1,0,0,0,0,0,0,0,0,0,0,0
2.62958338067069,362,1,0,2,0.0512710963760241,1,1,1,1,0,0,1,1,0,0,0,0,0,0,0,0,0,0,0,0,0
2.26104464719147,362,2,0,2,0.105170918075648,1,1,1,1,0,0,1,1,0,0,0,0,0,0,0,0,0,0,0,0,0
0.671564356320853,362,3,0,2,0.161834242728283,1,1,1,1,0,0,1,1,0,0,0,0,0,0,0,0,0,0,0,0,0
2.04726045881235,362,4,0,2,0.22140275816017,1,1,1,1,0,0,1,1,0,0,0,0,0,0,0,0,0,0,0,0,0
2.49116502369911,362,5,0,2,0.284025416687741,1,1,1,1,0,0,1,1,0,0,0,0,0,0,0,0,0,0,0,0,0
2.04716219257241,362,6,0,2,0.349858807576003,1,1,1,1,0,0,1,1,0,0,0,0,0,0,0,0,0,0,0,0,0
2.7696039077143,362,7,0,2,0.419067548593257,1,1,1,1,0,0,1,1,0,0,0,0,0,0,0,0,0,0,0,0,0
1.80708483748247,362,8,0,2,0.49182469764127,1,1,1,1,0,0,1,1,0,0,0,0,0,0,0,0,0,0,0,0,0
2.81563136554738,362,9,0,2,0.568312185490169,1,1,1,1,0,0,1,1,0,0,0,0,0,0,0,0,0,0,0,0,0
2.53274354807365,362,10,0,2,0.648721270700128,1,1,1,1,0,0,1,1,0,0,0,0,0,0,0,0,0,0,0,0,0
-0.243096740431823,363,1,0,1,0.01,1,0,1,0,1,1,0,1,1,1,0,0,0,0,0,0,0,0,0,0,0
-0.544874983131357,363,2,0,1,0.01,1,0,1,0,1,1,0,1,1,1,0,0,0,0,0,0,0,0,0,0,0
0.577980941207983,363,3,0,1,0.01,1,0,1,0,1,1,0,1,1,1,0,0,0,0,0,0,0,0,0,0,0
-1.55874186348422,363,4,0,1,0.01,1,0,1,0,1,1,0,1,1,1,0,0,0,0,0,0,0,0,0,0,0
-1.79472870707867,363,5,0,1,0.01,1,0,1,0,1,1,0,1,1,1,0,0,0,0,0,0,0,0,0,0,0
0.712705515808912,363,6,0,1,0.01,1,0,1,0,1,1,0,1,1,1,0,0,0,0,0,0,0,0,0,0,0
-0.795122986948882,363,7,0,1,0.01,1,0,1,0,1,1,0,1,1,1,0,0,0,0,0,0,0,0,0,0,0
0.995671214788164,363,8,0,1,0.01,1,0,1,0,1,1,0,1,1,1,0,0,0,0,0,0,0,0,0,0,0
1.5331153140983,363,9,0,1,0.01,1,0,1,0,1,1,0,1,1,1,0,0,0,0,0,0,0,0,0,0,0
-0.774955742215066,363,10,0,1,0.01,1,0,1,0,1,1,0,1,1,1,0,0,0,0,0,0,0,0,0,0,0
1.25889942446871,364,1,0,2,0.0512710963760241,1,0,0,1,0,0,1,1,1,0,0,0,1,0,0,0,0,0,0,0,0
1.33006303634256,364,2,0,2,0.105170918075648,1,0,0,1,0,0,1,1,1,0,0,1,0,0,0,0,0,0,0,0,0
1.72591740031587,364,3,0,2,0.161834242728283,1,0,0,1,0,0,1,1,1,0,1,0,0,0,0,0,0,0,0,0,0
-0.55208938272101,364,4,0,2,0.22140275816017,1,0,0,1,0,0,1,1,1,0,0,0,0,0,0,0,1,0,0,0,0
2.7025080971484,364,5,0,2,0.284025416687741,1,0,0,1,0,0,1,1,1,0,0,0,0,0,0,0,0,1,0,0,0
2.47574338869985,364,6,0,2,0.349858807576003,1,0,0,1,0,0,1,1,1,0,0,0,0,0,0,0,0,0,1,0,0
2.13839219794248,364,7,0,2,0.419067548593257,1,0,0,1,0,0,1,1,1,0,0,0,0,0,0,0,0,0,0,1,0
2.38661013968905,364,8,0,2,0.49182469764127,1,0,0,1,0,0,1,1,1,0,0,0,0,0,0,0,0,0,0,0,1
2.83211142209104,364,9,0,2,0.568312185490169,1,0,0,1,0,0,1,1,1,0,0,0,0,0,0,0,0,0,0,0,0
3.0447354116668,364,10,0,2,0.648721270700128,1,0,0,1,0,0,1,1,1,0,0,0,0,0,0,0,0,0,0,0,0
1.38420643950156,365,1,0,2,0.0512710963760241,0,1,0,1,0,1,1,0,0,0,0,0,0,0,0,0,0,0,0,0,0
0.99669757106753,365,2,0,2,0.105170918075648,0,1,0,1,0,1,1,0,0,0,0,0,0,0,0,0,0,0,0,0,0
1.79085095046436,365,3,0,2,0.161834242728283,0,1,0,1,0,1,1,0,0,0,0,0,0,0,0,0,0,0,0,0,0
2.42136720313968,365,4,0,2,0.22140275816017,0,1,0,1,0,1,1,0,0,0,0,0,0,0,0,0,0,0,0,0,0
0.62760454055256,365,5,0,2,0.284025416687741,0,1,0,1,0,1,1,0,0,0,0,0,0,0,0,0,0,0,0,0,0
0.659376977900969,365,6,0,2,0.349858807576003,0,1,0,1,0,1,1,0,0,0,0,0,0,0,0,0,0,0,0,0,0
0.0473137897547566,365,7,0,2,0.419067548593257,0,1,0,1,0,1,1,0,0,0,0,0,0,0,0,0,0,0,0,0,0
0.447679929760212,365,8,0,2,0.49182469764127,0,1,0,1,0,1,1,0,0,0,0,0,0,0,0,0,0,0,0,0,0
3.20879298600204,365,9,0,2,0.568312185490169,0,1,0,1,0,1,1,0,0,0,0,0,0,0,0,0,0,0,0,0,0
3.55412727794719,365,10,0,2,0.648721270700128,0,1,0,1,0,1,1,0,0,0,0,0,0,0,0,0,0,0,0,0,0
0.863338052709418,366,1,0,2,0.0512710963760241,0,0,0,1,1,0,1,0,1,0,0,0,0,0,0,0,0,0,0,0,0
-1.5166402770313,366,2,0,2,0.105170918075648,0,0,0,1,1,0,1,0,1,0,0,0,0,0,0,0,0,0,0,0,0
0.592626491759818,366,3,0,2,0.161834242728283,0,0,0,1,1,0,1,0,1,0,0,0,0,0,0,0,0,0,0,0,0
2.62599492005277,366,4,0,2,0.22140275816017,0,0,0,1,1,0,1,0,1,0,0,0,0,0,0,0,0,0,0,0,0
1.86578813991204,366,5,0,2,0.284025416687741,0,0,0,1,1,0,1,0,1,0,0,0,0,0,0,0,0,0,0,0,0
0.393719479013822,366,6,0,2,0.349858807576003,0,0,0,1,1,0,1,0,1,0,0,0,0,0,0,0,0,0,0,0,0
2.41889023301523,366,7,0,2,0.419067548593257,0,0,0,1,1,0,1,0,1,0,0,0,0,0,0,0,0,0,0,0,0
2.1924632553397,366,8,0,2,0.49182469764127,0,0,0,1,1,0,1,0,1,0,0,0,0,0,0,0,0,0,0,0,0
2.70183135925148,366,9,0,2,0.568312185490169,0,0,0,1,1,0,1,0,1,0,0,0,0,0,0,0,0,0,0,0,0
1.86824512920549,366,10,0,2,0.648721270700128,0,0,0,1,1,0,1,0,1,0,0,0,0,0,0,0,0,0,0,0,0
-0.267837043161845,367,1,0,3,0.127496851579376,0,0,0,1,0,1,0,1,1,1,0,0,0,0,0,1,0,0,0,0,0
1.43214222692017,367,2,0,3,0.271249150321405,0,0,0,1,0,1,0,1,1,1,0,0,0,0,1,0,0,0,0,0,0
1.75746776806896,367,3,0,3,0.43332941456034,0,0,0,1,0,1,0,1,1,1,0,0,0,1,0,0,0,0,0,0,0
3.36354071275163,367,4,0,3,0.616074402192893,0,0,0,1,0,1,0,1,1,1,0,0,1,0,0,0,0,0,0,0,0
3.13860125004567,367,5,0,3,0.822118800390509,0,0,0,1,0,1,0,1,1,1,0,1,0,0,0,0,0,0,0,0,0
5.37093332535601,367,6,0,3,1.05443321064389,0,0,0,1,0,1,0,1,1,1,1,0,0,0,0,0,0,0,0,0,0
6.76349120869403,367,7,0,3,1.31636697678109,0,0,0,1,0,1,0,1,1,1,0,0,0,0,0,0,1,0,0,0,0
9.4767700502846,367,8,0,3,1.61169647342312,0,0,0,1,0,1,0,1,1,1,0,0,0,0,0,0,0,1,0,0,0
9.77425643870439,367,9,0,3,1.94467955106552,0,0,0,1,0,1,0,1,1,1,0,0,0,0,0,0,0,0,1,0,0
10.7157759950804,367,10,0,3,2.32011692273655,0,0,0,1,0,1,0,1,1,1,0,0,0,0,0,0,0,0,0,1,0
0.394908589786547,368,1,0,1,0.01,0,1,0,1,1,0,0,0,0,1,0,0,0,0,0,0,0,0,0,0,0
0.325884879304153,368,2,0,1,0.01,0,1,0,1,1,0,0,0,0,1,0,0,0,0,0,0,0,0,0,0,0
0.324747507367776,368,3,0,1,0.01,0,1,0,1,1,0,0,0,0,1,0,0,0,0,0,0,0,0,0,0,0
-1.7369933032502,368,4,0,1,0.01,0,1,0,1,1,0,0,0,0,1,0,0,0,0,0,0,0,0,0,0,0
-2.05034137579942,368,5,0,1,0.01,0,1,0,1,1,0,0,0,0,1,0,0,0,0,0,0,0,0,0,0,0
-1.55638823455744,368,6,0,1,0.01,0,1,0,1,1,0,0,0,0,1,0,0,0,0,0,0,0,0,0,0,0
0.0490605249107227,368,7,0,1,0.01,0,1,0,1,1,0,0,0,0,1,0,0,0,0,0,0,0,0,0,0,0
-0.755608127221679,368,8,0,1,0.01,0,1,0,1,1,0,0,0,0,1,0,0,0,0,0,0,0,0,0,0,0
-0.674405581940395,368,9,0,1,0.01,0,1,0,1,1,0,0,0,0,1,0,0,0,0,0,0,0,0,0,0,0
0.940691819235922,368,10,0,1,0.01,0,1,0,1,1,0,0,0,0,1,0,0,0,0,0,0,0,0,0,0,0
-1.46820124988784,369,1,0,1,0.01,1,0,1,1,0,1,0,1,0,0,1,0,0,0,0,0,0,0,0,0,0
0.417766692812387,369,2,0,1,0.01,1,0,1,1,0,1,0,1,0,0,0,0,0,0,0,0,1,0,0,0,0
-0.824070141133689,369,3,0,1,0.01,1,0,1,1,0,1,0,1,0,0,0,0,0,0,0,0,0,1,0,0,0
-0.739124058152403,369,4,0,1,0.01,1,0,1,1,0,1,0,1,0,0,0,0,0,0,0,0,0,0,1,0,0
-0.1693497741836,369,5,0,1,0.01,1,0,1,1,0,1,0,1,0,0,0,0,0,0,0,0,0,0,0,1,0
-0.87898981100025,369,6,0,1,0.01,1,0,1,1,0,1,0,1,0,0,0,0,0,0,0,0,0,0,0,0,1
0.731802788993726,369,7,0,1,0.01,1,0,1,1,0,1,0,1,0,0,0,0,0,0,0,0,0,0,0,0,0
-0.234603296722444,369,8,0,1,0.01,1,0,1,1,0,1,0,1,0,0,0,0,0,0,0,0,0,0,0,0,0
-1.0495455222297,369,9,0,1,0.01,1,0,1,1,0,1,0,1,0,0,0,0,0,0,0,0,0,0,0,0,0
-0.772387473492619,369,10,0,1,0.01,1,0,1,1,0,1,0,1,0,0,0,0,0,0,0,0,0,0,0,0,0
-0.0768949255142414,370,1,0,1,0.01,0,1,1,1,0,0,0,1,0,0,0,0,0,0,0,0,0,0,0,0,0
1.28499099118475,370,2,0,1,0.01,0,1,1,1,0,0,0,1,0,0,0,0,0,0,0,0,0,0,0,0,0
0.176200630824002,370,3,0,1,0.01,0,1,1,1,0,0,0,1,0,0,0,0,0,0,0,0,0,0,0,0,0
-0.160488451147863,370,4,0,1,0.01,0,1,1,1,0,0,0,1,0,0,0,0,0,0,0,0,0,0,0,0,0
1.3598763892533,370,5,0,1,0.01,0,1,1,1,0,0,0,1,0,0,0,0,0,0,0,0,0,0,0,0,0
-1.0853076796164,370,6,0,1,0.01,0,1,1,1,0,0,0,1,0,0,0,0,0,0,0,0,0,0,0,0,0
-0.474996762130009,370,7,0,1,0.01,0,1,1,1,0,0,0,1,0,0,0,0,0,0,0,0,0,0,0,0,0
0.563815538945743,370,8,0,1,0.01,0,1,1,1,0,0,0,1,0,0,0,0,0,0,0,0,0,0,0,0,0
0.0558255226666545,370,9,0,1,0.01,0,1,1,1,0,0,0,1,0,0,0,0,0,0,0,0,0,0,0,0,0
-0.593296529856797,370,10,0,1,0.01,0,1,1,1,0,0,0,1,0,0,0,0,0,0,0,0,0,0,0,0,0
0.487800416897469,371,1,0,3,0.127496851579376,1,0,1,1,0,1,1,1,0,1,0,0,0,0,0,0,0,0,0,0,0
-0.442619196600726,371,2,0,3,0.271249150321405,1,0,1,1,0,1,1,1,0,1,0,0,0,0,0,0,0,0,0,0,0
2.98754500434876,371,3,0,3,0.43332941456034,1,0,1,1,0,1,1,1,0,1,0,0,0,0,0,0,0,0,0,0,0
2.27586647815947,371,4,0,3,0.616074402192893,1,0,1,1,0,1,1,1,0,1,0,0,0,0,0,1,0,0,0,0,0
3.94323249196046,371,5,0,3,0.822118800390509,1,0,1,1,0,1,1,1,0,1,0,0,0,0,1,0,0,0,0,0,0
5.16662516804734,371,6,0,3,1.05443321064389,1,0,1,1,0,1,1,1,0,1,0,0,0,1,0,0,0,0,0,0,0
7.36347154336123,371,7,0,3,1.31636697678109,1,0,1,1,0,1,1,1,0,1,0,0,1,0,0,0,0,0,0,0,0
8.30126174030258,371,8,0,3,1.61169647342312,1,0,1,1,0,1,1,1,0,1,0,1,0,0,0,0,0,0,0,0,0
9.81918438711562,371,9,0,3,1.94467955106552,1,0,1,1,0,1,1,1,0,1,1,0,0,0,0,0,0,0,0,0,0
11.942276524342,371,10,0,3,2.32011692273655,1,0,1,1,0,1,1,1,0,1,0,0,0,0,0,0,1,0,0,0,0
0.793214168085303,372,1,0,2,0.0512710963760241,1,1,0,1,0,0,0,0,1,0,0,0,0,0,0,0,0,0,0,0,0
-0.24200564424798,372,2,0,2,0.105170918075648,1,1,0,1,0,0,0,0,1,0,0,0,0,0,0,0,0,0,0,0,0
1.8178263317959,372,3,0,2,0.161834242728283,1,1,0,1,0,0,0,0,1,0,0,0,0,0,0,0,0,0,0,0,0
-1.28026427957144,372,4,0,2,0.22140275816017,1,1,0,1,0,0,0,0,1,0,0,0,0,0,0,0,0,0,0,0,0
1.83064543664724,372,5,0,2,0.284025416687741,1,1,0,1,0,0,0,0,1,0,0,0,0,0,0,0,0,0,0,0,0
-0.410563307983691,372,6,0,2,0.349858807576003,1,1,0,1,0,0,0,0,1,0,0,0,0,0,0,0,0,0,0,0,0
2.00817667937811,372,7,0,2,0.419067548593257,1,1,0,1,0,0,0,0,1,0,0,0,0,0,0,0,0,0,0,0,0
4.12323737847793,372,8,0,2,0.49182469764127,1,1,0,1,0,0,0,0,1,0,0,0,0,0,0,0,0,0,0,0,0
2.76738806174059,372,9,0,2,0.568312185490169,1,1,0,1,0,0,0,0,1,0,0,0,0,0,0,0,0,0,0,0,0
2.78208541236836,372,10,0,2,0.648721270700128,1,1,0,1,0,0,0,0,1,0,0,0,0,0,0,0,0,0,0,0,0
-0.516382748713794,373,1,0,2,0.0512710963760241,0,0,0,0,1,1,1,1,0,1,1,0,0,0,0,0,0,0,0,0,0
0.860249115174313,373,2,0,2,0.105170918075648,0,0,0,0,1,1,1,1,0,1,0,0,0,0,0,0,1,0,0,0,0
0.0323420526457443,373,3,0,2,0.161834242728283,0,0,0,0,1,1,1,1,0,1,0,0,0,0,0,0,0,1,0,0,0
2.79873193145423,373,4,0,2,0.22140275816017,0,0,0,0,1,1,1,1,0,1,0,0,0,0,0,0,0,0,1,0,0
2.58555520201467,373,5,0,2,0.284025416687741,0,0,0,0,1,1,1,1,0,1,0,0,0,0,0,0,0,0,0,1,0
2.85864313283474,373,6,0,2,0.349858807576003,0,0,0,0,1,1,1,1,0,1,0,0,0,0,0,0,0,0,0,0,1
1.28233656727489,373,7,0,2,0.419067548593257,0,0,0,0,1,1,1,1,0,1,0,0,0,0,0,0,0,0,0,0,0
3.32572284678044,373,8,0,2,0.49182469764127,0,0,0,0,1,1,1,1,0,1,0,0,0,0,0,0,0,0,0,0,0
3.51179327576772,373,9,0,2,0.568312185490169,0,0,0,0,1,1,1,1,0,1,0,0,0,0,0,0,0,0,0,0,0
3.2733004855862,373,10,0,2,0.648721270700128,0,0,0,0,1,1,1,1,0,1,0,0,0,0,0,0,0,0,0,0,0
-0.749498080720593,374,1,0,2,0.0512710963760241,1,0,0,0,0,0,0,0,0,0,0,0,0,0,0,0,0,0,0,0,0
0.0905975014153348,374,2,0,2,0.105170918075648,1,0,0,0,0,0,0,0,0,0,0,0,0,0,0,0,0,0,0,0,0
1.84566085973675,374,3,0,2,0.161834242728283,1,0,0,0,0,0,0,0,0,0,0,0,0,0,0,0,0,0,0,0,0
-0.098949170014941,374,4,0,2,0.22140275816017,1,0,0,0,0,0,0,0,0,0,0,0,0,0,0,0,0,0,0,0,0
0.832327744360534,374,5,0,2,0.284025416687741,1,0,0,0,0,0,0,0,0,0,0,0,0,0,0,0,0,0,0,0,0
2.37355979795545,374,6,0,2,0.349858807576003,1,0,0,0,0,0,0,0,0,0,0,0,0,0,0,0,0,0,0,0,0
3.25951293371195,374,7,0,2,0.419067548593257,1,0,0,0,0,0,0,0,0,0,0,0,0,0,0,0,0,0,0,0,0
2.18266807355377,374,8,0,2,0.49182469764127,1,0,0,0,0,0,0,0,0,0,0,0,0,0,0,0,0,0,0,0,0
3.6119627018977,374,9,0,2,0.568312185490169,1,0,0,0,0,0,0,0,0,0,0,0,0,0,0,0,0,0,0,0,0
4.9268576188277,374,10,0,2,0.648721270700128,1,0,0,0,0,0,0,0,0,0,0,0,0,0,0,0,0,0,0,0,0
1.22379525241106,375,1,0,2,0.0512710963760241,0,1,1,0,0,1,0,1,1,1,0,0,0,0,0,0,0,0,0,0,0
2.27219274016576,375,2,0,2,0.105170918075648,0,1,1,0,0,1,0,1,1,1,0,0,0,0,0,0,0,0,0,0,0
0.897019791175167,375,3,0,2,0.161834242728283,0,1,1,0,0,1,0,1,1,1,0,0,0,0,0,0,0,0,0,0,0
1.41248099301862,375,4,0,2,0.22140275816017,0,1,1,0,0,1,0,1,1,1,0,0,0,0,0,0,0,0,0,0,0
-0.31715255141594,375,5,0,2,0.284025416687741,0,1,1,0,0,1,0,1,1,1,0,0,0,0,0,0,0,0,0,0,0
1.40622979659467,375,6,0,2,0.349858807576003,0,1,1,0,0,1,0,1,1,1,0,0,0,0,0,0,0,0,0,0,0
1.79736421329048,375,7,0,2,0.419067548593257,0,1,1,0,0,1,0,1,1,1,0,0,0,0,0,0,0,0,0,0,0
2.40433614411187,375,8,0,2,0.49182469764127,0,1,1,0,0,1,0,1,1,1,0,0,0,0,0,0,0,0,0,0,0
4.0667339355274,375,9,0,2,0.568312185490169,0,1,1,0,0,1,0,1,1,1,0,0,0,0,0,0,0,0,0,0,0
4.57811206179389,375,10,0,2,0.648721270700128,0,1,1,0,0,1,0,1,1,1,0,0,0,0,0,0,0,0,0,0,0
0.110903638864494,376,1,0,2,0.0512710963760241,1,1,0,1,0,1,1,0,0,1,0,0,0,0,0,0,0,0,0,0,0
0.148842257030928,376,2,0,2,0.105170918075648,1,1,0,1,0,1,1,0,0,1,0,0,0,0,0,0,0,0,0,0,0
0.642288591053982,376,3,0,2,0.161834242728283,1,1,0,1,0,1,1,0,0,1,0,0,0,0,0,0,0,0,0,0,0
1.74408816280999,376,4,0,2,0.22140275816017,1,1,0,1,0,1,1,0,0,1,0,0,0,0,0,0,0,0,0,0,0
1.7104912532321,376,5,0,2,0.284025416687741,1,1,0,1,0,1,1,0,0,1,0,0,0,0,0,0,0,0,0,0,0
0.872226632937545,376,6,0,2,0.349858807576003,1,1,0,1,0,1,1,0,0,1,0,0,0,0,0,0,0,0,0,0,0
1.45418026483367,376,7,0,2,0.419067548593257,1,1,0,1,0,1,1,0,0,1,0,0,0,0,0,0,0,0,0,0,0
2.41500329207802,376,8,0,2,0.49182469764127,1,1,0,1,0,1,1,0,0,1,0,0,0,0,0,0,0,0,0,0,0
3.52802100563858,376,9,0,2,0.568312185490169,1,1,0,1,0,1,1,0,0,1,0,0,0,0,0,0,0,0,0,0,0
2.78378343928068,376,10,0,2,0.648721270700128,1,1,0,1,0,1,1,0,0,1,0,0,0,0,0,0,0,0,0,0,0
0.392570415443602,377,1,0,1,0.01,1,0,0,1,0,1,0,1,0,0,0,0,1,0,0,0,0,0,0,0,0
-1.04506094075883,377,2,0,1,0.01,1,0,0,1,0,1,0,1,0,0,0,1,0,0,0,0,0,0,0,0,0
-0.550109129241068,377,3,0,1,0.01,1,0,0,1,0,1,0,1,0,0,1,0,0,0,0,0,0,0,0,0,0
-1.72411298694597,377,4,0,1,0.01,1,0,0,1,0,1,0,1,0,0,0,0,0,0,0,0,1,0,0,0,0
-0.551679453299427,377,5,0,1,0.01,1,0,0,1,0,1,0,1,0,0,0,0,0,0,0,0,0,1,0,0,0
0.216605398643959,377,6,0,1,0.01,1,0,0,1,0,1,0,1,0,0,0,0,0,0,0,0,0,0,1,0,0
2.53751068411976,377,7,0,1,0.01,1,0,0,1,0,1,0,1,0,0,0,0,0,0,0,0,0,0,0,1,0
-1.46810009748334,377,8,0,1,0.01,1,0,0,1,0,1,0,1,0,0,0,0,0,0,0,0,0,0,0,0,1
-1.18715562388158,377,9,0,1,0.01,1,0,0,1,0,1,0,1,0,0,0,0,0,0,0,0,0,0,0,0,0
0.967668388404009,377,10,0,1,0.01,1,0,0,1,0,1,0,1,0,0,0,0,0,0,0,0,0,0,0,0,0
-1.06321192855342,378,1,0,2,0.0512710963760241,1,1,0,1,0,1,1,1,0,1,0,0,0,0,0,0,0,0,0,0,0
2.20952520914252,378,2,0,2,0.105170918075648,1,1,0,1,0,1,1,1,0,1,0,0,0,0,0,0,0,0,0,0,0
0.182304713767829,378,3,0,2,0.161834242728283,1,1,0,1,0,1,1,1,0,1,0,0,0,0,0,0,0,0,0,0,0
3.28354290306237,378,4,0,2,0.22140275816017,1,1,0,1,0,1,1,1,0,1,0,0,0,0,0,0,0,0,0,0,0
0.196279400519393,378,5,0,2,0.284025416687741,1,1,0,1,0,1,1,1,0,1,0,0,0,0,0,0,0,0,0,0,0
2.01239503542911,378,6,0,2,0.349858807576003,1,1,0,1,0,1,1,1,0,1,0,0,0,0,0,0,0,0,0,0,0
1.16748352488599,378,7,0,2,0.419067548593257,1,1,0,1,0,1,1,1,0,1,0,0,0,0,0,0,0,0,0,0,0
2.15054166021317,378,8,0,2,0.49182469764127,1,1,0,1,0,1,1,1,0,1,0,0,0,0,0,0,0,0,0,0,0
2.13433109533692,378,9,0,2,0.568312185490169,1,1,0,1,0,1,1,1,0,1,0,0,0,0,0,0,0,0,0,0,0
3.08877367085672,378,10,0,2,0.648721270700128,1,1,0,1,0,1,1,1,0,1,0,0,0,0,0,0,0,0,0,0,0
-0.33554692237493,379,1,0,2,0.0512710963760241,1,1,0,0,0,1,1,1,1,1,0,0,0,0,0,0,0,0,0,0,0
0.295425992974284,379,2,0,2,0.105170918075648,1,1,0,0,0,1,1,1,1,1,0,0,0,0,0,0,0,0,0,0,0
0.864355780983432,379,3,0,2,0.161834242728283,1,1,0,0,0,1,1,1,1,1,0,0,0,0,0,0,0,0,0,0,0
1.04265266309545,379,4,0,2,0.22140275816017,1,1,0,0,0,1,1,1,1,1,0,0,0,0,0,0,0,0,0,0,0
0.711723228070487,379,5,0,2,0.284025416687741,1,1,0,0,0,1,1,1,1,1,0,0,0,0,0,0,0,0,0,0,0
1.48809768316519,379,6,0,2,0.349858807576003,1,1,0,0,0,1,1,1,1,1,0,0,0,0,0,0,0,0,0,0,0
0.679687799635029,379,7,0,2,0.419067548593257,1,1,0,0,0,1,1,1,1,1,0,0,0,0,0,0,0,0,0,0,0
2.04147087305889,379,8,0,2,0.49182469764127,1,1,0,0,0,1,1,1,1,1,0,0,0,0,0,0,0,0,0,0,0
2.63918888021193,379,9,0,2,0.568312185490169,1,1,0,0,0,1,1,1,1,1,0,0,0,0,0,0,0,0,0,0,0
2.49078983940777,379,10,0,2,0.648721270700128,1,1,0,0,0,1,1,1,1,1,0,0,0,0,0,0,0,0,0,0,0
-2.0283592313733,380,1,0,1,0.01,1,0,1,1,1,1,0,0,1,1,0,0,0,0,0,0,0,0,0,0,0
2.0016149416354,380,2,0,1,0.01,1,0,1,1,1,1,0,0,1,1,0,0,0,0,0,0,0,0,0,0,0
-1.29616225112336,380,3,0,1,0.01,1,0,1,1,1,1,0,0,1,1,0,0,0,0,0,0,0,0,0,0,0
-0.355876115491023,380,4,0,1,0.01,1,0,1,1,1,1,0,0,1,1,0,0,0,0,0,0,0,0,0,0,0
-0.233188270411613,380,5,0,1,0.01,1,0,1,1,1,1,0,0,1,1,0,0,0,0,0,0,0,0,0,0,0
0.882034218458668,380,6,0,1,0.01,1,0,1,1,1,1,0,0,1,1,0,0,0,0,0,0,0,0,0,0,0
1.2863271839374,380,7,0,1,0.01,1,0,1,1,1,1,0,0,1,1,0,0,0,0,0,0,0,0,0,0,0
0.659067126357905,380,8,0,1,0.01,1,0,1,1,1,1,0,0,1,1,0,0,0,0,0,0,0,0,0,0,0
-0.171717615330261,380,9,0,1,0.01,1,0,1,1,1,1,0,0,1,1,0,0,0,0,0,0,0,0,0,0,0
0.118538069781671,380,10,0,1,0.01,1,0,1,1,1,1,0,0,1,1,0,0,0,0,0,0,0,0,0,0,0
-1.13106877293062,381,1,0,1,0.01,1,1,0,0,1,1,0,1,1,1,0,0,0,0,0,0,0,0,0,0,0
0.742069992383312,381,2,0,1,0.01,1,1,0,0,1,1,0,1,1,1,0,0,0,0,0,0,0,0,0,0,0
-0.19110005588691,381,3,0,1,0.01,1,1,0,0,1,1,0,1,1,1,0,0,0,0,0,0,0,0,0,0,0
0.0301325100109594,381,4,0,1,0.01,1,1,0,0,1,1,0,1,1,1,0,0,0,0,0,0,0,0,0,0,0
-0.0244868867060365,381,5,0,1,0.01,1,1,0,0,1,1,0,1,1,1,0,0,0,0,0,0,0,0,0,0,0
0.971723751117142,381,6,0,1,0.01,1,1,0,0,1,1,0,1,1,1,0,0,0,0,0,0,0,0,0,0,0
0.177925425130437,381,7,0,1,0.01,1,1,0,0,1,1,0,1,1,1,0,0,0,0,0,0,0,0,0,0,0
0.796036724293942,381,8,0,1,0.01,1,1,0,0,1,1,0,1,1,1,0,0,0,0,0,0,0,0,0,0,0
-1.05739981286007,381,9,0,1,0.01,1,1,0,0,1,1,0,1,1,1,0,0,0,0,0,0,0,0,0,0,0
0.111776296250563,381,10,0,1,0.01,1,1,0,0,1,1,0,1,1,1,0,0,0,0,0,0,0,0,0,0,0
-0.321670945849366,382,1,0,1,0.01,1,0,0,1,1,1,0,0,0,0,0,0,0,0,0,0,0,0,0,0,0
1.40076064644285,382,2,0,1,0.01,1,0,0,1,1,1,0,0,0,0,0,0,0,0,0,0,0,0,0,0,0
-1.43450218390622,382,3,0,1,0.01,1,0,0,1,1,1,0,0,0,0,0,0,0,0,0,0,0,0,0,0,0
0.427908320675287,382,4,0,1,0.01,1,0,0,1,1,1,0,0,0,0,0,0,0,0,0,0,0,0,0,0,0
-1.4186567455317,382,5,0,1,0.01,1,0,0,1,1,1,0,0,0,0,0,0,0,0,0,0,0,0,0,0,0
-0.47936318538211,382,6,0,1,0.01,1,0,0,1,1,1,0,0,0,0,0,0,0,0,0,0,0,0,0,0,0
0.17411689699482,382,7,0,1,0.01,1,0,0,1,1,1,0,0,0,0,0,0,0,0,0,0,0,0,0,0,0
0.234946719975394,382,8,0,1,0.01,1,0,0,1,1,1,0,0,0,0,0,0,0,0,0,0,0,0,0,0,0
-0.608701438891506,382,9,0,1,0.01,1,0,0,1,1,1,0,0,0,0,0,0,0,0,0,0,0,0,0,0,0
-1.61607943341395,382,10,0,1,0.01,1,0,0,1,1,1,0,0,0,0,0,0,0,0,0,0,0,0,0,0,0
-0.273386271037211,383,1,0,2,0.0512710963760241,0,0,0,0,0,0,1,1,1,1,0,0,0,0,0,0,0,0,0,0,0
2.245104851876,383,2,0,2,0.105170918075648,0,0,0,0,0,0,1,1,1,1,0,0,0,0,0,0,0,0,0,0,0
0.373203616429255,383,3,0,2,0.161834242728283,0,0,0,0,0,0,1,1,1,1,0,0,0,0,0,0,0,0,0,0,0
1.50389718387401,383,4,0,2,0.22140275816017,0,0,0,0,0,0,1,1,1,1,0,0,0,0,0,0,0,0,0,0,0
1.71250257938389,383,5,0,2,0.284025416687741,0,0,0,0,0,0,1,1,1,1,0,0,0,0,0,0,0,0,0,0,0
2.01429683537329,383,6,0,2,0.349858807576003,0,0,0,0,0,0,1,1,1,1,0,0,0,0,0,0,0,0,0,0,0
1.95425389434302,383,7,0,2,0.419067548593257,0,0,0,0,0,0,1,1,1,1,0,0,0,0,0,0,0,0,0,0,0
3.79141852658182,383,8,0,2,0.49182469764127,0,0,0,0,0,0,1,1,1,1,0,0,0,0,0,0,0,0,0,0,0
2.7007479633993,383,9,0,2,0.568312185490169,0,0,0,0,0,0,1,1,1,1,0,0,0,0,0,0,0,0,0,0,0
3.37629324216583,383,10,0,2,0.648721270700128,0,0,0,0,0,0,1,1,1,1,0,0,0,0,0,0,0,0,0,0,0
-1.05531766241253,384,1,0,2,0.0512710963760241,0,1,1,0,1,1,0,0,1,0,0,0,0,0,0,0,0,0,0,0,0
-0.757611400191854,384,2,0,2,0.105170918075648,0,1,1,0,1,1,0,0,1,0,0,0,0,0,0,0,0,0,0,0,0
0.946606497745262,384,3,0,2,0.161834242728283,0,1,1,0,1,1,0,0,1,0,0,0,0,0,0,0,0,0,0,0,0
1.02095083191864,384,4,0,2,0.22140275816017,0,1,1,0,1,1,0,0,1,0,0,0,0,0,0,0,0,0,0,0,0
0.314279525151063,384,5,0,2,0.284025416687741,0,1,1,0,1,1,0,0,1,0,0,0,0,0,0,0,0,0,0,0,0
2.83336041121703,384,6,0,2,0.349858807576003,0,1,1,0,1,1,0,0,1,0,0,0,0,0,0,0,0,0,0,0,0
2.42191416764513,384,7,0,2,0.419067548593257,0,1,1,0,1,1,0,0,1,0,0,0,0,0,0,0,0,0,0,0,0
3.56367501386796,384,8,0,2,0.49182469764127,0,1,1,0,1,1,0,0,1,0,0,0,0,0,0,0,0,0,0,0,0
0.746722592444911,384,9,0,2,0.568312185490169,0,1,1,0,1,1,0,0,1,0,0,0,0,0,0,0,0,0,0,0,0
4.24328394056274,384,10,0,2,0.648721270700128,0,1,1,0,1,1,0,0,1,0,0,0,0,0,0,0,0,0,0,0,0
0.801829739009758,385,1,0,2,0.0512710963760241,1,0,1,1,1,1,1,0,0,0,0,0,0,0,0,0,0,0,0,0,0
0.527862138311287,385,2,0,2,0.105170918075648,1,0,1,1,1,1,1,0,0,0,0,0,0,0,0,1,0,0,0,0,0
0.0989764436245969,385,3,0,2,0.161834242728283,1,0,1,1,1,1,1,0,0,0,0,0,0,0,1,0,0,0,0,0,0
2.16856802210382,385,4,0,2,0.22140275816017,1,0,1,1,1,1,1,0,0,0,0,0,0,1,0,0,0,0,0,0,0
0.449781370627164,385,5,0,2,0.284025416687741,1,0,1,1,1,1,1,0,0,0,0,0,1,0,0,0,0,0,0,0,0
0.340500155379214,385,6,0,2,0.349858807576003,1,0,1,1,1,1,1,0,0,0,0,1,0,0,0,0,0,0,0,0,0
1.60198601693188,385,7,0,2,0.419067548593257,1,0,1,1,1,1,1,0,0,0,1,0,0,0,0,0,0,0,0,0,0
1.45100876213089,385,8,0,2,0.49182469764127,1,0,1,1,1,1,1,0,0,0,0,0,0,0,0,0,1,0,0,0,0
3.19372067049183,385,9,0,2,0.568312185490169,1,0,1,1,1,1,1,0,0,0,0,0,0,0,0,0,0,1,0,0,0
3.67857768301992,385,10,0,2,0.648721270700128,1,0,1,1,1,1,1,0,0,0,0,0,0,0,0,0,0,0,1,0,0
0.144286342235247,386,1,0,2,0.0512710963760241,0,0,1,1,1,1,0,0,0,0,0,0,0,0,0,0,0,0,0,0,0
0.294296086751524,386,2,0,2,0.105170918075648,0,0,1,1,1,1,0,0,0,0,0,0,0,0,0,0,0,0,0,0,0
0.315158976436366,386,3,0,2,0.161834242728283,0,0,1,1,1,1,0,0,0,0,0,0,0,0,0,0,0,0,0,0,0
0.708825699726642,386,4,0,2,0.22140275816017,0,0,1,1,1,1,0,0,0,0,0,0,0,0,0,0,0,0,0,0,0
2.64529775910054,386,5,0,2,0.284025416687741,0,0,1,1,1,1,0,0,0,0,0,0,0,0,0,0,0,0,0,0,0
3.56524784483394,386,6,0,2,0.349858807576003,0,0,1,1,1,1,0,0,0,0,0,0,0,0,0,0,0,0,0,0,0
2.10611844933527,386,7,0,2,0.419067548593257,0,0,1,1,1,1,0,0,0,0,0,0,0,0,0,0,0,0,0,0,0
2.4156551269771,386,8,0,2,0.49182469764127,0,0,1,1,1,1,0,0,0,0,0,0,0,0,0,0,0,0,0,0,0
3.6851170430061,386,9,0,2,0.568312185490169,0,0,1,1,1,1,0,0,0,0,0,0,0,0,0,0,0,0,0,0,0
4.51395303983562,386,10,0,2,0.648721270700128,0,0,1,1,1,1,0,0,0,0,0,0,0,0,0,0,0,0,0,0,0
0.175846075925277,387,1,0,1,0.01,1,0,1,1,1,0,0,1,0,1,0,0,0,0,0,0,0,0,0,0,0
-0.122751128681075,387,2,0,1,0.01,1,0,1,1,1,0,0,1,0,1,0,0,0,0,0,0,0,0,0,0,0
0.772961320775391,387,3,0,1,0.01,1,0,1,1,1,0,0,1,0,1,0,0,0,0,0,0,0,0,0,0,0
0.665082327219228,387,4,0,1,0.01,1,0,1,1,1,0,0,1,0,1,0,0,0,0,0,0,0,0,0,0,0
-0.80543637902598,387,5,0,1,0.01,1,0,1,1,1,0,0,1,0,1,0,0,0,0,0,0,0,0,0,0,0
-1.71894457926589,387,6,0,1,0.01,1,0,1,1,1,0,0,1,0,1,0,0,0,0,0,0,0,0,0,0,0
-1.71675958467389,387,7,0,1,0.01,1,0,1,1,1,0,0,1,0,1,0,0,0,0,0,0,0,0,0,0,0
-0.664112389632559,387,8,0,1,0.01,1,0,1,1,1,0,0,1,0,1,0,0,0,0,0,0,0,0,0,0,0
-1.25512335832338,387,9,0,1,0.01,1,0,1,1,1,0,0,1,0,1,0,0,0,0,0,0,0,0,0,0,0
-0.685206040383149,387,10,0,1,0.01,1,0,1,1,1,0,0,1,0,1,0,0,0,0,0,0,0,0,0,0,0
2.25060544467057,388,1,0,2,0.0512710963760241,0,0,0,0,1,0,0,0,0,1,0,0,0,0,0,0,0,0,0,0,0
1.72289172243688,388,2,0,2,0.105170918075648,0,0,0,0,1,0,0,0,0,1,0,0,0,0,0,0,0,0,0,0,0
0.527046564043981,388,3,0,2,0.161834242728283,0,0,0,0,1,0,0,0,0,1,0,0,0,0,0,0,0,0,0,0,0
0.191707449442094,388,4,0,2,0.22140275816017,0,0,0,0,1,0,0,0,0,1,0,0,0,0,0,0,0,0,0,0,0
0.823497870147642,388,5,0,2,0.284025416687741,0,0,0,0,1,0,0,0,0,1,0,0,0,0,0,0,0,0,0,0,0
2.81433189411688,388,6,0,2,0.349858807576003,0,0,0,0,1,0,0,0,0,1,0,0,0,0,0,0,0,0,0,0,0
-0.407899682903069,388,7,0,2,0.419067548593257,0,0,0,0,1,0,0,0,0,1,0,0,0,0,0,0,0,0,0,0,0
2.23181110135355,388,8,0,2,0.49182469764127,0,0,0,0,1,0,0,0,0,1,0,0,0,0,0,0,0,0,0,0,0
3.33458886886385,388,9,0,2,0.568312185490169,0,0,0,0,1,0,0,0,0,1,0,0,0,0,0,0,0,0,0,0,0
3.49507590774286,388,10,0,2,0.648721270700128,0,0,0,0,1,0,0,0,0,1,0,0,0,0,0,0,0,0,0,0,0
0.697248085847567,389,1,0,2,0.0512710963760241,0,0,1,0,0,1,0,0,0,1,0,0,0,0,0,0,0,0,0,0,0
0.0805696159308407,389,2,0,2,0.105170918075648,0,0,1,0,0,1,0,0,0,1,0,0,0,0,0,0,0,0,0,0,0
-1.36129405817718,389,3,0,2,0.161834242728283,0,0,1,0,0,1,0,0,0,1,0,0,0,0,0,0,0,0,0,0,0
0.3368155872112,389,4,0,2,0.22140275816017,0,0,1,0,0,1,0,0,0,1,0,0,0,0,0,0,0,0,0,0,0
1.01402435360887,389,5,0,2,0.284025416687741,0,0,1,0,0,1,0,0,0,1,0,0,0,0,0,0,0,0,0,0,0
1.01004189148727,389,6,0,2,0.349858807576003,0,0,1,0,0,1,0,0,0,1,0,0,0,0,0,0,0,0,0,0,0
2.29375620479226,389,7,0,2,0.419067548593257,0,0,1,0,0,1,0,0,0,1,0,0,0,0,0,0,0,0,0,0,0
2.79995478542021,389,8,0,2,0.49182469764127,0,0,1,0,0,1,0,0,0,1,0,0,0,0,0,0,0,0,0,0,0
4.95374114454973,389,9,0,2,0.568312185490169,0,0,1,0,0,1,0,0,0,1,0,0,0,0,0,0,0,0,0,0,0
3.80884135424235,389,10,0,2,0.648721270700128,0,0,1,0,0,1,0,0,0,1,0,0,0,0,0,0,0,0,0,0,0
2.19430963203765,390,1,0,3,0.127496851579376,0,0,1,1,1,0,0,1,0,0,0,0,0,0,0,0,0,0,0,0,0
2.4182222071637,390,2,0,3,0.271249150321405,0,0,1,1,1,0,0,1,0,0,0,0,0,0,0,1,0,0,0,0,0
1.66992857618105,390,3,0,3,0.43332941456034,0,0,1,1,1,0,0,1,0,0,0,0,0,0,1,0,0,0,0,0,0
3.87043655349081,390,4,0,3,0.616074402192893,0,0,1,1,1,0,0,1,0,0,0,0,0,1,0,0,0,0,0,0,0
2.58477552033073,390,5,0,3,0.822118800390509,0,0,1,1,1,0,0,1,0,0,0,0,1,0,0,0,0,0,0,0,0
6.21648997395789,390,6,0,3,1.05443321064389,0,0,1,1,1,0,0,1,0,0,0,1,0,0,0,0,0,0,0,0,0
6.91585926102794,390,7,0,3,1.31636697678109,0,0,1,1,1,0,0,1,0,0,1,0,0,0,0,0,0,0,0,0,0
10.1795521226857,390,8,0,3,1.61169647342312,0,0,1,1,1,0,0,1,0,0,0,0,0,0,0,0,1,0,0,0,0
8.89851857299609,390,9,0,3,1.94467955106552,0,0,1,1,1,0,0,1,0,0,0,0,0,0,0,0,0,1,0,0,0
12.4477193959749,390,10,0,3,2.32011692273655,0,0,1,1,1,0,0,1,0,0,0,0,0,0,0,0,0,0,1,0,0
-1.51540140429754,391,1,0,2,0.0512710963760241,0,1,1,0,1,1,0,0,0,0,0,0,0,0,0,0,0,0,0,0,0
0.122735079177445,391,2,0,2,0.105170918075648,0,1,1,0,1,1,0,0,0,0,0,0,0,0,0,0,0,0,0,0,0
1.07324608621432,391,3,0,2,0.161834242728283,0,1,1,0,1,1,0,0,0,0,0,0,0,0,0,0,0,0,0,0,0
0.79749892623214,391,4,0,2,0.22140275816017,0,1,1,0,1,1,0,0,0,0,0,0,0,0,0,0,0,0,0,0,0
1.92467659381097,391,5,0,2,0.284025416687741,0,1,1,0,1,1,0,0,0,0,0,0,0,0,0,0,0,0,0,0,0
0.576159778060261,391,6,0,2,0.349858807576003,0,1,1,0,1,1,0,0,0,0,0,0,0,0,0,0,0,0,0,0,0
3.11011001476031,391,7,0,2,0.419067548593257,0,1,1,0,1,1,0,0,0,0,0,0,0,0,0,0,0,0,0,0,0
1.7225586149993,391,8,0,2,0.49182469764127,0,1,1,0,1,1,0,0,0,0,0,0,0,0,0,0,0,0,0,0,0
1.92993282408853,391,9,0,2,0.568312185490169,0,1,1,0,1,1,0,0,0,0,0,0,0,0,0,0,0,0,0,0,0
4.4833507278682,391,10,0,2,0.648721270700128,0,1,1,0,1,1,0,0,0,0,0,0,0,0,0,0,0,0,0,0,0
-2.11101507951979,392,1,0,2,0.0512710963760241,0,0,0,1,1,1,1,0,0,0,0,0,0,0,0,0,0,0,0,0,0
0.913994176714671,392,2,0,2,0.105170918075648,0,0,0,1,1,1,1,0,0,0,0,0,0,0,0,0,0,0,0,0,0
-0.0803691332262401,392,3,0,2,0.161834242728283,0,0,0,1,1,1,1,0,0,0,0,0,0,0,0,0,0,0,0,0,0
1.38140826581764,392,4,0,2,0.22140275816017,0,0,0,1,1,1,1,0,0,0,0,0,0,0,0,0,0,0,0,0,0
1.90186664457936,392,5,0,2,0.284025416687741,0,0,0,1,1,1,1,0,0,0,0,0,0,0,0,0,0,0,0,0,0
1.2520357141517,392,6,0,2,0.349858807576003,0,0,0,1,1,1,1,0,0,0,0,0,0,0,0,0,0,0,0,0,0
2.9783639644401,392,7,0,2,0.419067548593257,0,0,0,1,1,1,1,0,0,0,0,0,0,0,0,0,0,0,0,0,0
2.42675257566816,392,8,0,2,0.49182469764127,0,0,0,1,1,1,1,0,0,0,0,0,0,0,0,0,0,0,0,0,0
1.99161823399621,392,9,0,2,0.568312185490169,0,0,0,1,1,1,1,0,0,0,0,0,0,0,0,0,0,0,0,0,0
3.30374290353428,392,10,0,2,0.648721270700128,0,0,0,1,1,1,1,0,0,0,0,0,0,0,0,0,0,0,0,0,0
1.29024447510957,393,1,0,2,0.0512710963760241,1,0,0,0,1,0,1,0,0,0,0,0,0,0,0,0,0,0,0,0,0
0.965842064984089,393,2,0,2,0.105170918075648,1,0,0,0,1,0,1,0,0,0,0,0,0,0,0,0,0,0,0,0,0
1.85619961677782,393,3,0,2,0.161834242728283,1,0,0,0,1,0,1,0,0,0,0,0,0,0,0,0,0,0,0,0,0
2.40120774286608,393,4,0,2,0.22140275816017,1,0,0,0,1,0,1,0,0,0,0,0,0,0,0,0,0,0,0,0,0
0.91599935812368,393,5,0,2,0.284025416687741,1,0,0,0,1,0,1,0,0,0,0,0,0,0,0,0,0,0,0,0,0
3.78061716348047,393,6,0,2,0.349858807576003,1,0,0,0,1,0,1,0,0,0,0,0,0,0,0,0,0,0,0,0,0
1.55216091630932,393,7,0,2,0.419067548593257,1,0,0,0,1,0,1,0,0,0,0,0,0,0,0,0,0,0,0,0,0
2.55851037719534,393,8,0,2,0.49182469764127,1,0,0,0,1,0,1,0,0,0,0,0,0,0,0,0,0,0,0,0,0
3.30349409428075,393,9,0,2,0.568312185490169,1,0,0,0,1,0,1,0,0,0,0,0,0,0,0,0,0,0,0,0,0
2.16409286633954,393,10,0,2,0.648721270700128,1,0,0,0,1,0,1,0,0,0,0,0,0,0,0,0,0,0,0,0,0
2.09664211719656,394,1,0,2,0.0512710963760241,0,0,1,0,1,1,0,1,1,1,0,0,0,0,0,0,0,0,0,0,0
1.51397315829753,394,2,0,2,0.105170918075648,0,0,1,0,1,1,0,1,1,1,0,0,0,0,0,0,0,0,0,0,0
-0.563628306834389,394,3,0,2,0.161834242728283,0,0,1,0,1,1,0,1,1,1,0,0,0,0,0,0,0,0,0,0,0
1.59024509920064,394,4,0,2,0.22140275816017,0,0,1,0,1,1,0,1,1,1,0,0,0,0,0,0,0,0,0,0,0
1.40490400455521,394,5,0,2,0.284025416687741,0,0,1,0,1,1,0,1,1,1,0,0,0,0,0,0,0,0,0,0,0
0.405332727300503,394,6,0,2,0.349858807576003,0,0,1,0,1,1,0,1,1,1,0,0,0,0,0,0,0,0,0,0,0
3.08877024157573,394,7,0,2,0.419067548593257,0,0,1,0,1,1,0,1,1,1,0,0,0,0,0,0,0,0,0,0,0
3.47721736716575,394,8,0,2,0.49182469764127,0,0,1,0,1,1,0,1,1,1,0,0,0,0,0,0,0,0,0,0,0
2.24152364266958,394,9,0,2,0.568312185490169,0,0,1,0,1,1,0,1,1,1,0,0,0,0,0,0,0,0,0,0,0
3.22376840000885,394,10,0,2,0.648721270700128,0,0,1,0,1,1,0,1,1,1,0,0,0,0,0,0,0,0,0,0,0
0.19301711753958,395,1,0,1,0.01,1,1,1,1,0,0,0,1,1,1,0,0,0,0,1,0,0,0,0,0,0
0.0759170492493788,395,2,0,1,0.01,1,1,1,1,0,0,0,1,1,1,0,0,0,1,0,0,0,0,0,0,0
-0.677486226821989,395,3,0,1,0.01,1,1,1,1,0,0,0,1,1,1,0,0,1,0,0,0,0,0,0,0,0
0.308270173767634,395,4,0,1,0.01,1,1,1,1,0,0,0,1,1,1,0,1,0,0,0,0,0,0,0,0,0
1.19137939810652,395,5,0,1,0.01,1,1,1,1,0,0,0,1,1,1,1,0,0,0,0,0,0,0,0,0,0
-0.594826606608759,395,6,0,1,0.01,1,1,1,1,0,0,0,1,1,1,0,0,0,0,0,0,1,0,0,0,0
0.971430509187386,395,7,0,1,0.01,1,1,1,1,0,0,0,1,1,1,0,0,0,0,0,0,0,1,0,0,0
-0.550008121834928,395,8,0,1,0.01,1,1,1,1,0,0,0,1,1,1,0,0,0,0,0,0,0,0,1,0,0
0.65252581048006,395,9,0,1,0.01,1,1,1,1,0,0,0,1,1,1,0,0,0,0,0,0,0,0,0,1,0
1.25980012180427,395,10,0,1,0.01,1,1,1,1,0,0,0,1,1,1,0,0,0,0,0,0,0,0,0,0,1
1.00891624609622,396,1,0,2,0.0512710963760241,1,1,1,0,1,1,0,1,1,0,0,0,0,0,0,0,0,0,0,0,0
0.817402670302196,396,2,0,2,0.105170918075648,1,1,1,0,1,1,0,1,1,0,0,0,0,0,0,0,0,0,0,0,0
1.16003066993612,396,3,0,2,0.161834242728283,1,1,1,0,1,1,0,1,1,0,0,0,0,0,0,0,0,0,0,0,0
1.04000435135807,396,4,0,2,0.22140275816017,1,1,1,0,1,1,0,1,1,0,0,0,0,0,0,0,0,0,0,0,0
2.12429298120225,396,5,0,2,0.284025416687741,1,1,1,0,1,1,0,1,1,0,0,0,0,0,0,0,0,0,0,0,0
1.98647839974587,396,6,0,2,0.349858807576003,1,1,1,0,1,1,0,1,1,0,0,0,0,0,0,0,0,0,0,0,0
1.05127696074344,396,7,0,2,0.419067548593257,1,1,1,0,1,1,0,1,1,0,0,0,0,0,0,0,0,0,0,0,0
3.91673776082492,396,8,0,2,0.49182469764127,1,1,1,0,1,1,0,1,1,0,0,0,0,0,0,0,0,0,0,0,0
1.96050028180163,396,9,0,2,0.568312185490169,1,1,1,0,1,1,0,1,1,0,0,0,0,0,0,0,0,0,0,0,0
3.00116420104141,396,10,0,2,0.648721270700128,1,1,1,0,1,1,0,1,1,0,0,0,0,0,0,0,0,0,0,0,0
-0.868238503030417,397,1,0,1,0.01,0,0,0,0,1,1,0,0,0,0,0,0,0,0,0,0,0,0,0,0,0
0.204515873549669,397,2,0,1,0.01,0,0,0,0,1,1,0,0,0,0,0,0,0,0,0,0,0,0,0,0,0
0.812189854894293,397,3,0,1,0.01,0,0,0,0,1,1,0,0,0,0,0,0,0,0,0,0,0,0,0,0,0
1.99245361501684,397,4,0,1,0.01,0,0,0,0,1,1,0,0,0,0,0,0,0,0,0,0,0,0,0,0,0
-1.82412230898239,397,5,0,1,0.01,0,0,0,0,1,1,0,0,0,0,0,0,0,0,0,0,0,0,0,0,0
-0.491025621635461,397,6,0,1,0.01,0,0,0,0,1,1,0,0,0,0,0,0,0,0,0,0,0,0,0,0,0
-1.33906783156716,397,7,0,1,0.01,0,0,0,0,1,1,0,0,0,0,0,0,0,0,0,0,0,0,0,0,0
-0.0445857813987654,397,8,0,1,0.01,0,0,0,0,1,1,0,0,0,0,0,0,0,0,0,0,0,0,0,0,0
-1.142175855129,397,9,0,1,0.01,0,0,0,0,1,1,0,0,0,0,0,0,0,0,0,0,0,0,0,0,0
-1.80358254717239,397,10,0,1,0.01,0,0,0,0,1,1,0,0,0,0,0,0,0,0,0,0,0,0,0,0,0
-0.432581287663096,398,1,0,1,0.01,1,1,1,1,1,0,0,1,0,1,0,0,1,0,0,0,0,0,0,0,0
0.143550707520767,398,2,0,1,0.01,1,1,1,1,1,0,0,1,0,1,0,1,0,0,0,0,0,0,0,0,0
-0.549922923008272,398,3,0,1,0.01,1,1,1,1,1,0,0,1,0,1,1,0,0,0,0,0,0,0,0,0,0
0.737351741522092,398,4,0,1,0.01,1,1,1,1,1,0,0,1,0,1,0,0,0,0,0,0,1,0,0,0,0
-1.23001402202094,398,5,0,1,0.01,1,1,1,1,1,0,0,1,0,1,0,0,0,0,0,0,0,1,0,0,0
0.32210857903069,398,6,0,1,0.01,1,1,1,1,1,0,0,1,0,1,0,0,0,0,0,0,0,0,1,0,0
-0.755550597381105,398,7,0,1,0.01,1,1,1,1,1,0,0,1,0,1,0,0,0,0,0,0,0,0,0,1,0
-0.343129181234445,398,8,0,1,0.01,1,1,1,1,1,0,0,1,0,1,0,0,0,0,0,0,0,0,0,0,1
-1.04575602371211,398,9,0,1,0.01,1,1,1,1,1,0,0,1,0,1,0,0,0,0,0,0,0,0,0,0,0
1.00150901903853,398,10,0,1,0.01,1,1,1,1,1,0,0,1,0,1,0,0,0,0,0,0,0,0,0,0,0
0.50202555721975,399,1,0,2,0.0512710963760241,0,0,1,1,1,0,1,0,0,1,0,0,0,0,0,0,0,0,0,0,0
0.450590629263353,399,2,0,2,0.105170918075648,0,0,1,1,1,0,1,0,0,1,0,0,0,0,0,0,0,0,0,0,0
2.49759755620654,399,3,0,2,0.161834242728283,0,0,1,1,1,0,1,0,0,1,0,0,0,0,0,0,0,0,0,0,0
1.10601093426851,399,4,0,2,0.22140275816017,0,0,1,1,1,0,1,0,0,1,0,0,0,0,0,0,0,0,0,0,0
1.20853548453201,399,5,0,2,0.284025416687741,0,0,1,1,1,0,1,0,0,1,0,0,0,0,0,0,0,0,0,0,0
1.95709449920896,399,6,0,2,0.349858807576003,0,0,1,1,1,0,1,0,0,1,0,0,0,0,0,0,0,0,0,0,0
2.8854762417231,399,7,0,2,0.419067548593257,0,0,1,1,1,0,1,0,0,1,0,0,0,0,0,0,0,0,0,0,0
1.56207908586031,399,8,0,2,0.49182469764127,0,0,1,1,1,0,1,0,0,1,0,0,0,0,0,0,0,0,0,0,0
2.00594403115105,399,9,0,2,0.568312185490169,0,0,1,1,1,0,1,0,0,1,0,0,0,0,0,0,0,0,0,0,0
3.30711763289683,399,10,0,2,0.648721270700128,0,0,1,1,1,0,1,0,0,1,0,0,0,0,0,0,0,0,0,0,0
-0.716784583296401,400,1,0,1,0.01,1,0,1,1,1,0,0,0,0,0,0,0,0,0,0,0,0,0,0,0,0
-0.301023872830952,400,2,0,1,0.01,1,0,1,1,1,0,0,0,0,0,0,0,0,0,0,0,0,0,0,0,0
0.0656389179974871,400,3,0,1,0.01,1,0,1,1,1,0,0,0,0,0,0,0,0,0,0,0,0,0,0,0,0
-1.47541670233276,400,4,0,1,0.01,1,0,1,1,1,0,0,0,0,0,0,0,0,0,0,0,0,0,0,0,0
0.162547684498141,400,5,0,1,0.01,1,0,1,1,1,0,0,0,0,0,0,0,0,0,0,0,0,0,0,0,0
-1.99099048986401,400,6,0,1,0.01,1,0,1,1,1,0,0,0,0,0,0,0,0,0,0,0,0,0,0,0,0
-1.04564499532257,400,7,0,1,0.01,1,0,1,1,1,0,0,0,0,0,0,0,0,0,0,0,0,0,0,0,0
-0.0925949126098971,400,8,0,1,0.01,1,0,1,1,1,0,0,0,0,0,0,0,0,0,0,0,0,0,0,0,0
-0.173845442439385,400,9,0,1,0.01,1,0,1,1,1,0,0,0,0,0,0,0,0,0,0,0,0,0,0,0,0
-1.13729330514185,400,10,0,1,0.01,1,0,1,1,1,0,0,0,0,0,0,0,0,0,0,0,0,0,0,0,0
0.490384719191963,401,1,0,2,0.0512710963760241,1,1,0,0,1,0,1,0,1,0,0,0,0,0,0,0,0,0,0,0,0
0.40655852631999,401,2,0,2,0.105170918075648,1,1,0,0,1,0,1,0,1,0,0,0,0,0,0,0,0,0,0,0,0
0.409182549750192,401,3,0,2,0.161834242728283,1,1,0,0,1,0,1,0,1,0,0,0,0,0,0,0,0,0,0,0,0
2.21747247487779,401,4,0,2,0.22140275816017,1,1,0,0,1,0,1,0,1,0,0,0,0,0,0,0,0,0,0,0,0
2.85074830086034,401,5,0,2,0.284025416687741,1,1,0,0,1,0,1,0,1,0,0,0,0,0,0,0,0,0,0,0,0
2.20959955297621,401,6,0,2,0.349858807576003,1,1,0,0,1,0,1,0,1,0,0,0,0,0,0,0,0,0,0,0,0
1.57127339365248,401,7,0,2,0.419067548593257,1,1,0,0,1,0,1,0,1,0,0,0,0,0,0,0,0,0,0,0,0
3.75063551019522,401,8,0,2,0.49182469764127,1,1,0,0,1,0,1,0,1,0,0,0,0,0,0,0,0,0,0,0,0
3.42429000518106,401,9,0,2,0.568312185490169,1,1,0,0,1,0,1,0,1,0,0,0,0,0,0,0,0,0,0,0,0
1.47816544400616,401,10,0,2,0.648721270700128,1,1,0,0,1,0,1,0,1,0,0,0,0,0,0,0,0,0,0,0,0
-0.692330759960349,402,1,0,2,0.0512710963760241,0,0,1,1,0,1,0,0,1,0,0,0,0,0,0,0,0,0,0,0,0
0.752800726181,402,2,0,2,0.105170918075648,0,0,1,1,0,1,0,0,1,0,0,0,0,0,0,0,0,0,0,0,0
0.235883906721168,402,3,0,2,0.161834242728283,0,0,1,1,0,1,0,0,1,0,0,0,0,0,0,0,0,0,0,0,0
1.36359490172746,402,4,0,2,0.22140275816017,0,0,1,1,0,1,0,0,1,0,0,0,0,0,0,0,0,0,0,0,0
2.88638172977432,402,5,0,2,0.284025416687741,0,0,1,1,0,1,0,0,1,0,0,0,0,0,0,0,0,0,0,0,0
0.232018972771301,402,6,0,2,0.349858807576003,0,0,1,1,0,1,0,0,1,0,0,0,0,0,0,0,0,0,0,0,0
3.00105604523898,402,7,0,2,0.419067548593257,0,0,1,1,0,1,0,0,1,0,0,0,0,0,0,0,0,0,0,0,0
2.9330562243797,402,8,0,2,0.49182469764127,0,0,1,1,0,1,0,0,1,0,0,0,0,0,0,0,0,0,0,0,0
3.30539580778324,402,9,0,2,0.568312185490169,0,0,1,1,0,1,0,0,1,0,0,0,0,0,0,0,0,0,0,0,0
3.71489387397858,402,10,0,2,0.648721270700128,0,0,1,1,0,1,0,0,1,0,0,0,0,0,0,0,0,0,0,0,0
0.706419104840179,403,1,0,1,0.01,1,0,1,0,0,1,1,1,1,0,0,0,0,0,0,0,0,0,0,0,0
0.0655706581017221,403,2,0,1,0.01,1,0,1,0,0,1,1,1,1,0,0,0,0,0,0,0,0,0,0,0,0
-0.508703775966286,403,3,0,1,0.01,1,0,1,0,0,1,1,1,1,0,0,0,0,0,0,0,0,0,0,0,0
-0.556394056386571,403,4,0,1,0.01,1,0,1,0,0,1,1,1,1,0,0,0,0,0,0,0,0,0,0,0,0
-1.06470693940886,403,5,0,1,0.01,1,0,1,0,0,1,1,1,1,0,0,0,0,0,0,0,0,0,0,0,0
-1.56740045959242,403,6,0,1,0.01,1,0,1,0,0,1,1,1,1,0,0,0,0,0,0,0,0,0,0,0,0
0.360860002381161,403,7,0,1,0.01,1,0,1,0,0,1,1,1,1,0,0,0,0,0,0,0,0,0,0,0,0
-0.117759972054934,403,8,0,1,0.01,1,0,1,0,0,1,1,1,1,0,0,0,0,0,0,0,0,0,0,0,0
0.324016993472944,403,9,0,1,0.01,1,0,1,0,0,1,1,1,1,0,0,0,0,0,0,0,0,0,0,0,0
1.87634706775896,403,10,0,1,0.01,1,0,1,0,0,1,1,1,1,0,0,0,0,0,0,0,0,0,0,0,0
-0.180752680198236,404,1,0,1,0.01,1,1,0,0,0,0,0,0,0,0,0,0,0,0,0,0,0,0,0,0,0
1.655609366567,404,2,0,1,0.01,1,1,0,0,0,0,0,0,0,0,0,0,0,0,0,0,0,0,0,0,0
-0.371515021758915,404,3,0,1,0.01,1,1,0,0,0,0,0,0,0,0,0,0,0,0,0,0,0,0,0,0,0
2.04623279840885,404,4,0,1,0.01,1,1,0,0,0,0,0,0,0,0,0,0,0,0,0,0,0,0,0,0,0
-0.319693125438678,404,5,0,1,0.01,1,1,0,0,0,0,0,0,0,0,0,0,0,0,0,0,0,0,0,0,0
0.9740105445732,404,6,0,1,0.01,1,1,0,0,0,0,0,0,0,0,0,0,0,0,0,0,0,0,0,0,0
0.728848808755438,404,7,0,1,0.01,1,1,0,0,0,0,0,0,0,0,0,0,0,0,0,0,0,0,0,0,0
-0.310058763515093,404,8,0,1,0.01,1,1,0,0,0,0,0,0,0,0,0,0,0,0,0,0,0,0,0,0,0
-1.23199307991519,404,9,0,1,0.01,1,1,0,0,0,0,0,0,0,0,0,0,0,0,0,0,0,0,0,0,0
-0.388111691055377,404,10,0,1,0.01,1,1,0,0,0,0,0,0,0,0,0,0,0,0,0,0,0,0,0,0,0
-0.827940369845214,405,1,0,1,0.01,0,0,1,0,0,1,1,1,1,0,0,0,0,1,0,0,0,0,0,0,0
-1.09216958758778,405,2,0,1,0.01,0,0,1,0,0,1,1,1,1,0,0,0,1,0,0,0,0,0,0,0,0
-1.62172146583106,405,3,0,1,0.01,0,0,1,0,0,1,1,1,1,0,0,1,0,0,0,0,0,0,0,0,0
-0.195916282860467,405,4,0,1,0.01,0,0,1,0,0,1,1,1,1,0,1,0,0,0,0,0,0,0,0,0,0
1.78669064678536,405,5,0,1,0.01,0,0,1,0,0,1,1,1,1,0,0,0,0,0,0,0,1,0,0,0,0
1.13935819129822,405,6,0,1,0.01,0,0,1,0,0,1,1,1,1,0,0,0,0,0,0,0,0,1,0,0,0
-0.488251526961789,405,7,0,1,0.01,0,0,1,0,0,1,1,1,1,0,0,0,0,0,0,0,0,0,1,0,0
-1.03999064234071,405,8,0,1,0.01,0,0,1,0,0,1,1,1,1,0,0,0,0,0,0,0,0,0,0,1,0
1.55312650206819,405,9,0,1,0.01,0,0,1,0,0,1,1,1,1,0,0,0,0,0,0,0,0,0,0,0,1
-0.927553940228857,405,10,0,1,0.01,0,0,1,0,0,1,1,1,1,0,0,0,0,0,0,0,0,0,0,0,0
0.651318892641734,406,1,0,1,0.01,1,1,1,0,1,1,0,0,0,1,0,0,0,0,0,0,0,0,0,0,0
-0.465216690976117,406,2,0,1,0.01,1,1,1,0,1,1,0,0,0,1,0,0,0,0,0,0,0,0,0,0,0
-1.0683385022328,406,3,0,1,0.01,1,1,1,0,1,1,0,0,0,1,0,0,0,0,0,0,0,0,0,0,0
-0.314498602236824,406,4,0,1,0.01,1,1,1,0,1,1,0,0,0,1,0,0,0,0,0,0,0,0,0,0,0
-1.01924257058894,406,5,0,1,0.01,1,1,1,0,1,1,0,0,0,1,0,0,0,0,0,0,0,0,0,0,0
0.505412234290567,406,6,0,1,0.01,1,1,1,0,1,1,0,0,0,1,0,0,0,0,0,0,0,0,0,0,0
-2.03663585989353,406,7,0,1,0.01,1,1,1,0,1,1,0,0,0,1,0,0,0,0,0,0,0,0,0,0,0
0.327278653437391,406,8,0,1,0.01,1,1,1,0,1,1,0,0,0,1,0,0,0,0,0,0,0,0,0,0,0
-0.145781396743719,406,9,0,1,0.01,1,1,1,0,1,1,0,0,0,1,0,0,0,0,0,0,0,0,0,0,0
-0.468294612660755,406,10,0,1,0.01,1,1,1,0,1,1,0,0,0,1,0,0,0,0,0,0,0,0,0,0,0
0.180715839301984,407,1,0,1,0.01,0,0,1,0,0,1,1,1,0,0,0,0,0,0,0,0,0,0,0,0,0
0.347440196955148,407,2,0,1,0.01,0,0,1,0,0,1,1,1,0,0,0,0,0,0,0,0,0,0,0,0,0
-0.100423305285197,407,3,0,1,0.01,0,0,1,0,0,1,1,1,0,0,0,0,0,0,0,0,0,0,0,0,0
-0.890616643327055,407,4,0,1,0.01,0,0,1,0,0,1,1,1,0,0,0,0,0,0,0,0,0,0,0,0,0
-1.10153303659916,407,5,0,1,0.01,0,0,1,0,0,1,1,1,0,0,0,0,0,0,0,0,0,0,0,0,0
-0.0994563475213402,407,6,0,1,0.01,0,0,1,0,0,1,1,1,0,0,0,0,0,0,0,0,0,0,0,0,0
1.27964339273919,407,7,0,1,0.01,0,0,1,0,0,1,1,1,0,0,0,0,0,0,0,0,0,0,0,0,0
-2.14621678617263,407,8,0,1,0.01,0,0,1,0,0,1,1,1,0,0,0,0,0,0,0,0,0,0,0,0,0
0.872789133225708,407,9,0,1,0.01,0,0,1,0,0,1,1,1,0,0,0,0,0,0,0,0,0,0,0,0,0
-0.475403394742798,407,10,0,1,0.01,0,0,1,0,0,1,1,1,0,0,0,0,0,0,0,0,0,0,0,0,0
0.757908564525687,408,1,0,1,0.01,0,0,0,1,1,1,0,0,0,1,0,0,1,0,0,0,0,0,0,0,0
-0.625635799023304,408,2,0,1,0.01,0,0,0,1,1,1,0,0,0,1,0,1,0,0,0,0,0,0,0,0,0
0.35613582412334,408,3,0,1,0.01,0,0,0,1,1,1,0,0,0,1,1,0,0,0,0,0,0,0,0,0,0
-0.154168648963106,408,4,0,1,0.01,0,0,0,1,1,1,0,0,0,1,0,0,0,0,0,0,1,0,0,0,0
1.35945266401854,408,5,0,1,0.01,0,0,0,1,1,1,0,0,0,1,0,0,0,0,0,0,0,1,0,0,0
2.26124076870709,408,6,0,1,0.01,0,0,0,1,1,1,0,0,0,1,0,0,0,0,0,0,0,0,1,0,0
0.686621711070323,408,7,0,1,0.01,0,0,0,1,1,1,0,0,0,1,0,0,0,0,0,0,0,0,0,1,0
0.519572064121993,408,8,0,1,0.01,0,0,0,1,1,1,0,0,0,1,0,0,0,0,0,0,0,0,0,0,1
-0.448809228135281,408,9,0,1,0.01,0,0,0,1,1,1,0,0,0,1,0,0,0,0,0,0,0,0,0,0,0
0.0654551147566658,408,10,0,1,0.01,0,0,0,1,1,1,0,0,0,1,0,0,0,0,0,0,0,0,0,0,0
0.965752020293586,409,1,0,3,0.127496851579376,0,1,1,1,1,1,1,1,1,1,0,0,0,0,0,0,0,0,0,0,0
1.37511270374398,409,2,0,3,0.271249150321405,0,1,1,1,1,1,1,1,1,1,0,0,0,0,0,0,0,0,0,0,0
3.00091152461846,409,3,0,3,0.43332941456034,0,1,1,1,1,1,1,1,1,1,0,0,0,0,0,0,0,0,0,0,0
4.55000702208686,409,4,0,3,0.616074402192893,0,1,1,1,1,1,1,1,1,1,0,0,0,0,0,1,0,0,0,0,0
4.1785334687004,409,5,0,3,0.822118800390509,0,1,1,1,1,1,1,1,1,1,0,0,0,0,1,0,0,0,0,0,0
3.4872037027509,409,6,0,3,1.05443321064389,0,1,1,1,1,1,1,1,1,1,0,0,0,1,0,0,0,0,0,0,0
9.14492279655253,409,7,0,3,1.31636697678109,0,1,1,1,1,1,1,1,1,1,0,0,1,0,0,0,0,0,0,0,0
7.97934793356582,409,8,0,3,1.61169647342312,0,1,1,1,1,1,1,1,1,1,0,1,0,0,0,0,0,0,0,0,0
10.6244323451462,409,9,0,3,1.94467955106552,0,1,1,1,1,1,1,1,1,1,1,0,0,0,0,0,0,0,0,0,0
10.5882944827268,409,10,0,3,2.32011692273655,0,1,1,1,1,1,1,1,1,1,0,0,0,0,0,0,1,0,0,0,0
0.680825004324871,410,1,0,2,0.0512710963760241,0,1,1,1,1,1,1,1,0,0,0,0,0,0,0,0,0,0,0,0,0
0.929793407002926,410,2,0,2,0.105170918075648,0,1,1,1,1,1,1,1,0,0,0,0,0,0,0,0,0,0,0,0,0
1.85041163879827,410,3,0,2,0.161834242728283,0,1,1,1,1,1,1,1,0,0,0,0,0,0,0,0,0,0,0,0,0
1.20178067781755,410,4,0,2,0.22140275816017,0,1,1,1,1,1,1,1,0,0,0,0,0,0,0,0,0,0,0,0,0
0.508309901060698,410,5,0,2,0.284025416687741,0,1,1,1,1,1,1,1,0,0,0,0,0,0,0,0,0,0,0,0,0
1.81855822265622,410,6,0,2,0.349858807576003,0,1,1,1,1,1,1,1,0,0,0,0,0,0,0,0,0,0,0,0,0
2.01626283915283,410,7,0,2,0.419067548593257,0,1,1,1,1,1,1,1,0,0,0,0,0,0,0,0,0,0,0,0,0
1.76271687289706,410,8,0,2,0.49182469764127,0,1,1,1,1,1,1,1,0,0,0,0,0,0,0,0,0,0,0,0,0
2.0744306655646,410,9,0,2,0.568312185490169,0,1,1,1,1,1,1,1,0,0,0,0,0,0,0,0,0,0,0,0,0
2.12590217470208,410,10,0,2,0.648721270700128,0,1,1,1,1,1,1,1,0,0,0,0,0,0,0,0,0,0,0,0,0
-1.07105595996627,411,1,0,2,0.0512710963760241,1,1,0,1,1,1,1,1,0,0,1,0,0,0,0,0,0,0,0,0,0
2.05963269565715,411,2,0,2,0.105170918075648,1,1,0,1,1,1,1,1,0,0,0,0,0,0,0,0,1,0,0,0,0
-0.473675396256184,411,3,0,2,0.161834242728283,1,1,0,1,1,1,1,1,0,0,0,0,0,0,0,0,0,1,0,0,0
1.78611737735447,411,4,0,2,0.22140275816017,1,1,0,1,1,1,1,1,0,0,0,0,0,0,0,0,0,0,1,0,0
1.89344316426399,411,5,0,2,0.284025416687741,1,1,0,1,1,1,1,1,0,0,0,0,0,0,0,0,0,0,0,1,0
1.89302107328846,411,6,0,2,0.349858807576003,1,1,0,1,1,1,1,1,0,0,0,0,0,0,0,0,0,0,0,0,1
2.36516067229911,411,7,0,2,0.419067548593257,1,1,0,1,1,1,1,1,0,0,0,0,0,0,0,0,0,0,0,0,0
1.82190127422058,411,8,0,2,0.49182469764127,1,1,0,1,1,1,1,1,0,0,0,0,0,0,0,0,0,0,0,0,0
2.24655282152815,411,9,0,2,0.568312185490169,1,1,0,1,1,1,1,1,0,0,0,0,0,0,0,0,0,0,0,0,0
3.70128701286779,411,10,0,2,0.648721270700128,1,1,0,1,1,1,1,1,0,0,0,0,0,0,0,0,0,0,0,0,0
-0.951590931380284,412,1,0,1,0.01,0,0,1,1,1,0,0,1,0,0,0,0,0,0,0,0,0,0,0,0,0
0.00324339684405846,412,2,0,1,0.01,0,0,1,1,1,0,0,1,0,0,0,0,0,0,0,0,0,0,0,0,0
0.747988077448307,412,3,0,1,0.01,0,0,1,1,1,0,0,1,0,0,0,0,0,0,0,0,0,0,0,0,0
-1.03308274210145,412,4,0,1,0.01,0,0,1,1,1,0,0,1,0,0,0,0,0,0,0,0,0,0,0,0,0
-1.0698065413942,412,5,0,1,0.01,0,0,1,1,1,0,0,1,0,0,0,0,0,0,0,0,0,0,0,0,0
-0.994140336203558,412,6,0,1,0.01,0,0,1,1,1,0,0,1,0,0,0,0,0,0,0,0,0,0,0,0,0
1.28717177775653,412,7,0,1,0.01,0,0,1,1,1,0,0,1,0,0,0,0,0,0,0,0,0,0,0,0,0
0.949136326051453,412,8,0,1,0.01,0,0,1,1,1,0,0,1,0,0,0,0,0,0,0,0,0,0,0,0,0
0.430083696383538,412,9,0,1,0.01,0,0,1,1,1,0,0,1,0,0,0,0,0,0,0,0,0,0,0,0,0
0.459014461020633,412,10,0,1,0.01,0,0,1,1,1,0,0,1,0,0,0,0,0,0,0,0,0,0,0,0,0
1.06362842059796,413,1,0,3,0.127496851579376,0,1,1,0,0,0,1,1,0,1,0,0,0,0,0,0,0,0,0,0,0
1.74367793980676,413,2,0,3,0.271249150321405,0,1,1,0,0,0,1,1,0,1,0,0,0,0,0,0,0,0,0,0,0
3.94434901801962,413,3,0,3,0.43332941456034,0,1,1,0,0,0,1,1,0,1,0,0,0,0,0,0,0,0,0,0,0
1.52307657152664,413,4,0,3,0.616074402192893,0,1,1,0,0,0,1,1,0,1,0,0,0,0,0,0,0,0,0,0,0
6.01387912805696,413,5,0,3,0.822118800390509,0,1,1,0,0,0,1,1,0,1,0,0,0,0,0,0,0,0,0,0,0
6.44721391448123,413,6,0,3,1.05443321064389,0,1,1,0,0,0,1,1,0,1,0,0,0,0,0,0,0,0,0,0,0
6.79340527137728,413,7,0,3,1.31636697678109,0,1,1,0,0,0,1,1,0,1,0,0,0,0,0,0,0,0,0,0,0
6.9609755993001,413,8,0,3,1.61169647342312,0,1,1,0,0,0,1,1,0,1,0,0,0,0,0,0,0,0,0,0,0
9.19563486751287,413,9,0,3,1.94467955106552,0,1,1,0,0,0,1,1,0,1,0,0,0,0,0,0,0,0,0,0,0
10.8811003333605,413,10,0,3,2.32011692273655,0,1,1,0,0,0,1,1,0,1,0,0,0,0,0,0,0,0,0,0,0
0.137736228187208,414,1,0,1,0.01,0,1,1,1,0,0,0,1,1,0,0,0,0,0,1,0,0,0,0,0,0
-0.686026629224917,414,2,0,1,0.01,0,1,1,1,0,0,0,1,1,0,0,0,0,1,0,0,0,0,0,0,0
-0.364930421024448,414,3,0,1,0.01,0,1,1,1,0,0,0,1,1,0,0,0,1,0,0,0,0,0,0,0,0
-1.34537606303763,414,4,0,1,0.01,0,1,1,1,0,0,0,1,1,0,0,1,0,0,0,0,0,0,0,0,0
-0.363119696484623,414,5,0,1,0.01,0,1,1,1,0,0,0,1,1,0,1,0,0,0,0,0,0,0,0,0,0
1.32015423925631,414,6,0,1,0.01,0,1,1,1,0,0,0,1,1,0,0,0,0,0,0,0,1,0,0,0,0
1.29093598175101,414,7,0,1,0.01,0,1,1,1,0,0,0,1,1,0,0,0,0,0,0,0,0,1,0,0,0
0.713494212441216,414,8,0,1,0.01,0,1,1,1,0,0,0,1,1,0,0,0,0,0,0,0,0,0,1,0,0
-1.69415884397231,414,9,0,1,0.01,0,1,1,1,0,0,0,1,1,0,0,0,0,0,0,0,0,0,0,1,0
2.83368580029734,414,10,0,1,0.01,0,1,1,1,0,0,0,1,1,0,0,0,0,0,0,0,0,0,0,0,1
0.198438925272951,415,1,0,3,0.127496851579376,0,1,0,0,0,0,1,1,1,1,0,0,0,0,0,0,0,0,0,0,0
0.998307178811222,415,2,0,3,0.271249150321405,0,1,0,0,0,0,1,1,1,1,0,0,0,0,0,0,0,0,0,0,0
3.36013616626029,415,3,0,3,0.43332941456034,0,1,0,0,0,0,1,1,1,1,0,0,0,0,0,0,0,0,0,0,0
1.37022854455946,415,4,0,3,0.616074402192893,0,1,0,0,0,0,1,1,1,1,0,0,0,0,0,1,0,0,0,0,0
6.43863453070311,415,5,0,3,0.822118800390509,0,1,0,0,0,0,1,1,1,1,0,0,0,0,1,0,0,0,0,0,0
4.60302692056334,415,6,0,3,1.05443321064389,0,1,0,0,0,0,1,1,1,1,0,0,0,1,0,0,0,0,0,0,0
5.83105616830698,415,7,0,3,1.31636697678109,0,1,0,0,0,0,1,1,1,1,0,0,1,0,0,0,0,0,0,0,0
9.12501382287421,415,8,0,3,1.61169647342312,0,1,0,0,0,0,1,1,1,1,0,1,0,0,0,0,0,0,0,0,0
9.07492273335269,415,9,0,3,1.94467955106552,0,1,0,0,0,0,1,1,1,1,1,0,0,0,0,0,0,0,0,0,0
10.8918908211281,415,10,0,3,2.32011692273655,0,1,0,0,0,0,1,1,1,1,0,0,0,0,0,0,1,0,0,0,0
0.115538574695088,416,1,0,1,0.01,1,1,0,0,1,0,1,0,1,1,0,1,0,0,0,0,0,0,0,0,0
-0.079372563494659,416,2,0,1,0.01,1,1,0,0,1,0,1,0,1,1,1,0,0,0,0,0,0,0,0,0,0
-1.64333203293321,416,3,0,1,0.01,1,1,0,0,1,0,1,0,1,1,0,0,0,0,0,0,1,0,0,0,0
-1.42234083773599,416,4,0,1,0.01,1,1,0,0,1,0,1,0,1,1,0,0,0,0,0,0,0,1,0,0,0
1.63074112311432,416,5,0,1,0.01,1,1,0,0,1,0,1,0,1,1,0,0,0,0,0,0,0,0,1,0,0
0.403533287487867,416,6,0,1,0.01,1,1,0,0,1,0,1,0,1,1,0,0,0,0,0,0,0,0,0,1,0
0.0760650010226101,416,7,0,1,0.01,1,1,0,0,1,0,1,0,1,1,0,0,0,0,0,0,0,0,0,0,1
0.713424453582697,416,8,0,1,0.01,1,1,0,0,1,0,1,0,1,1,0,0,0,0,0,0,0,0,0,0,0
0.72294564561809,416,9,0,1,0.01,1,1,0,0,1,0,1,0,1,1,0,0,0,0,0,0,0,0,0,0,0
0.232128557985327,416,10,0,1,0.01,1,1,0,0,1,0,1,0,1,1,0,0,0,0,0,0,0,0,0,0,0
-0.64833071561795,417,1,0,2,0.0512710963760241,0,1,1,0,0,1,0,0,1,0,0,1,0,0,0,0,0,0,0,0,0
1.07713006470806,417,2,0,2,0.105170918075648,0,1,1,0,0,1,0,0,1,0,1,0,0,0,0,0,0,0,0,0,0
1.33822325890808,417,3,0,2,0.161834242728283,0,1,1,0,0,1,0,0,1,0,0,0,0,0,0,0,1,0,0,0,0
1.70409233291942,417,4,0,2,0.22140275816017,0,1,1,0,0,1,0,0,1,0,0,0,0,0,0,0,0,1,0,0,0
1.8769920783849,417,5,0,2,0.284025416687741,0,1,1,0,0,1,0,0,1,0,0,0,0,0,0,0,0,0,1,0,0
0.579228307384758,417,6,0,2,0.349858807576003,0,1,1,0,0,1,0,0,1,0,0,0,0,0,0,0,0,0,0,1,0
2.20815158210276,417,7,0,2,0.419067548593257,0,1,1,0,0,1,0,0,1,0,0,0,0,0,0,0,0,0,0,0,1
1.99074133726591,417,8,0,2,0.49182469764127,0,1,1,0,0,1,0,0,1,0,0,0,0,0,0,0,0,0,0,0,0
4.73757342211357,417,9,0,2,0.568312185490169,0,1,1,0,0,1,0,0,1,0,0,0,0,0,0,0,0,0,0,0,0
3.50646457790598,417,10,0,2,0.648721270700128,0,1,1,0,0,1,0,0,1,0,0,0,0,0,0,0,0,0,0,0,0
0.00405766355260423,418,1,0,2,0.0512710963760241,0,1,0,0,0,1,1,0,1,1,0,0,0,0,0,0,0,0,0,0,0
-0.26313973607456,418,2,0,2,0.105170918075648,0,1,0,0,0,1,1,0,1,1,0,0,0,0,0,0,0,0,0,0,0
1.50746369878168,418,3,0,2,0.161834242728283,0,1,0,0,0,1,1,0,1,1,0,0,0,0,0,0,0,0,0,0,0
1.7145208092556,418,4,0,2,0.22140275816017,0,1,0,0,0,1,1,0,1,1,0,0,0,0,0,0,0,0,0,0,0
2.19887702716278,418,5,0,2,0.284025416687741,0,1,0,0,0,1,1,0,1,1,0,0,0,0,0,0,0,0,0,0,0
0.757845567889667,418,6,0,2,0.349858807576003,0,1,0,0,0,1,1,0,1,1,0,0,0,0,0,0,0,0,0,0,0
2.7988681455586,418,7,0,2,0.419067548593257,0,1,0,0,0,1,1,0,1,1,0,0,0,0,0,0,0,0,0,0,0
2.0594125225004,418,8,0,2,0.49182469764127,0,1,0,0,0,1,1,0,1,1,0,0,0,0,0,0,0,0,0,0,0
3.8591716460854,418,9,0,2,0.568312185490169,0,1,0,0,0,1,1,0,1,1,0,0,0,0,0,0,0,0,0,0,0
3.35232435724706,418,10,0,2,0.648721270700128,0,1,0,0,0,1,1,0,1,1,0,0,0,0,0,0,0,0,0,0,0
-0.911932560115834,419,1,0,2,0.0512710963760241,1,0,0,1,0,1,1,1,1,1,0,0,0,0,0,0,0,0,0,0,0
1.68753873631257,419,2,0,2,0.105170918075648,1,0,0,1,0,1,1,1,1,1,0,0,0,0,0,0,0,0,0,0,0
0.243692516961344,419,3,0,2,0.161834242728283,1,0,0,1,0,1,1,1,1,1,0,0,0,0,0,0,0,0,0,0,0
1.92656043450791,419,4,0,2,0.22140275816017,1,0,0,1,0,1,1,1,1,1,0,0,0,0,0,0,0,0,0,0,0
2.33667372706197,419,5,0,2,0.284025416687741,1,0,0,1,0,1,1,1,1,1,0,0,0,0,0,0,0,0,0,0,0
0.67884412633335,419,6,0,2,0.349858807576003,1,0,0,1,0,1,1,1,1,1,0,0,0,0,0,0,0,0,0,0,0
1.1199650460897,419,7,0,2,0.419067548593257,1,0,0,1,0,1,1,1,1,1,0,0,0,0,0,0,0,0,0,0,0
2.36826269586988,419,8,0,2,0.49182469764127,1,0,0,1,0,1,1,1,1,1,0,0,0,0,0,0,0,0,0,0,0
2.87837105593354,419,9,0,2,0.568312185490169,1,0,0,1,0,1,1,1,1,1,0,0,0,0,0,0,0,0,0,0,0
3.50547504034125,419,10,0,2,0.648721270700128,1,0,0,1,0,1,1,1,1,1,0,0,0,0,0,0,0,0,0,0,0
0.698723824547225,420,1,0,1,0.01,0,0,0,1,1,1,1,1,0,1,0,0,0,0,0,0,0,0,0,0,0
-0.522682244158618,420,2,0,1,0.01,0,0,0,1,1,1,1,1,0,1,0,0,0,0,0,0,0,0,0,0,0
-1.11447809804786,420,3,0,1,0.01,0,0,0,1,1,1,1,1,0,1,0,0,0,0,0,0,0,0,0,0,0
-1.53546443812757,420,4,0,1,0.01,0,0,0,1,1,1,1,1,0,1,0,0,0,0,0,0,0,0,0,0,0
0.293621405506578,420,5,0,1,0.01,0,0,0,1,1,1,1,1,0,1,0,0,0,0,0,0,0,0,0,0,0
-0.777275496122138,420,6,0,1,0.01,0,0,0,1,1,1,1,1,0,1,0,0,0,0,0,0,0,0,0,0,0
1.63283402162508,420,7,0,1,0.01,0,0,0,1,1,1,1,1,0,1,0,0,0,0,0,0,0,0,0,0,0
-1.21118201808733,420,8,0,1,0.01,0,0,0,1,1,1,1,1,0,1,0,0,0,0,0,0,0,0,0,0,0
0.390641940820802,420,9,0,1,0.01,0,0,0,1,1,1,1,1,0,1,0,0,0,0,0,0,0,0,0,0,0
-0.665834635019681,420,10,0,1,0.01,0,0,0,1,1,1,1,1,0,1,0,0,0,0,0,0,0,0,0,0,0
2.27731797465268,421,1,0,2,0.0512710963760241,0,1,1,0,0,0,1,1,0,0,0,0,0,0,0,0,0,0,0,0,0
-0.295006873494509,421,2,0,2,0.105170918075648,0,1,1,0,0,0,1,1,0,0,0,0,0,0,0,0,0,0,0,0,0
2.20477917728875,421,3,0,2,0.161834242728283,0,1,1,0,0,0,1,1,0,0,0,0,0,0,0,0,0,0,0,0,0
-1.04774624492295,421,4,0,2,0.22140275816017,0,1,1,0,0,0,1,1,0,0,0,0,0,0,0,0,0,0,0,0,0
0.710691448245367,421,5,0,2,0.284025416687741,0,1,1,0,0,0,1,1,0,0,0,0,0,0,0,0,0,0,0,0,0
2.19942437534925,421,6,0,2,0.349858807576003,0,1,1,0,0,0,1,1,0,0,0,0,0,0,0,0,0,0,0,0,0
3.06225434548562,421,7,0,2,0.419067548593257,0,1,1,0,0,0,1,1,0,0,0,0,0,0,0,0,0,0,0,0,0
1.3606746790276,421,8,0,2,0.49182469764127,0,1,1,0,0,0,1,1,0,0,0,0,0,0,0,0,0,0,0,0,0
2.18467861829449,421,9,0,2,0.568312185490169,0,1,1,0,0,0,1,1,0,0,0,0,0,0,0,0,0,0,0,0,0
4.00099808061091,421,10,0,2,0.648721270700128,0,1,1,0,0,0,1,1,0,0,0,0,0,0,0,0,0,0,0,0,0
-0.65876876050571,422,1,0,2,0.0512710963760241,1,1,0,0,0,0,1,0,0,0,0,0,0,0,0,0,0,0,0,0,0
1.18459858659316,422,2,0,2,0.105170918075648,1,1,0,0,0,0,1,0,0,0,0,0,0,0,0,0,0,0,0,0,0
1.68420522842136,422,3,0,2,0.161834242728283,1,1,0,0,0,0,1,0,0,0,0,0,0,0,0,0,0,0,0,0,0
1.58830989983946,422,4,0,2,0.22140275816017,1,1,0,0,0,0,1,0,0,0,0,0,0,0,0,0,0,0,0,0,0
-0.232164001331421,422,5,0,2,0.284025416687741,1,1,0,0,0,0,1,0,0,0,0,0,0,0,0,0,0,0,0,0,0
1.93575471697922,422,6,0,2,0.349858807576003,1,1,0,0,0,0,1,0,0,0,0,0,0,0,0,0,0,0,0,0,0
3.33234023786966,422,7,0,2,0.419067548593257,1,1,0,0,0,0,1,0,0,0,0,0,0,0,0,0,0,0,0,0,0
1.55068308923022,422,8,0,2,0.49182469764127,1,1,0,0,0,0,1,0,0,0,0,0,0,0,0,0,0,0,0,0,0
2.38294795922267,422,9,0,2,0.568312185490169,1,1,0,0,0,0,1,0,0,0,0,0,0,0,0,0,0,0,0,0,0
1.60633776195895,422,10,0,2,0.648721270700128,1,1,0,0,0,0,1,0,0,0,0,0,0,0,0,0,0,0,0,0,0
1.38678901840626,423,1,0,1,0.01,1,0,1,0,0,0,0,1,1,1,0,0,0,0,0,0,0,0,0,0,0
-0.620691364409096,423,2,0,1,0.01,1,0,1,0,0,0,0,1,1,1,0,0,0,0,0,0,0,0,0,0,0
-0.475913951000891,423,3,0,1,0.01,1,0,1,0,0,0,0,1,1,1,0,0,0,0,0,0,0,0,0,0,0
1.10221832283359,423,4,0,1,0.01,1,0,1,0,0,0,0,1,1,1,0,0,0,0,0,0,0,0,0,0,0
-0.829770029447957,423,5,0,1,0.01,1,0,1,0,0,0,0,1,1,1,0,0,0,0,0,0,0,0,0,0,0
-0.331232013956297,423,6,0,1,0.01,1,0,1,0,0,0,0,1,1,1,0,0,0,0,0,0,0,0,0,0,0
0.193328436092443,423,7,0,1,0.01,1,0,1,0,0,0,0,1,1,1,0,0,0,0,0,0,0,0,0,0,0
-0.103874317211071,423,8,0,1,0.01,1,0,1,0,0,0,0,1,1,1,0,0,0,0,0,0,0,0,0,0,0
0.291071950850496,423,9,0,1,0.01,1,0,1,0,0,0,0,1,1,1,0,0,0,0,0,0,0,0,0,0,0
0.557960844497603,423,10,0,1,0.01,1,0,1,0,0,0,0,1,1,1,0,0,0,0,0,0,0,0,0,0,0
0.372032401370563,424,1,0,1,0.01,1,1,1,1,1,1,0,0,0,1,0,0,0,0,1,0,0,0,0,0,0
-0.211610307739523,424,2,0,1,0.01,1,1,1,1,1,1,0,0,0,1,0,0,0,1,0,0,0,0,0,0,0
-0.59315753672295,424,3,0,1,0.01,1,1,1,1,1,1,0,0,0,1,0,0,1,0,0,0,0,0,0,0,0
1.20970838794173,424,4,0,1,0.01,1,1,1,1,1,1,0,0,0,1,0,1,0,0,0,0,0,0,0,0,0
-0.587741540621716,424,5,0,1,0.01,1,1,1,1,1,1,0,0,0,1,1,0,0,0,0,0,0,0,0,0,0
0.366823960276124,424,6,0,1,0.01,1,1,1,1,1,1,0,0,0,1,0,0,0,0,0,0,1,0,0,0,0
0.259608945233388,424,7,0,1,0.01,1,1,1,1,1,1,0,0,0,1,0,0,0,0,0,0,0,1,0,0,0
1.25346085622428,424,8,0,1,0.01,1,1,1,1,1,1,0,0,0,1,0,0,0,0,0,0,0,0,1,0,0
1.18359825585539,424,9,0,1,0.01,1,1,1,1,1,1,0,0,0,1,0,0,0,0,0,0,0,0,0,1,0
0.0643041228332133,424,10,0,1,0.01,1,1,1,1,1,1,0,0,0,1,0,0,0,0,0,0,0,0,0,0,1
-0.748470520438568,425,1,0,2,0.0512710963760241,1,1,1,0,1,1,0,1,0,1,0,0,0,0,0,0,0,0,0,0,0
-0.0827686561203415,425,2,0,2,0.105170918075648,1,1,1,0,1,1,0,1,0,1,0,0,0,0,0,0,0,0,0,0,0
0.0386408412613892,425,3,0,2,0.161834242728283,1,1,1,0,1,1,0,1,0,1,0,0,0,0,0,0,0,0,0,0,0
1.71081816750078,425,4,0,2,0.22140275816017,1,1,1,0,1,1,0,1,0,1,0,0,0,0,0,0,0,0,0,0,0
2.90543030867223,425,5,0,2,0.284025416687741,1,1,1,0,1,1,0,1,0,1,0,0,0,0,0,0,0,0,0,0,0
1.06957531689181,425,6,0,2,0.349858807576003,1,1,1,0,1,1,0,1,0,1,0,0,0,0,0,0,0,0,0,0,0
-0.703250920191238,425,7,0,2,0.419067548593257,1,1,1,0,1,1,0,1,0,1,0,0,0,0,0,0,0,0,0,0,0
3.12604255647561,425,8,0,2,0.49182469764127,1,1,1,0,1,1,0,1,0,1,0,0,0,0,0,0,0,0,0,0,0
1.1367226011184,425,9,0,2,0.568312185490169,1,1,1,0,1,1,0,1,0,1,0,0,0,0,0,0,0,0,0,0,0
5.36290163811924,425,10,0,2,0.648721270700128,1,1,1,0,1,1,0,1,0,1,0,0,0,0,0,0,0,0,0,0,0
0.989255362138813,426,1,0,1,0.01,1,1,1,0,0,1,0,0,0,0,0,0,0,0,0,0,0,0,0,0,0
-1.49732484950966,426,2,0,1,0.01,1,1,1,0,0,1,0,0,0,0,0,0,0,0,0,0,0,0,0,0,0
0.350800062482249,426,3,0,1,0.01,1,1,1,0,0,1,0,0,0,0,0,0,0,0,0,0,0,0,0,0,0
-0.515623622510346,426,4,0,1,0.01,1,1,1,0,0,1,0,0,0,0,0,0,0,0,0,0,0,0,0,0,0
-1.00630897076159,426,5,0,1,0.01,1,1,1,0,0,1,0,0,0,0,0,0,0,0,0,0,0,0,0,0,0
-0.409259949981634,426,6,0,1,0.01,1,1,1,0,0,1,0,0,0,0,0,0,0,0,0,0,0,0,0,0,0
-0.218738908454204,426,7,0,1,0.01,1,1,1,0,0,1,0,0,0,0,0,0,0,0,0,0,0,0,0,0,0
-0.876287829448562,426,8,0,1,0.01,1,1,1,0,0,1,0,0,0,0,0,0,0,0,0,0,0,0,0,0,0
0.323205590347748,426,9,0,1,0.01,1,1,1,0,0,1,0,0,0,0,0,0,0,0,0,0,0,0,0,0,0
0.656160700289805,426,10,0,1,0.01,1,1,1,0,0,1,0,0,0,0,0,0,0,0,0,0,0,0,0,0,0
2.12268854868257,427,1,0,3,0.127496851579376,0,0,1,0,0,1,1,0,1,0,0,0,0,0,0,0,0,0,0,0,0
2.35829344586854,427,2,0,3,0.271249150321405,0,0,1,0,0,1,1,0,1,0,0,0,0,0,0,1,0,0,0,0,0
2.55460297376526,427,3,0,3,0.43332941456034,0,0,1,0,0,1,1,0,1,0,0,0,0,0,1,0,0,0,0,0,0
3.49322414542945,427,4,0,3,0.616074402192893,0,0,1,0,0,1,1,0,1,0,0,0,0,1,0,0,0,0,0,0,0
3.57662642490983,427,5,0,3,0.822118800390509,0,0,1,0,0,1,1,0,1,0,0,0,1,0,0,0,0,0,0,0,0
5.49858436220357,427,6,0,3,1.05443321064389,0,0,1,0,0,1,1,0,1,0,0,1,0,0,0,0,0,0,0,0,0
7.06469825789109,427,7,0,3,1.31636697678109,0,0,1,0,0,1,1,0,1,0,1,0,0,0,0,0,0,0,0,0,0
8.81790270227467,427,8,0,3,1.61169647342312,0,0,1,0,0,1,1,0,1,0,0,0,0,0,0,0,1,0,0,0,0
10.2305311901327,427,9,0,3,1.94467955106552,0,0,1,0,0,1,1,0,1,0,0,0,0,0,0,0,0,1,0,0,0
13.6943540066292,427,10,0,3,2.32011692273655,0,0,1,0,0,1,1,0,1,0,0,0,0,0,0,0,0,0,1,0,0
-0.0830894120324981,428,1,0,1,0.01,1,1,0,1,1,1,1,0,1,0,0,0,0,1,0,0,0,0,0,0,0
-0.719695804959413,428,2,0,1,0.01,1,1,0,1,1,1,1,0,1,0,0,0,1,0,0,0,0,0,0,0,0
0.75011325576478,428,3,0,1,0.01,1,1,0,1,1,1,1,0,1,0,0,1,0,0,0,0,0,0,0,0,0
0.632958791174064,428,4,0,1,0.01,1,1,0,1,1,1,1,0,1,0,1,0,0,0,0,0,0,0,0,0,0
0.794439319389804,428,5,0,1,0.01,1,1,0,1,1,1,1,0,1,0,0,0,0,0,0,0,1,0,0,0,0
0.494205195654318,428,6,0,1,0.01,1,1,0,1,1,1,1,0,1,0,0,0,0,0,0,0,0,1,0,0,0
-0.881702514846036,428,7,0,1,0.01,1,1,0,1,1,1,1,0,1,0,0,0,0,0,0,0,0,0,1,0,0
-0.587875684036195,428,8,0,1,0.01,1,1,0,1,1,1,1,0,1,0,0,0,0,0,0,0,0,0,0,1,0
1.12070014389944,428,9,0,1,0.01,1,1,0,1,1,1,1,0,1,0,0,0,0,0,0,0,0,0,0,0,1
-1.07920033418574,428,10,0,1,0.01,1,1,0,1,1,1,1,0,1,0,0,0,0,0,0,0,0,0,0,0,0
-0.286344130725822,429,1,0,1,0.01,0,1,0,1,1,0,0,1,1,0,0,0,0,0,0,0,0,0,0,0,0
-0.65648351184839,429,2,0,1,0.01,0,1,0,1,1,0,0,1,1,0,0,0,0,0,0,0,0,0,0,0,0
-1.65039515508008,429,3,0,1,0.01,0,1,0,1,1,0,0,1,1,0,0,0,0,0,0,0,0,0,0,0,0
-0.161237154290707,429,4,0,1,0.01,0,1,0,1,1,0,0,1,1,0,0,0,0,0,0,0,0,0,0,0,0
0.970185557498035,429,5,0,1,0.01,0,1,0,1,1,0,0,1,1,0,0,0,0,0,0,0,0,0,0,0,0
-1.51817333367572,429,6,0,1,0.01,0,1,0,1,1,0,0,1,1,0,0,0,0,0,0,0,0,0,0,0,0
-1.43559481435518,429,7,0,1,0.01,0,1,0,1,1,0,0,1,1,0,0,0,0,0,0,0,0,0,0,0,0
-1.83325667839164,429,8,0,1,0.01,0,1,0,1,1,0,0,1,1,0,0,0,0,0,0,0,0,0,0,0,0
0.183972273010741,429,9,0,1,0.01,0,1,0,1,1,0,0,1,1,0,0,0,0,0,0,0,0,0,0,0,0
2.95932601201993,429,10,0,1,0.01,0,1,0,1,1,0,0,1,1,0,0,0,0,0,0,0,0,0,0,0,0
0.0478260976148143,430,1,0,2,0.0512710963760241,1,0,0,1,1,0,0,1,1,1,0,0,0,0,0,0,0,0,0,0,0
-0.579792259755731,430,2,0,2,0.105170918075648,1,0,0,1,1,0,0,1,1,1,0,0,0,0,0,0,0,0,0,0,0
-0.982486490640858,430,3,0,2,0.161834242728283,1,0,0,1,1,0,0,1,1,1,0,0,0,0,0,0,0,0,0,0,0
1.49748279835938,430,4,0,2,0.22140275816017,1,0,0,1,1,0,0,1,1,1,0,0,0,0,0,0,0,0,0,0,0
0.176272569317604,430,5,0,2,0.284025416687741,1,0,0,1,1,0,0,1,1,1,0,0,0,0,0,0,0,0,0,0,0
0.849164346347467,430,6,0,2,0.349858807576003,1,0,0,1,1,0,0,1,1,1,0,0,0,0,0,0,0,0,0,0,0
3.2085091092728,430,7,0,2,0.419067548593257,1,0,0,1,1,0,0,1,1,1,0,0,0,0,0,0,0,0,0,0,0
2.61251498751313,430,8,0,2,0.49182469764127,1,0,0,1,1,0,0,1,1,1,0,0,0,0,0,0,0,0,0,0,0
3.4237257696923,430,9,0,2,0.568312185490169,1,0,0,1,1,0,0,1,1,1,0,0,0,0,0,0,0,0,0,0,0
1.6220687295552,430,10,0,2,0.648721270700128,1,0,0,1,1,0,0,1,1,1,0,0,0,0,0,0,0,0,0,0,0
-0.019473392227028,431,1,0,3,0.127496851579376,0,1,1,0,1,0,0,1,1,0,0,0,0,0,0,1,0,0,0,0,0
-1.16145140267789,431,2,0,3,0.271249150321405,0,1,1,0,1,0,0,1,1,0,0,0,0,0,1,0,0,0,0,0,0
1.80712502893994,431,3,0,3,0.43332941456034,0,1,1,0,1,0,0,1,1,0,0,0,0,1,0,0,0,0,0,0,0
3.88905947730248,431,4,0,3,0.616074402192893,0,1,1,0,1,0,0,1,1,0,0,0,1,0,0,0,0,0,0,0,0
3.85652233680368,431,5,0,3,0.822118800390509,0,1,1,0,1,0,0,1,1,0,0,1,0,0,0,0,0,0,0,0,0
5.24572217820114,431,6,0,3,1.05443321064389,0,1,1,0,1,0,0,1,1,0,1,0,0,0,0,0,0,0,0,0,0
6.09457883060593,431,7,0,3,1.31636697678109,0,1,1,0,1,0,0,1,1,0,0,0,0,0,0,0,1,0,0,0,0
8.32515800879852,431,8,0,3,1.61169647342312,0,1,1,0,1,0,0,1,1,0,0,0,0,0,0,0,0,1,0,0,0
10.1825741510988,431,9,0,3,1.94467955106552,0,1,1,0,1,0,0,1,1,0,0,0,0,0,0,0,0,0,1,0,0
12.3403556972642,431,10,0,3,2.32011692273655,0,1,1,0,1,0,0,1,1,0,0,0,0,0,0,0,0,0,0,1,0
0.195556135828209,432,1,0,1,0.01,1,0,1,1,1,1,0,0,1,1,0,0,0,0,1,0,0,0,0,0,0
-0.472761180675487,432,2,0,1,0.01,1,0,1,1,1,1,0,0,1,1,0,0,0,1,0,0,0,0,0,0,0
-0.57266194411428,432,3,0,1,0.01,1,0,1,1,1,1,0,0,1,1,0,0,1,0,0,0,0,0,0,0,0
0.767427471413024,432,4,0,1,0.01,1,0,1,1,1,1,0,0,1,1,0,1,0,0,0,0,0,0,0,0,0
-0.133892002485941,432,5,0,1,0.01,1,0,1,1,1,1,0,0,1,1,1,0,0,0,0,0,0,0,0,0,0
0.534545689946539,432,6,0,1,0.01,1,0,1,1,1,1,0,0,1,1,0,0,0,0,0,0,1,0,0,0,0
-1.77231225074163,432,7,0,1,0.01,1,0,1,1,1,1,0,0,1,1,0,0,0,0,0,0,0,1,0,0,0
-1.42528999713378,432,8,0,1,0.01,1,0,1,1,1,1,0,0,1,1,0,0,0,0,0,0,0,0,1,0,0
0.586737006772529,432,9,0,1,0.01,1,0,1,1,1,1,0,0,1,1,0,0,0,0,0,0,0,0,0,1,0
2.26858527186155,432,10,0,1,0.01,1,0,1,1,1,1,0,0,1,1,0,0,0,0,0,0,0,0,0,0,1
-0.527125642137971,433,1,0,1,0.01,1,0,1,0,0,1,0,1,0,1,0,0,0,0,0,0,0,0,0,0,0
-0.307456828187846,433,2,0,1,0.01,1,0,1,0,0,1,0,1,0,1,0,0,0,0,0,0,0,0,0,0,0
-0.229636055864653,433,3,0,1,0.01,1,0,1,0,0,1,0,1,0,1,0,0,0,0,0,0,0,0,0,0,0
-0.580200192758514,433,4,0,1,0.01,1,0,1,0,0,1,0,1,0,1,0,0,0,0,0,0,0,0,0,0,0
0.729741529093655,433,5,0,1,0.01,1,0,1,0,0,1,0,1,0,1,0,0,0,0,0,0,0,0,0,0,0
0.312482898086329,433,6,0,1,0.01,1,0,1,0,0,1,0,1,0,1,0,0,0,0,0,0,0,0,0,0,0
-0.685369540349476,433,7,0,1,0.01,1,0,1,0,0,1,0,1,0,1,0,0,0,0,0,0,0,0,0,0,0
-1.98332302819476,433,8,0,1,0.01,1,0,1,0,0,1,0,1,0,1,0,0,0,0,0,0,0,0,0,0,0
-0.0698792353224068,433,9,0,1,0.01,1,0,1,0,0,1,0,1,0,1,0,0,0,0,0,0,0,0,0,0,0
-1.8832195536663,433,10,0,1,0.01,1,0,1,0,0,1,0,1,0,1,0,0,0,0,0,0,0,0,0,0,0
0.569766571956559,434,1,0,1,0.01,1,1,1,0,1,1,1,1,0,0,0,0,1,0,0,0,0,0,0,0,0
1.8391135526829,434,2,0,1,0.01,1,1,1,0,1,1,1,1,0,0,0,1,0,0,0,0,0,0,0,0,0
-1.0762152674104,434,3,0,1,0.01,1,1,1,0,1,1,1,1,0,0,1,0,0,0,0,0,0,0,0,0,0
1.47274806481159,434,4,0,1,0.01,1,1,1,0,1,1,1,1,0,0,0,0,0,0,0,0,1,0,0,0,0
-1.25405696979434,434,5,0,1,0.01,1,1,1,0,1,1,1,1,0,0,0,0,0,0,0,0,0,1,0,0,0
-0.0445800430340276,434,6,0,1,0.01,1,1,1,0,1,1,1,1,0,0,0,0,0,0,0,0,0,0,1,0,0
2.15929375884706,434,7,0,1,0.01,1,1,1,0,1,1,1,1,0,0,0,0,0,0,0,0,0,0,0,1,0
0.745028215792426,434,8,0,1,0.01,1,1,1,0,1,1,1,1,0,0,0,0,0,0,0,0,0,0,0,0,1
-0.836234507335312,434,9,0,1,0.01,1,1,1,0,1,1,1,1,0,0,0,0,0,0,0,0,0,0,0,0,0
0.368579335178145,434,10,0,1,0.01,1,1,1,0,1,1,1,1,0,0,0,0,0,0,0,0,0,0,0,0,0
-1.18899266179769,435,1,0,1,0.01,1,0,0,1,1,0,1,0,0,1,0,0,0,0,0,0,0,0,0,0,0
-1.19600406593505,435,2,0,1,0.01,1,0,0,1,1,0,1,0,0,1,0,0,0,0,0,0,0,0,0,0,0
0.480975501983835,435,3,0,1,0.01,1,0,0,1,1,0,1,0,0,1,0,0,0,0,0,0,0,0,0,0,0
1.63968737296276,435,4,0,1,0.01,1,0,0,1,1,0,1,0,0,1,0,0,0,0,0,0,0,0,0,0,0
-0.594960633311754,435,5,0,1,0.01,1,0,0,1,1,0,1,0,0,1,0,0,0,0,0,0,0,0,0,0,0
0.0407499636135633,435,6,0,1,0.01,1,0,0,1,1,0,1,0,0,1,0,0,0,0,0,0,0,0,0,0,0
0.960575843704042,435,7,0,1,0.01,1,0,0,1,1,0,1,0,0,1,0,0,0,0,0,0,0,0,0,0,0
0.42005747127442,435,8,0,1,0.01,1,0,0,1,1,0,1,0,0,1,0,0,0,0,0,0,0,0,0,0,0
-0.676826998159787,435,9,0,1,0.01,1,0,0,1,1,0,1,0,0,1,0,0,0,0,0,0,0,0,0,0,0
1.04705967922225,435,10,0,1,0.01,1,0,0,1,1,0,1,0,0,1,0,0,0,0,0,0,0,0,0,0,0
0.387384066357712,436,1,0,2,0.0512710963760241,0,0,0,0,1,0,1,1,0,0,0,0,0,0,0,0,0,0,0,0,0
0.68449841931743,436,2,0,2,0.105170918075648,0,0,0,0,1,0,1,1,0,0,0,0,0,0,0,0,0,0,0,0,0
0.909836157695502,436,3,0,2,0.161834242728283,0,0,0,0,1,0,1,1,0,0,0,0,0,0,0,0,0,0,0,0,0
1.0010115012183,436,4,0,2,0.22140275816017,0,0,0,0,1,0,1,1,0,0,0,0,0,0,0,0,0,0,0,0,0
1.53946829815428,436,5,0,2,0.284025416687741,0,0,0,0,1,0,1,1,0,0,0,0,0,0,0,0,0,0,0,0,0
0.304932137448886,436,6,0,2,0.349858807576003,0,0,0,0,1,0,1,1,0,0,0,0,0,0,0,0,0,0,0,0,0
2.87935881497366,436,7,0,2,0.419067548593257,0,0,0,0,1,0,1,1,0,0,0,0,0,0,0,0,0,0,0,0,0
2.12805554294141,436,8,0,2,0.49182469764127,0,0,0,0,1,0,1,1,0,0,0,0,0,0,0,0,0,0,0,0,0
3.36041093744886,436,9,0,2,0.568312185490169,0,0,0,0,1,0,1,1,0,0,0,0,0,0,0,0,0,0,0,0,0
3.33606401461654,436,10,0,2,0.648721270700128,0,0,0,0,1,0,1,1,0,0,0,0,0,0,0,0,0,0,0,0,0
-1.15612194713298,437,1,0,1,0.01,0,1,1,1,0,1,0,1,0,1,0,0,0,0,0,0,0,0,0,0,0
1.0857172781799,437,2,0,1,0.01,0,1,1,1,0,1,0,1,0,1,0,0,0,0,0,0,0,0,0,0,0
-0.409482233160202,437,3,0,1,0.01,0,1,1,1,0,1,0,1,0,1,0,0,0,0,0,0,0,0,0,0,0
-0.313329974018112,437,4,0,1,0.01,0,1,1,1,0,1,0,1,0,1,0,0,0,0,0,0,0,0,0,0,0
1.02741611996453,437,5,0,1,0.01,0,1,1,1,0,1,0,1,0,1,0,0,0,0,0,0,0,0,0,0,0
0.605773734073192,437,6,0,1,0.01,0,1,1,1,0,1,0,1,0,1,0,0,0,0,0,0,0,0,0,0,0
0.535915039137528,437,7,0,1,0.01,0,1,1,1,0,1,0,1,0,1,0,0,0,0,0,0,0,0,0,0,0
-0.174964918620016,437,8,0,1,0.01,0,1,1,1,0,1,0,1,0,1,0,0,0,0,0,0,0,0,0,0,0
1.32521294161233,437,9,0,1,0.01,0,1,1,1,0,1,0,1,0,1,0,0,0,0,0,0,0,0,0,0,0
-0.395650090464006,437,10,0,1,0.01,0,1,1,1,0,1,0,1,0,1,0,0,0,0,0,0,0,0,0,0,0
-0.384589649974776,438,1,0,2,0.0512710963760241,1,0,0,0,1,1,0,1,1,0,0,0,0,0,0,0,0,0,0,0,0
0.0199472460071015,438,2,0,2,0.105170918075648,1,0,0,0,1,1,0,1,1,0,0,0,0,0,0,0,0,0,0,0,0
1.59587494398641,438,3,0,2,0.161834242728283,1,0,0,0,1,1,0,1,1,0,0,0,0,0,0,1,0,0,0,0,0
2.55474024263103,438,4,0,2,0.22140275816017,1,0,0,0,1,1,0,1,1,0,0,0,0,0,1,0,0,0,0,0,0
-0.332675295350012,438,5,0,2,0.284025416687741,1,0,0,0,1,1,0,1,1,0,0,0,0,1,0,0,0,0,0,0,0
2.74929502645833,438,6,0,2,0.349858807576003,1,0,0,0,1,1,0,1,1,0,0,0,1,0,0,0,0,0,0,0,0
2.29046981792473,438,7,0,2,0.419067548593257,1,0,0,0,1,1,0,1,1,0,0,1,0,0,0,0,0,0,0,0,0
2.98829518356428,438,8,0,2,0.49182469764127,1,0,0,0,1,1,0,1,1,0,1,0,0,0,0,0,0,0,0,0,0
3.25241454294094,438,9,0,2,0.568312185490169,1,0,0,0,1,1,0,1,1,0,0,0,0,0,0,0,1,0,0,0,0
2.80414617762824,438,10,0,2,0.648721270700128,1,0,0,0,1,1,0,1,1,0,0,0,0,0,0,0,0,1,0,0,0
1.70776058964289,439,1,0,2,0.0512710963760241,1,0,0,1,1,0,0,0,1,0,0,0,0,0,0,0,0,0,0,0,0
0.588584306985531,439,2,0,2,0.105170918075648,1,0,0,1,1,0,0,0,1,0,0,0,0,0,0,0,0,0,0,0,0
0.291579643315074,439,3,0,2,0.161834242728283,1,0,0,1,1,0,0,0,1,0,0,0,0,0,0,0,0,0,0,0,0
1.2178021388355,439,4,0,2,0.22140275816017,1,0,0,1,1,0,0,0,1,0,0,0,0,0,0,0,0,0,0,0,0
3.23365963170915,439,5,0,2,0.284025416687741,1,0,0,1,1,0,0,0,1,0,0,0,0,0,0,0,0,0,0,0,0
2.48044589745924,439,6,0,2,0.349858807576003,1,0,0,1,1,0,0,0,1,0,0,0,0,0,0,0,0,0,0,0,0
1.68822037521632,439,7,0,2,0.419067548593257,1,0,0,1,1,0,0,0,1,0,0,0,0,0,0,0,0,0,0,0,0
1.33847389633243,439,8,0,2,0.49182469764127,1,0,0,1,1,0,0,0,1,0,0,0,0,0,0,0,0,0,0,0,0
1.55374370566616,439,9,0,2,0.568312185490169,1,0,0,1,1,0,0,0,1,0,0,0,0,0,0,0,0,0,0,0,0
3.81474070847099,439,10,0,2,0.648721270700128,1,0,0,1,1,0,0,0,1,0,0,0,0,0,0,0,0,0,0,0,0
1.26926845176051,440,1,0,2,0.0512710963760241,0,1,0,1,0,0,0,1,0,1,0,0,0,0,0,0,0,0,0,0,0
-2.12999516308123,440,2,0,2,0.105170918075648,0,1,0,1,0,0,0,1,0,1,0,0,0,0,0,0,0,0,0,0,0
1.07288990569669,440,3,0,2,0.161834242728283,0,1,0,1,0,0,0,1,0,1,0,0,0,0,0,0,0,0,0,0,0
0.26245026205476,440,4,0,2,0.22140275816017,0,1,0,1,0,0,0,1,0,1,0,0,0,0,0,0,0,0,0,0,0
1.45553965426149,440,5,0,2,0.284025416687741,0,1,0,1,0,0,0,1,0,1,0,0,0,0,0,0,0,0,0,0,0
2.72597533773807,440,6,0,2,0.349858807576003,0,1,0,1,0,0,0,1,0,1,0,0,0,0,0,0,0,0,0,0,0
3.11493000342068,440,7,0,2,0.419067548593257,0,1,0,1,0,0,0,1,0,1,0,0,0,0,0,0,0,0,0,0,0
4.04798284042675,440,8,0,2,0.49182469764127,0,1,0,1,0,0,0,1,0,1,0,0,0,0,0,0,0,0,0,0,0
3.57817694272366,440,9,0,2,0.568312185490169,0,1,0,1,0,0,0,1,0,1,0,0,0,0,0,0,0,0,0,0,0
2.45382832455999,440,10,0,2,0.648721270700128,0,1,0,1,0,0,0,1,0,1,0,0,0,0,0,0,0,0,0,0,0
0.0242330792876659,441,1,0,2,0.0512710963760241,0,1,1,1,1,1,1,0,0,0,0,0,0,0,0,0,0,0,0,0,0
0.632227227498696,441,2,0,2,0.105170918075648,0,1,1,1,1,1,1,0,0,0,0,0,0,0,0,0,0,0,0,0,0
2.8714187409912,441,3,0,2,0.161834242728283,0,1,1,1,1,1,1,0,0,0,0,0,0,0,0,0,0,0,0,0,0
1.8345994316399,441,4,0,2,0.22140275816017,0,1,1,1,1,1,1,0,0,0,0,0,0,0,0,0,0,0,0,0,0
0.971489428469792,441,5,0,2,0.284025416687741,0,1,1,1,1,1,1,0,0,0,0,0,0,0,0,0,0,0,0,0,0
2.11386209396849,441,6,0,2,0.349858807576003,0,1,1,1,1,1,1,0,0,0,0,0,0,0,0,0,0,0,0,0,0
3.38830464556215,441,7,0,2,0.419067548593257,0,1,1,1,1,1,1,0,0,0,0,0,0,0,0,0,0,0,0,0,0
0.836748100723754,441,8,0,2,0.49182469764127,0,1,1,1,1,1,1,0,0,0,0,0,0,0,0,0,0,0,0,0,0
3.17905951306743,441,9,0,2,0.568312185490169,0,1,1,1,1,1,1,0,0,0,0,0,0,0,0,0,0,0,0,0,0
3.09067726055526,441,10,0,2,0.648721270700128,0,1,1,1,1,1,1,0,0,0,0,0,0,0,0,0,0,0,0,0,0
0.593709141969449,442,1,0,2,0.0512710963760241,1,1,0,0,0,1,1,1,0,0,0,0,0,0,0,0,0,0,0,0,0
1.25646439116998,442,2,0,2,0.105170918075648,1,1,0,0,0,1,1,1,0,0,0,0,0,0,0,0,0,0,0,0,0
0.824919680936697,442,3,0,2,0.161834242728283,1,1,0,0,0,1,1,1,0,0,0,0,0,0,0,0,0,0,0,0,0
0.357816332490443,442,4,0,2,0.22140275816017,1,1,0,0,0,1,1,1,0,0,0,0,0,0,0,0,0,0,0,0,0
1.89175733296529,442,5,0,2,0.284025416687741,1,1,0,0,0,1,1,1,0,0,0,0,0,0,0,0,0,0,0,0,0
0.00848448000720592,442,6,0,2,0.349858807576003,1,1,0,0,0,1,1,1,0,0,0,0,0,0,0,0,0,0,0,0,0
1.20265198882978,442,7,0,2,0.419067548593257,1,1,0,0,0,1,1,1,0,0,0,0,0,0,0,0,0,0,0,0,0
3.62709803693893,442,8,0,2,0.49182469764127,1,1,0,0,0,1,1,1,0,0,0,0,0,0,0,0,0,0,0,0,0
2.08323112660115,442,9,0,2,0.568312185490169,1,1,0,0,0,1,1,1,0,0,0,0,0,0,0,0,0,0,0,0,0
2.39293449299227,442,10,0,2,0.648721270700128,1,1,0,0,0,1,1,1,0,0,0,0,0,0,0,0,0,0,0,0,0
0.332087346366219,443,1,0,1,0.01,1,1,1,0,0,1,1,0,1,1,0,0,0,0,0,0,0,0,0,0,0
2.30094603523567,443,2,0,1,0.01,1,1,1,0,0,1,1,0,1,1,0,0,0,0,0,0,0,0,0,0,0
0.425346662255005,443,3,0,1,0.01,1,1,1,0,0,1,1,0,1,1,0,0,0,0,0,0,0,0,0,0,0
-0.859845760729011,443,4,0,1,0.01,1,1,1,0,0,1,1,0,1,1,0,0,0,0,0,0,0,0,0,0,0
2.55908676805917,443,5,0,1,0.01,1,1,1,0,0,1,1,0,1,1,0,0,0,0,0,0,0,0,0,0,0
0.225563161213114,443,6,0,1,0.01,1,1,1,0,0,1,1,0,1,1,0,0,0,0,0,0,0,0,0,0,0
0.0426072197352968,443,7,0,1,0.01,1,1,1,0,0,1,1,0,1,1,0,0,0,0,0,0,0,0,0,0,0
0.803227477891232,443,8,0,1,0.01,1,1,1,0,0,1,1,0,1,1,0,0,0,0,0,0,0,0,0,0,0
0.566112922952187,443,9,0,1,0.01,1,1,1,0,0,1,1,0,1,1,0,0,0,0,0,0,0,0,0,0,0
-0.0266567967336837,443,10,0,1,0.01,1,1,1,0,0,1,1,0,1,1,0,0,0,0,0,0,0,0,0,0,0
0.377592023996345,444,1,0,1,0.01,1,0,1,0,0,1,1,0,1,0,0,0,0,0,0,0,0,0,0,0,0
0.588488806143429,444,2,0,1,0.01,1,0,1,0,0,1,1,0,1,0,0,0,0,0,0,0,0,0,0,0,0
-0.251141157318628,444,3,0,1,0.01,1,0,1,0,0,1,1,0,1,0,0,0,0,0,0,0,0,0,0,0,0
0.0436001666013562,444,4,0,1,0.01,1,0,1,0,0,1,1,0,1,0,0,0,0,0,0,0,0,0,0,0,0
-0.480491100162778,444,5,0,1,0.01,1,0,1,0,0,1,1,0,1,0,0,0,0,0,0,0,0,0,0,0,0
-3.70498338534755,444,6,0,1,0.01,1,0,1,0,0,1,1,0,1,0,0,0,0,0,0,0,0,0,0,0,0
-0.48552526762177,444,7,0,1,0.01,1,0,1,0,0,1,1,0,1,0,0,0,0,0,0,0,0,0,0,0,0
0.0131212743808129,444,8,0,1,0.01,1,0,1,0,0,1,1,0,1,0,0,0,0,0,0,0,0,0,0,0,0
0.0937272496747287,444,9,0,1,0.01,1,0,1,0,0,1,1,0,1,0,0,0,0,0,0,0,0,0,0,0,0
1.13269871235648,444,10,0,1,0.01,1,0,1,0,0,1,1,0,1,0,0,0,0,0,0,0,0,0,0,0,0
-0.62862211943924,445,1,0,1,0.01,1,0,1,1,0,0,0,1,1,1,0,0,0,0,0,0,0,0,0,0,0
-0.51950645893646,445,2,0,1,0.01,1,0,1,1,0,0,0,1,1,1,0,0,0,0,0,0,0,0,0,0,0
-0.101476785487932,445,3,0,1,0.01,1,0,1,1,0,0,0,1,1,1,0,0,0,0,0,0,0,0,0,0,0
1.21658470489317,445,4,0,1,0.01,1,0,1,1,0,0,0,1,1,1,0,0,0,0,0,0,0,0,0,0,0
-1.19654524051582,445,5,0,1,0.01,1,0,1,1,0,0,0,1,1,1,0,0,0,0,0,0,0,0,0,0,0
0.408686641052107,445,6,0,1,0.01,1,0,1,1,0,0,0,1,1,1,0,0,0,0,0,0,0,0,0,0,0
0.55926722491833,445,7,0,1,0.01,1,0,1,1,0,0,0,1,1,1,0,0,0,0,0,0,0,0,0,0,0
-0.876412004809834,445,8,0,1,0.01,1,0,1,1,0,0,0,1,1,1,0,0,0,0,0,0,0,0,0,0,0
1.06203695362996,445,9,0,1,0.01,1,0,1,1,0,0,0,1,1,1,0,0,0,0,0,0,0,0,0,0,0
0.0349489266381884,445,10,0,1,0.01,1,0,1,1,0,0,0,1,1,1,0,0,0,0,0,0,0,0,0,0,0
-0.338006682676339,446,1,0,2,0.0512710963760241,1,0,0,1,0,0,1,0,0,1,0,0,0,0,0,0,0,0,0,0,0
0.0436005458309353,446,2,0,2,0.105170918075648,1,0,0,1,0,0,1,0,0,1,0,0,0,0,0,0,0,0,0,0,0
-0.454130458555684,446,3,0,2,0.161834242728283,1,0,0,1,0,0,1,0,0,1,0,0,0,0,0,0,0,0,0,0,0
1.2357384778211,446,4,0,2,0.22140275816017,1,0,0,1,0,0,1,0,0,1,0,0,0,0,0,0,0,0,0,0,0
1.54971206262688,446,5,0,2,0.284025416687741,1,0,0,1,0,0,1,0,0,1,0,0,0,0,0,0,0,0,0,0,0
0.871900844763611,446,6,0,2,0.349858807576003,1,0,0,1,0,0,1,0,0,1,0,0,0,0,0,0,0,0,0,0,0
1.36606072727879,446,7,0,2,0.419067548593257,1,0,0,1,0,0,1,0,0,1,0,0,0,0,0,0,0,0,0,0,0
1.67021958812121,446,8,0,2,0.49182469764127,1,0,0,1,0,0,1,0,0,1,0,0,0,0,0,0,0,0,0,0,0
3.75249240906464,446,9,0,2,0.568312185490169,1,0,0,1,0,0,1,0,0,1,0,0,0,0,0,0,0,0,0,0,0
2.84167433811674,446,10,0,2,0.648721270700128,1,0,0,1,0,0,1,0,0,1,0,0,0,0,0,0,0,0,0,0,0
1.55701624463613,447,1,0,1,0.01,0,0,1,1,0,1,1,0,1,0,0,0,0,0,0,0,0,0,0,0,0
-1.3983557700079,447,2,0,1,0.01,0,0,1,1,0,1,1,0,1,0,0,0,0,0,0,0,0,0,0,0,0
-0.0225640706236625,447,3,0,1,0.01,0,0,1,1,0,1,1,0,1,0,0,0,0,0,0,0,0,0,0,0,0
0.991200477930978,447,4,0,1,0.01,0,0,1,1,0,1,1,0,1,0,0,0,0,0,0,0,0,0,0,0,0
-1.50232694772433,447,5,0,1,0.01,0,0,1,1,0,1,1,0,1,0,0,0,0,0,0,0,0,0,0,0,0
-0.511531225091241,447,6,0,1,0.01,0,0,1,1,0,1,1,0,1,0,0,0,0,0,0,0,0,0,0,0,0
1.3603119708188,447,7,0,1,0.01,0,0,1,1,0,1,1,0,1,0,0,0,0,0,0,0,0,0,0,0,0
0.838462473392836,447,8,0,1,0.01,0,0,1,1,0,1,1,0,1,0,0,0,0,0,0,0,0,0,0,0,0
1.33355536060169,447,9,0,1,0.01,0,0,1,1,0,1,1,0,1,0,0,0,0,0,0,0,0,0,0,0,0
-0.226383207608331,447,10,0,1,0.01,0,0,1,1,0,1,1,0,1,0,0,0,0,0,0,0,0,0,0,0,0
2.14162961974564,448,1,0,1,0.01,0,0,0,1,0,0,1,1,0,0,0,0,0,0,0,0,0,0,0,0,0
-0.398300535528449,448,2,0,1,0.01,0,0,0,1,0,0,1,1,0,0,0,0,0,0,0,0,0,0,0,0,0
-0.442228759244191,448,3,0,1,0.01,0,0,0,1,0,0,1,1,0,0,0,0,0,0,0,0,0,0,0,0,0
-1.02838166135855,448,4,0,1,0.01,0,0,0,1,0,0,1,1,0,0,0,0,0,0,0,0,0,0,0,0,0
-1.69163763517153,448,5,0,1,0.01,0,0,0,1,0,0,1,1,0,0,0,0,0,0,0,0,0,0,0,0,0
-0.166016730115093,448,6,0,1,0.01,0,0,0,1,0,0,1,1,0,0,0,0,0,0,0,0,0,0,0,0,0
-1.10983376566726,448,7,0,1,0.01,0,0,0,1,0,0,1,1,0,0,0,0,0,0,0,0,0,0,0,0,0
0.920915985055256,448,8,0,1,0.01,0,0,0,1,0,0,1,1,0,0,0,0,0,0,0,0,0,0,0,0,0
-1.54313636747173,448,9,0,1,0.01,0,0,0,1,0,0,1,1,0,0,0,0,0,0,0,0,0,0,0,0,0
-0.723403312225654,448,10,0,1,0.01,0,0,0,1,0,0,1,1,0,0,0,0,0,0,0,0,0,0,0,0,0
0.257874319883268,449,1,0,1,0.01,1,1,1,1,0,1,0,1,0,0,0,0,0,0,0,0,0,0,0,0,0
-0.618074125528825,449,2,0,1,0.01,1,1,1,1,0,1,0,1,0,0,0,0,0,0,0,0,0,0,0,0,0
-0.876968854346654,449,3,0,1,0.01,1,1,1,1,0,1,0,1,0,0,0,0,0,0,0,0,0,0,0,0,0
-0.967680476593555,449,4,0,1,0.01,1,1,1,1,0,1,0,1,0,0,0,0,0,0,0,0,0,0,0,0,0
0.826039870794878,449,5,0,1,0.01,1,1,1,1,0,1,0,1,0,0,0,0,0,0,0,0,0,0,0,0,0
0.106832937323006,449,6,0,1,0.01,1,1,1,1,0,1,0,1,0,0,0,0,0,0,0,0,0,0,0,0,0
-0.257232524263697,449,7,0,1,0.01,1,1,1,1,0,1,0,1,0,0,0,0,0,0,0,0,0,0,0,0,0
-1.11876003884352,449,8,0,1,0.01,1,1,1,1,0,1,0,1,0,0,0,0,0,0,0,0,0,0,0,0,0
-0.562094407496834,449,9,0,1,0.01,1,1,1,1,0,1,0,1,0,0,0,0,0,0,0,0,0,0,0,0,0
-0.600052110579217,449,10,0,1,0.01,1,1,1,1,0,1,0,1,0,0,0,0,0,0,0,0,0,0,0,0,0
-0.203512882711854,450,1,0,1,0.01,1,0,0,1,0,0,1,0,1,0,0,0,0,0,0,0,0,0,0,0,0
-1.20085187710703,450,2,0,1,0.01,1,0,0,1,0,0,1,0,1,0,0,0,0,0,0,0,0,0,0,0,0
-0.0484241329595125,450,3,0,1,0.01,1,0,0,1,0,0,1,0,1,0,0,0,0,0,0,0,0,0,0,0,0
0.957102048450933,450,4,0,1,0.01,1,0,0,1,0,0,1,0,1,0,0,0,0,0,0,0,0,0,0,0,0
-0.763813011283342,450,5,0,1,0.01,1,0,0,1,0,0,1,0,1,0,0,0,0,0,0,0,0,0,0,0,0
1.63451150829083,450,6,0,1,0.01,1,0,0,1,0,0,1,0,1,0,0,0,0,0,0,0,0,0,0,0,0
0.105828638170863,450,7,0,1,0.01,1,0,0,1,0,0,1,0,1,0,0,0,0,0,0,0,0,0,0,0,0
-1.79186848504029,450,8,0,1,0.01,1,0,0,1,0,0,1,0,1,0,0,0,0,0,0,0,0,0,0,0,0
0.177526005475225,450,9,0,1,0.01,1,0,0,1,0,0,1,0,1,0,0,0,0,0,0,0,0,0,0,0,0
-2.17614379240788,450,10,0,1,0.01,1,0,0,1,0,0,1,0,1,0,0,0,0,0,0,0,0,0,0,0,0
0.520698754462625,451,1,0,1,0.01,1,0,0,0,1,1,1,0,0,0,0,0,0,0,0,0,0,0,0,0,0
0.264017855925224,451,2,0,1,0.01,1,0,0,0,1,1,1,0,0,0,0,0,0,0,0,0,0,0,0,0,0
-1.32380488914428,451,3,0,1,0.01,1,0,0,0,1,1,1,0,0,0,0,0,0,0,0,0,0,0,0,0,0
-1.16052814087239,451,4,0,1,0.01,1,0,0,0,1,1,1,0,0,0,0,0,0,0,0,0,0,0,0,0,0
-0.51775928514923,451,5,0,1,0.01,1,0,0,0,1,1,1,0,0,0,0,0,0,0,0,0,0,0,0,0,0
0.284268035609083,451,6,0,1,0.01,1,0,0,0,1,1,1,0,0,0,0,0,0,0,0,0,0,0,0,0,0
-0.262029099995164,451,7,0,1,0.01,1,0,0,0,1,1,1,0,0,0,0,0,0,0,0,0,0,0,0,0,0
-0.0926292092953368,451,8,0,1,0.01,1,0,0,0,1,1,1,0,0,0,0,0,0,0,0,0,0,0,0,0,0
-0.348236805645071,451,9,0,1,0.01,1,0,0,0,1,1,1,0,0,0,0,0,0,0,0,0,0,0,0,0,0
-1.3131090195918,451,10,0,1,0.01,1,0,0,0,1,1,1,0,0,0,0,0,0,0,0,0,0,0,0,0,0
0.701545373618809,452,1,0,1,0.01,0,0,0,0,0,0,0,0,1,1,0,0,0,0,0,0,0,0,0,0,0
1.69156834892745,452,2,0,1,0.01,0,0,0,0,0,0,0,0,1,1,0,0,0,0,0,0,0,0,0,0,0
-0.0995410147476804,452,3,0,1,0.01,0,0,0,0,0,0,0,0,1,1,0,0,0,0,0,0,0,0,0,0,0
-1.46129121212528,452,4,0,1,0.01,0,0,0,0,0,0,0,0,1,1,0,0,0,0,0,0,0,0,0,0,0
0.460471466105496,452,5,0,1,0.01,0,0,0,0,0,0,0,0,1,1,0,0,0,0,0,0,0,0,0,0,0
0.810108468158306,452,6,0,1,0.01,0,0,0,0,0,0,0,0,1,1,0,0,0,0,0,0,0,0,0,0,0
0.458976702966345,452,7,0,1,0.01,0,0,0,0,0,0,0,0,1,1,0,0,0,0,0,0,0,0,0,0,0
-0.60587977817165,452,8,0,1,0.01,0,0,0,0,0,0,0,0,1,1,0,0,0,0,0,0,0,0,0,0,0
-0.903447203390412,452,9,0,1,0.01,0,0,0,0,0,0,0,0,1,1,0,0,0,0,0,0,0,0,0,0,0
0.396329082709899,452,10,0,1,0.01,0,0,0,0,0,0,0,0,1,1,0,0,0,0,0,0,0,0,0,0,0
0.198345631828364,453,1,0,2,0.0512710963760241,0,1,1,0,1,1,1,0,0,0,0,0,0,0,0,0,0,0,0,0,0
-1.46604919861473,453,2,0,2,0.105170918075648,0,1,1,0,1,1,1,0,0,0,0,0,0,0,0,0,0,0,0,0,0
2.85870621870227,453,3,0,2,0.161834242728283,0,1,1,0,1,1,1,0,0,0,0,0,0,0,0,0,0,0,0,0,0
0.576232409212714,453,4,0,2,0.22140275816017,0,1,1,0,1,1,1,0,0,0,0,0,0,0,0,0,0,0,0,0,0
2.83876316855114,453,5,0,2,0.284025416687741,0,1,1,0,1,1,1,0,0,0,0,0,0,0,0,0,0,0,0,0,0
1.3315692805854,453,6,0,2,0.349858807576003,0,1,1,0,1,1,1,0,0,0,0,0,0,0,0,0,0,0,0,0,0
3.93441387656232,453,7,0,2,0.419067548593257,0,1,1,0,1,1,1,0,0,0,0,0,0,0,0,0,0,0,0,0,0
2.52383654965696,453,8,0,2,0.49182469764127,0,1,1,0,1,1,1,0,0,0,0,0,0,0,0,0,0,0,0,0,0
3.88480288361177,453,9,0,2,0.568312185490169,0,1,1,0,1,1,1,0,0,0,0,0,0,0,0,0,0,0,0,0,0
1.84280034539838,453,10,0,2,0.648721270700128,0,1,1,0,1,1,1,0,0,0,0,0,0,0,0,0,0,0,0,0,0
1.21496963559645,454,1,0,1,0.01,1,1,0,0,0,0,1,1,1,1,0,0,0,0,0,0,0,0,0,0,0
-0.416954728249841,454,2,0,1,0.01,1,1,0,0,0,0,1,1,1,1,0,0,0,0,0,0,0,0,0,0,0
0.796402817551105,454,3,0,1,0.01,1,1,0,0,0,0,1,1,1,1,0,0,0,0,0,0,0,0,0,0,0
-0.817765782518293,454,4,0,1,0.01,1,1,0,0,0,0,1,1,1,1,0,0,0,0,0,0,0,0,0,0,0
-0.628616496266038,454,5,0,1,0.01,1,1,0,0,0,0,1,1,1,1,0,0,0,0,0,0,0,0,0,0,0
1.19923853725044,454,6,0,1,0.01,1,1,0,0,0,0,1,1,1,1,0,0,0,0,0,0,0,0,0,0,0
2.30089311123705,454,7,0,1,0.01,1,1,0,0,0,0,1,1,1,1,0,0,0,0,0,0,0,0,0,0,0
-1.7398178585463,454,8,0,1,0.01,1,1,0,0,0,0,1,1,1,1,0,0,0,0,0,0,0,0,0,0,0
0.811176784681997,454,9,0,1,0.01,1,1,0,0,0,0,1,1,1,1,0,0,0,0,0,0,0,0,0,0,0
-1.56053910190361,454,10,0,1,0.01,1,1,0,0,0,0,1,1,1,1,0,0,0,0,0,0,0,0,0,0,0
0.198253342962406,455,1,0,2,0.0512710963760241,0,0,0,1,1,1,0,1,1,1,0,0,0,0,0,0,0,0,0,0,0
0.488987651425872,455,2,0,2,0.105170918075648,0,0,0,1,1,1,0,1,1,1,0,0,0,0,0,1,0,0,0,0,0
1.02898085440403,455,3,0,2,0.161834242728283,0,0,0,1,1,1,0,1,1,1,0,0,0,0,1,0,0,0,0,0,0
-0.227013611180457,455,4,0,2,0.22140275816017,0,0,0,1,1,1,0,1,1,1,0,0,0,1,0,0,0,0,0,0,0
0.78993568568508,455,5,0,2,0.284025416687741,0,0,0,1,1,1,0,1,1,1,0,0,1,0,0,0,0,0,0,0,0
1.60927602533023,455,6,0,2,0.349858807576003,0,0,0,1,1,1,0,1,1,1,0,1,0,0,0,0,0,0,0,0,0
2.63735489437174,455,7,0,2,0.419067548593257,0,0,0,1,1,1,0,1,1,1,1,0,0,0,0,0,0,0,0,0,0
2.35096237312413,455,8,0,2,0.49182469764127,0,0,0,1,1,1,0,1,1,1,0,0,0,0,0,0,1,0,0,0,0
2.04830908364046,455,9,0,2,0.568312185490169,0,0,0,1,1,1,0,1,1,1,0,0,0,0,0,0,0,1,0,0,0
4.17517466630654,455,10,0,2,0.648721270700128,0,0,0,1,1,1,0,1,1,1,0,0,0,0,0,0,0,0,1,0,0
-0.0710100010021406,456,1,0,1,0.01,1,0,0,1,1,0,0,0,1,0,0,0,0,0,0,0,0,0,0,0,0
-0.693880244994723,456,2,0,1,0.01,1,0,0,1,1,0,0,0,1,0,0,0,0,0,0,0,0,0,0,0,0
1.25750351271486,456,3,0,1,0.01,1,0,0,1,1,0,0,0,1,0,0,0,0,0,0,0,0,0,0,0,0
-0.475254682448537,456,4,0,1,0.01,1,0,0,1,1,0,0,0,1,0,0,0,0,0,0,0,0,0,0,0,0
-0.121098399084616,456,5,0,1,0.01,1,0,0,1,1,0,0,0,1,0,0,0,0,0,0,0,0,0,0,0,0
-0.158227612445227,456,6,0,1,0.01,1,0,0,1,1,0,0,0,1,0,0,0,0,0,0,0,0,0,0,0,0
0.450849328416336,456,7,0,1,0.01,1,0,0,1,1,0,0,0,1,0,0,0,0,0,0,0,0,0,0,0,0
-0.0493695935750331,456,8,0,1,0.01,1,0,0,1,1,0,0,0,1,0,0,0,0,0,0,0,0,0,0,0,0
-1.40473489570846,456,9,0,1,0.01,1,0,0,1,1,0,0,0,1,0,0,0,0,0,0,0,0,0,0,0,0
-0.48694891755361,456,10,0,1,0.01,1,0,0,1,1,0,0,0,1,0,0,0,0,0,0,0,0,0,0,0,0
0.349176094795633,457,1,0,3,0.127496851579376,0,1,0,1,1,0,1,1,0,0,0,0,0,0,0,0,0,0,0,0,0
0.176248203191403,457,2,0,3,0.271249150321405,0,1,0,1,1,0,1,1,0,0,0,0,0,0,0,0,0,0,0,0,0
2.56723852550762,457,3,0,3,0.43332941456034,0,1,0,1,1,0,1,1,0,0,0,0,0,0,0,0,0,0,0,0,0
3.4522295286261,457,4,0,3,0.616074402192893,0,1,0,1,1,0,1,1,0,0,0,0,0,0,0,0,0,0,0,0,0
5.19322426330775,457,5,0,3,0.822118800390509,0,1,0,1,1,0,1,1,0,0,0,0,0,0,0,0,0,0,0,0,0
4.01623068848612,457,6,0,3,1.05443321064389,0,1,0,1,1,0,1,1,0,0,0,0,0,0,0,0,0,0,0,0,0
4.86736225997532,457,7,0,3,1.31636697678109,0,1,0,1,1,0,1,1,0,0,0,0,0,0,0,0,0,0,0,0,0
9.23066402964704,457,8,0,3,1.61169647342312,0,1,0,1,1,0,1,1,0,0,0,0,0,0,0,0,0,0,0,0,0
11.0834233450663,457,9,0,3,1.94467955106552,0,1,0,1,1,0,1,1,0,0,0,0,0,0,0,0,0,0,0,0,0
10.7931633733301,457,10,0,3,2.32011692273655,0,1,0,1,1,0,1,1,0,0,0,0,0,0,0,0,0,0,0,0,0
-0.238335340496184,458,1,0,1,0.01,1,0,0,1,0,0,1,1,0,0,0,0,0,0,0,0,0,0,0,0,0
-0.131059561517005,458,2,0,1,0.01,1,0,0,1,0,0,1,1,0,0,0,0,0,0,0,0,0,0,0,0,0
-0.160480547858541,458,3,0,1,0.01,1,0,0,1,0,0,1,1,0,0,0,0,0,0,0,0,0,0,0,0,0
0.327674918133707,458,4,0,1,0.01,1,0,0,1,0,0,1,1,0,0,0,0,0,0,0,0,0,0,0,0,0
0.0310561901323528,458,5,0,1,0.01,1,0,0,1,0,0,1,1,0,0,0,0,0,0,0,0,0,0,0,0,0
2.28436252981939,458,6,0,1,0.01,1,0,0,1,0,0,1,1,0,0,0,0,0,0,0,0,0,0,0,0,0
-0.231720160151283,458,7,0,1,0.01,1,0,0,1,0,0,1,1,0,0,0,0,0,0,0,0,0,0,0,0,0
-0.667533140430775,458,8,0,1,0.01,1,0,0,1,0,0,1,1,0,0,0,0,0,0,0,0,0,0,0,0,0
0.905064143394253,458,9,0,1,0.01,1,0,0,1,0,0,1,1,0,0,0,0,0,0,0,0,0,0,0,0,0
-0.347104513360971,458,10,0,1,0.01,1,0,0,1,0,0,1,1,0,0,0,0,0,0,0,0,0,0,0,0,0
-0.934322194687306,459,1,0,1,0.01,0,0,1,1,0,1,1,1,1,1,0,0,0,0,0,0,0,0,0,0,0
-0.452690660378703,459,2,0,1,0.01,0,0,1,1,0,1,1,1,1,1,0,0,0,0,0,0,0,0,0,0,0
-0.882695878326323,459,3,0,1,0.01,0,0,1,1,0,1,1,1,1,1,0,0,0,0,0,0,0,0,0,0,0
-1.21839622816503,459,4,0,1,0.01,0,0,1,1,0,1,1,1,1,1,0,0,0,0,0,0,0,0,0,0,0
3.18986411523285,459,5,0,1,0.01,0,0,1,1,0,1,1,1,1,1,0,0,0,0,0,0,0,0,0,0,0
0.689985823758953,459,6,0,1,0.01,0,0,1,1,0,1,1,1,1,1,0,0,0,0,0,0,0,0,0,0,0
1.56997578481844,459,7,0,1,0.01,0,0,1,1,0,1,1,1,1,1,0,0,0,0,0,0,0,0,0,0,0
-0.390598196421351,459,8,0,1,0.01,0,0,1,1,0,1,1,1,1,1,0,0,0,0,0,0,0,0,0,0,0
-0.682128852403483,459,9,0,1,0.01,0,0,1,1,0,1,1,1,1,1,0,0,0,0,0,0,0,0,0,0,0
0.0143410971744741,459,10,0,1,0.01,0,0,1,1,0,1,1,1,1,1,0,0,0,0,0,0,0,0,0,0,0
1.23373810081178,460,1,0,2,0.0512710963760241,1,0,0,1,1,1,1,1,0,0,0,0,0,0,0,0,0,0,0,0,0
1.44090271524182,460,2,0,2,0.105170918075648,1,0,0,1,1,1,1,1,0,0,0,0,0,0,0,0,0,0,0,0,0
-0.888277415279825,460,3,0,2,0.161834242728283,1,0,0,1,1,1,1,1,0,0,0,0,0,0,0,0,0,0,0,0,0
2.91494113733695,460,4,0,2,0.22140275816017,1,0,0,1,1,1,1,1,0,0,0,0,0,0,0,0,0,0,0,0,0
0.64628371450011,460,5,0,2,0.284025416687741,1,0,0,1,1,1,1,1,0,0,0,0,0,0,0,0,0,0,0,0,0
0.821818411850269,460,6,0,2,0.349858807576003,1,0,0,1,1,1,1,1,0,0,0,0,0,0,0,0,0,0,0,0,0
1.12278994224922,460,7,0,2,0.419067548593257,1,0,0,1,1,1,1,1,0,0,0,0,0,0,0,0,0,0,0,0,0
1.78654774123827,460,8,0,2,0.49182469764127,1,0,0,1,1,1,1,1,0,0,0,0,0,0,0,0,0,0,0,0,0
3.17927505208057,460,9,0,2,0.568312185490169,1,0,0,1,1,1,1,1,0,0,0,0,0,0,0,0,0,0,0,0,0
1.72377810979396,460,10,0,2,0.648721270700128,1,0,0,1,1,1,1,1,0,0,0,0,0,0,0,0,0,0,0,0,0
-0.30462715228817,461,1,0,1,0.01,1,1,1,0,1,1,1,0,0,1,0,0,0,0,0,0,0,0,0,0,0
-0.327876011277895,461,2,0,1,0.01,1,1,1,0,1,1,1,0,0,1,0,0,0,0,0,0,0,0,0,0,0
-2.20247081151812,461,3,0,1,0.01,1,1,1,0,1,1,1,0,0,1,0,0,0,0,0,0,0,0,0,0,0
0.240996264096349,461,4,0,1,0.01,1,1,1,0,1,1,1,0,0,1,0,0,0,0,0,0,0,0,0,0,0
1.26066954198428,461,5,0,1,0.01,1,1,1,0,1,1,1,0,0,1,0,0,0,0,0,0,0,0,0,0,0
-0.96408985302462,461,6,0,1,0.01,1,1,1,0,1,1,1,0,0,1,0,0,0,0,0,0,0,0,0,0,0
2.12888843402922,461,7,0,1,0.01,1,1,1,0,1,1,1,0,0,1,0,0,0,0,0,0,0,0,0,0,0
0.606630548039727,461,8,0,1,0.01,1,1,1,0,1,1,1,0,0,1,0,0,0,0,0,0,0,0,0,0,0
0.992333393338472,461,9,0,1,0.01,1,1,1,0,1,1,1,0,0,1,0,0,0,0,0,0,0,0,0,0,0
-0.752372458615214,461,10,0,1,0.01,1,1,1,0,1,1,1,0,0,1,0,0,0,0,0,0,0,0,0,0,0
0.84455275161597,462,1,0,2,0.0512710963760241,1,0,0,0,0,1,1,0,0,0,0,0,0,0,0,0,0,0,0,0,0
2.00418971103741,462,2,0,2,0.105170918075648,1,0,0,0,0,1,1,0,0,0,0,0,0,0,0,0,0,0,0,0,0
0.887701086442226,462,3,0,2,0.161834242728283,1,0,0,0,0,1,1,0,0,0,0,0,0,0,0,0,0,0,0,0,0
0.57573817116571,462,4,0,2,0.22140275816017,1,0,0,0,0,1,1,0,0,0,0,0,0,0,0,0,0,0,0,0,0
1.10500049210093,462,5,0,2,0.284025416687741,1,0,0,0,0,1,1,0,0,0,0,0,0,0,0,0,0,0,0,0,0
3.03428335963488,462,6,0,2,0.349858807576003,1,0,0,0,0,1,1,0,0,0,0,0,0,0,0,0,0,0,0,0,0
1.41686937789824,462,7,0,2,0.419067548593257,1,0,0,0,0,1,1,0,0,0,0,0,0,0,0,0,0,0,0,0,0
1.97215322910448,462,8,0,2,0.49182469764127,1,0,0,0,0,1,1,0,0,0,0,0,0,0,0,0,0,0,0,0,0
5.28892331634757,462,9,0,2,0.568312185490169,1,0,0,0,0,1,1,0,0,0,0,0,0,0,0,0,0,0,0,0,0
2.37755797629033,462,10,0,2,0.648721270700128,1,0,0,0,0,1,1,0,0,0,0,0,0,0,0,0,0,0,0,0,0
0.977615987995155,463,1,0,2,0.0512710963760241,0,0,1,0,1,1,0,1,1,0,0,0,0,0,0,0,0,0,0,0,0
-1.01935842069381,463,2,0,2,0.105170918075648,0,0,1,0,1,1,0,1,1,0,0,0,0,0,0,0,0,0,0,0,0
0.896017112374529,463,3,0,2,0.161834242728283,0,0,1,0,1,1,0,1,1,0,0,0,0,0,0,0,0,0,0,0,0
1.95164130250729,463,4,0,2,0.22140275816017,0,0,1,0,1,1,0,1,1,0,0,0,0,0,0,0,0,0,0,0,0
0.485709204853969,463,5,0,2,0.284025416687741,0,0,1,0,1,1,0,1,1,0,0,0,0,0,0,0,0,0,0,0,0
3.98812483797692,463,6,0,2,0.349858807576003,0,0,1,0,1,1,0,1,1,0,0,0,0,0,0,0,0,0,0,0,0
1.03915720519731,463,7,0,2,0.419067548593257,0,0,1,0,1,1,0,1,1,0,0,0,0,0,0,0,0,0,0,0,0
1.40403185077427,463,8,0,2,0.49182469764127,0,0,1,0,1,1,0,1,1,0,0,0,0,0,0,0,0,0,0,0,0
0.784019785303491,463,9,0,2,0.568312185490169,0,0,1,0,1,1,0,1,1,0,0,0,0,0,0,0,0,0,0,0,0
2.83038905906993,463,10,0,2,0.648721270700128,0,0,1,0,1,1,0,1,1,0,0,0,0,0,0,0,0,0,0,0,0
0.224352871976307,464,1,0,1,0.01,1,1,0,0,1,1,1,1,1,1,0,0,0,0,0,0,0,0,0,0,0
1.27021202297162,464,2,0,1,0.01,1,1,0,0,1,1,1,1,1,1,0,0,0,0,0,0,0,0,0,0,0
1.09220697776913,464,3,0,1,0.01,1,1,0,0,1,1,1,1,1,1,0,0,0,0,0,0,0,0,0,0,0
-0.967550356467553,464,4,0,1,0.01,1,1,0,0,1,1,1,1,1,1,0,0,0,0,0,0,0,0,0,0,0
-0.488064828078527,464,5,0,1,0.01,1,1,0,0,1,1,1,1,1,1,0,0,0,0,0,0,0,0,0,0,0
-0.285543672625188,464,6,0,1,0.01,1,1,0,0,1,1,1,1,1,1,0,0,0,0,0,0,0,0,0,0,0
-2.21651662238445,464,7,0,1,0.01,1,1,0,0,1,1,1,1,1,1,0,0,0,0,0,0,0,0,0,0,0
-0.451203686146229,464,8,0,1,0.01,1,1,0,0,1,1,1,1,1,1,0,0,0,0,0,0,0,0,0,0,0
-0.258755092973307,464,9,0,1,0.01,1,1,0,0,1,1,1,1,1,1,0,0,0,0,0,0,0,0,0,0,0
0.0135953813589796,464,10,0,1,0.01,1,1,0,0,1,1,1,1,1,1,0,0,0,0,0,0,0,0,0,0,0
0.299464188061424,465,1,0,2,0.0512710963760241,0,0,0,1,1,1,1,1,1,0,0,0,0,0,0,0,0,0,0,0,0
0.714756822466434,465,2,0,2,0.105170918075648,0,0,0,1,1,1,1,1,1,0,0,0,0,0,0,0,0,0,0,0,0
1.62832255239009,465,3,0,2,0.161834242728283,0,0,0,1,1,1,1,1,1,0,0,0,0,0,0,0,0,0,0,0,0
1.64171325120326,465,4,0,2,0.22140275816017,0,0,0,1,1,1,1,1,1,0,0,0,0,0,0,0,0,0,0,0,0
1.77098700189018,465,5,0,2,0.284025416687741,0,0,0,1,1,1,1,1,1,0,0,0,0,0,0,0,0,0,0,0,0
1.83582367421083,465,6,0,2,0.349858807576003,0,0,0,1,1,1,1,1,1,0,0,0,0,0,0,0,0,0,0,0,0
2.00488432704582,465,7,0,2,0.419067548593257,0,0,0,1,1,1,1,1,1,0,0,0,0,0,0,0,0,0,0,0,0
4.16221733650924,465,8,0,2,0.49182469764127,0,0,0,1,1,1,1,1,1,0,0,0,0,0,0,0,0,0,0,0,0
4.10214366821347,465,9,0,2,0.568312185490169,0,0,0,1,1,1,1,1,1,0,0,0,0,0,0,0,0,0,0,0,0
3.78687382468207,465,10,0,2,0.648721270700128,0,0,0,1,1,1,1,1,1,0,0,0,0,0,0,0,0,0,0,0,0
0.179726793221262,466,1,0,1,0.01,1,0,0,1,1,1,0,0,0,0,0,0,0,0,0,0,0,0,0,0,0
-0.257768339594645,466,2,0,1,0.01,1,0,0,1,1,1,0,0,0,0,0,0,0,0,0,0,0,0,0,0,0
0.205632063794193,466,3,0,1,0.01,1,0,0,1,1,1,0,0,0,0,0,0,0,0,0,0,0,0,0,0,0
0.00590236406900765,466,4,0,1,0.01,1,0,0,1,1,1,0,0,0,0,0,0,0,0,0,0,0,0,0,0,0
0.589760989752089,466,5,0,1,0.01,1,0,0,1,1,1,0,0,0,0,0,0,0,0,0,0,0,0,0,0,0
-0.477865093629344,466,6,0,1,0.01,1,0,0,1,1,1,0,0,0,0,0,0,0,0,0,0,0,0,0,0,0
-0.170884628356473,466,7,0,1,0.01,1,0,0,1,1,1,0,0,0,0,0,0,0,0,0,0,0,0,0,0,0
0.576357389560239,466,8,0,1,0.01,1,0,0,1,1,1,0,0,0,0,0,0,0,0,0,0,0,0,0,0,0
-1.58814145942139,466,9,0,1,0.01,1,0,0,1,1,1,0,0,0,0,0,0,0,0,0,0,0,0,0,0,0
-0.590011688037669,466,10,0,1,0.01,1,0,0,1,1,1,0,0,0,0,0,0,0,0,0,0,0,0,0,0,0
-0.134654124937126,467,1,0,1,0.01,1,1,1,1,1,1,0,1,0,1,0,0,0,0,0,0,0,0,0,0,0
2.08605138045771,467,2,0,1,0.01,1,1,1,1,1,1,0,1,0,1,0,0,0,0,0,0,0,0,0,0,0
0.622944517347975,467,3,0,1,0.01,1,1,1,1,1,1,0,1,0,1,0,0,0,0,0,0,0,0,0,0,0
-0.392705513824791,467,4,0,1,0.01,1,1,1,1,1,1,0,1,0,1,0,0,0,0,0,0,0,0,0,0,0
-0.946633243096763,467,5,0,1,0.01,1,1,1,1,1,1,0,1,0,1,0,0,0,0,0,0,0,0,0,0,0
1.35364208841307,467,6,0,1,0.01,1,1,1,1,1,1,0,1,0,1,0,0,0,0,0,0,0,0,0,0,0
-1.15099127412103,467,7,0,1,0.01,1,1,1,1,1,1,0,1,0,1,0,0,0,0,0,0,0,0,0,0,0
-0.686794853749723,467,8,0,1,0.01,1,1,1,1,1,1,0,1,0,1,0,0,0,0,0,0,0,0,0,0,0
-1.64410506117248,467,9,0,1,0.01,1,1,1,1,1,1,0,1,0,1,0,0,0,0,0,0,0,0,0,0,0
0.980622057002149,467,10,0,1,0.01,1,1,1,1,1,1,0,1,0,1,0,0,0,0,0,0,0,0,0,0,0
1.65144675023875,468,1,0,1,0.01,0,0,1,1,1,1,0,0,1,1,0,0,0,0,0,0,0,0,0,0,0
-0.932259289730483,468,2,0,1,0.01,0,0,1,1,1,1,0,0,1,1,0,0,0,0,0,0,0,0,0,0,0
1.07459306960209,468,3,0,1,0.01,0,0,1,1,1,1,0,0,1,1,0,0,0,0,0,0,0,0,0,0,0
-0.562797299246496,468,4,0,1,0.01,0,0,1,1,1,1,0,0,1,1,0,0,0,0,0,0,0,0,0,0,0
-1.73129142368714,468,5,0,1,0.01,0,0,1,1,1,1,0,0,1,1,0,0,0,0,0,0,0,0,0,0,0
-0.39534159616813,468,6,0,1,0.01,0,0,1,1,1,1,0,0,1,1,0,0,0,0,0,0,0,0,0,0,0
1.48983605751022,468,7,0,1,0.01,0,0,1,1,1,1,0,0,1,1,0,0,0,0,0,0,0,0,0,0,0
-2.97470751344436,468,8,0,1,0.01,0,0,1,1,1,1,0,0,1,1,0,0,0,0,0,0,0,0,0,0,0
2.17928246888508,468,9,0,1,0.01,0,0,1,1,1,1,0,0,1,1,0,0,0,0,0,0,0,0,0,0,0
-1.09884794900759,468,10,0,1,0.01,0,0,1,1,1,1,0,0,1,1,0,0,0,0,0,0,0,0,0,0,0
-1.07360094658605,469,1,0,2,0.0512710963760241,0,0,1,1,1,1,1,1,1,0,0,0,0,0,0,0,0,0,0,0,0
0.67211576031488,469,2,0,2,0.105170918075648,0,0,1,1,1,1,1,1,1,0,0,0,0,0,0,0,0,0,0,0,0
-0.00715392110907043,469,3,0,2,0.161834242728283,0,0,1,1,1,1,1,1,1,0,0,0,0,0,0,0,0,0,0,0,0
0.838740265541986,469,4,0,2,0.22140275816017,0,0,1,1,1,1,1,1,1,0,0,0,0,0,0,0,0,0,0,0,0
0.606704981380586,469,5,0,2,0.284025416687741,0,0,1,1,1,1,1,1,1,0,0,0,0,0,0,0,0,0,0,0,0
1.73992072155372,469,6,0,2,0.349858807576003,0,0,1,1,1,1,1,1,1,0,0,0,0,0,0,0,0,0,0,0,0
2.712866232881,469,7,0,2,0.419067548593257,0,0,1,1,1,1,1,1,1,0,0,0,0,0,0,0,0,0,0,0,0
1.44888747338265,469,8,0,2,0.49182469764127,0,0,1,1,1,1,1,1,1,0,0,0,0,0,0,0,0,0,0,0,0
3.1367037094426,469,9,0,2,0.568312185490169,0,0,1,1,1,1,1,1,1,0,0,0,0,0,0,0,0,0,0,0,0
4.97728858004936,469,10,0,2,0.648721270700128,0,0,1,1,1,1,1,1,1,0,0,0,0,0,0,0,0,0,0,0,0
-0.575303329882624,470,1,0,1,0.01,1,1,1,1,1,0,0,0,0,0,0,0,0,0,0,0,0,0,0,0,0
2.46509181536184,470,2,0,1,0.01,1,1,1,1,1,0,0,0,0,0,0,0,0,0,0,0,0,0,0,0,0
1.11007882852033,470,3,0,1,0.01,1,1,1,1,1,0,0,0,0,0,0,0,0,0,0,0,0,0,0,0,0
-0.775214517279368,470,4,0,1,0.01,1,1,1,1,1,0,0,0,0,0,0,0,0,0,0,0,0,0,0,0,0
-0.145390656429864,470,5,0,1,0.01,1,1,1,1,1,0,0,0,0,0,0,0,0,0,0,0,0,0,0,0,0
-2.60418624965039,470,6,0,1,0.01,1,1,1,1,1,0,0,0,0,0,0,0,0,0,0,0,0,0,0,0,0
-0.169984762677339,470,7,0,1,0.01,1,1,1,1,1,0,0,0,0,0,0,0,0,0,0,0,0,0,0,0,0
-0.348327234367504,470,8,0,1,0.01,1,1,1,1,1,0,0,0,0,0,0,0,0,0,0,0,0,0,0,0,0
1.21748890862694,470,9,0,1,0.01,1,1,1,1,1,0,0,0,0,0,0,0,0,0,0,0,0,0,0,0,0
1.69005425785585,470,10,0,1,0.01,1,1,1,1,1,0,0,0,0,0,0,0,0,0,0,0,0,0,0,0,0
-0.72935343517376,471,1,0,1,0.01,1,1,0,1,0,0,1,1,0,0,0,0,0,0,0,0,0,0,0,0,0
0.234299155435922,471,2,0,1,0.01,1,1,0,1,0,0,1,1,0,0,0,0,0,0,0,0,0,0,0,0,0
0.433338747977541,471,3,0,1,0.01,1,1,0,1,0,0,1,1,0,0,0,0,0,0,0,0,0,0,0,0,0
0.586886825190334,471,4,0,1,0.01,1,1,0,1,0,0,1,1,0,0,0,0,0,0,0,0,0,0,0,0,0
0.137615503358013,471,5,0,1,0.01,1,1,0,1,0,0,1,1,0,0,0,0,0,0,0,0,0,0,0,0,0
0.661087434262229,471,6,0,1,0.01,1,1,0,1,0,0,1,1,0,0,0,0,0,0,0,0,0,0,0,0,0
-1.33437665494119,471,7,0,1,0.01,1,1,0,1,0,0,1,1,0,0,0,0,0,0,0,0,0,0,0,0,0
-1.51007691708246,471,8,0,1,0.01,1,1,0,1,0,0,1,1,0,0,0,0,0,0,0,0,0,0,0,0,0
-0.692425290512639,471,9,0,1,0.01,1,1,0,1,0,0,1,1,0,0,0,0,0,0,0,0,0,0,0,0,0
0.956310001750634,471,10,0,1,0.01,1,1,0,1,0,0,1,1,0,0,0,0,0,0,0,0,0,0,0,0,0
-0.0447509326247897,472,1,0,2,0.0512710963760241,0,1,1,1,0,1,0,1,0,1,0,0,0,0,0,0,0,0,0,0,0
1.46804233379363,472,2,0,2,0.105170918075648,0,1,1,1,0,1,0,1,0,1,0,0,0,0,0,0,0,0,0,0,0
2.76475678900263,472,3,0,2,0.161834242728283,0,1,1,1,0,1,0,1,0,1,0,0,0,0,0,0,0,0,0,0,0
1.44480290653278,472,4,0,2,0.22140275816017,0,1,1,1,0,1,0,1,0,1,0,0,0,0,0,0,0,0,0,0,0
0.897681497444425,472,5,0,2,0.284025416687741,0,1,1,1,0,1,0,1,0,1,0,0,0,0,0,0,0,0,0,0,0
2.87294193044884,472,6,0,2,0.349858807576003,0,1,1,1,0,1,0,1,0,1,0,0,0,0,0,0,0,0,0,0,0
1.92304439377799,472,7,0,2,0.419067548593257,0,1,1,1,0,1,0,1,0,1,0,0,0,0,0,0,0,0,0,0,0
1.97184568696312,472,8,0,2,0.49182469764127,0,1,1,1,0,1,0,1,0,1,0,0,0,0,0,0,0,0,0,0,0
2.46190839766427,472,9,0,2,0.568312185490169,0,1,1,1,0,1,0,1,0,1,0,0,0,0,0,0,0,0,0,0,0
4.42704350885299,472,10,0,2,0.648721270700128,0,1,1,1,0,1,0,1,0,1,0,0,0,0,0,0,0,0,0,0,0
0.141613708358308,473,1,0,1,0.01,0,1,1,1,0,0,1,1,1,0,0,0,0,0,0,0,0,0,0,0,0
-0.213925203389737,473,2,0,1,0.01,0,1,1,1,0,0,1,1,1,0,0,0,0,0,0,0,0,0,0,0,0
1.28693872228986,473,3,0,1,0.01,0,1,1,1,0,0,1,1,1,0,0,0,0,0,0,0,0,0,0,0,0
0.886935389195269,473,4,0,1,0.01,0,1,1,1,0,0,1,1,1,0,0,0,0,0,0,0,0,0,0,0,0
-0.29591129315057,473,5,0,1,0.01,0,1,1,1,0,0,1,1,1,0,0,0,0,0,0,0,0,0,0,0,0
-0.301696050594178,473,6,0,1,0.01,0,1,1,1,0,0,1,1,1,0,0,0,0,0,0,0,0,0,0,0,0
-1.27626962386349,473,7,0,1,0.01,0,1,1,1,0,0,1,1,1,0,0,0,0,0,0,0,0,0,0,0,0
-0.484088727617164,473,8,0,1,0.01,0,1,1,1,0,0,1,1,1,0,0,0,0,0,0,0,0,0,0,0,0
-0.168198195593038,473,9,0,1,0.01,0,1,1,1,0,0,1,1,1,0,0,0,0,0,0,0,0,0,0,0,0
1.28310913650094,473,10,0,1,0.01,0,1,1,1,0,0,1,1,1,0,0,0,0,0,0,0,0,0,0,0,0
-1.23774987466605,474,1,0,1,0.01,1,1,1,0,0,1,0,0,1,0,0,0,0,0,1,0,0,0,0,0,0
0.600907241690975,474,2,0,1,0.01,1,1,1,0,0,1,0,0,1,0,0,0,0,1,0,0,0,0,0,0,0
-2.01193172439045,474,3,0,1,0.01,1,1,1,0,0,1,0,0,1,0,0,0,1,0,0,0,0,0,0,0,0
-0.108099916232901,474,4,0,1,0.01,1,1,1,0,0,1,0,0,1,0,0,1,0,0,0,0,0,0,0,0,0
0.565681112892186,474,5,0,1,0.01,1,1,1,0,0,1,0,0,1,0,1,0,0,0,0,0,0,0,0,0,0
0.268546702216192,474,6,0,1,0.01,1,1,1,0,0,1,0,0,1,0,0,0,0,0,0,0,1,0,0,0,0
-1.08685052417556,474,7,0,1,0.01,1,1,1,0,0,1,0,0,1,0,0,0,0,0,0,0,0,1,0,0,0
-0.537295015607532,474,8,0,1,0.01,1,1,1,0,0,1,0,0,1,0,0,0,0,0,0,0,0,0,1,0,0
-0.191474090985925,474,9,0,1,0.01,1,1,1,0,0,1,0,0,1,0,0,0,0,0,0,0,0,0,0,1,0
1.21310540526882,474,10,0,1,0.01,1,1,1,0,0,1,0,0,1,0,0,0,0,0,0,0,0,0,0,0,1
0.756430155821463,475,1,0,1,0.01,1,1,0,0,1,0,1,1,0,1,0,0,0,0,1,0,0,0,0,0,0
-0.475626286808601,475,2,0,1,0.01,1,1,0,0,1,0,1,1,0,1,0,0,0,1,0,0,0,0,0,0,0
-0.542467294488126,475,3,0,1,0.01,1,1,0,0,1,0,1,1,0,1,0,0,1,0,0,0,0,0,0,0,0
0.979713590818904,475,4,0,1,0.01,1,1,0,0,1,0,1,1,0,1,0,1,0,0,0,0,0,0,0,0,0
-0.774792288484596,475,5,0,1,0.01,1,1,0,0,1,0,1,1,0,1,1,0,0,0,0,0,0,0,0,0,0
1.15025241939376,475,6,0,1,0.01,1,1,0,0,1,0,1,1,0,1,0,0,0,0,0,0,1,0,0,0,0
-1.35156176302213,475,7,0,1,0.01,1,1,0,0,1,0,1,1,0,1,0,0,0,0,0,0,0,1,0,0,0
-1.07381132262627,475,8,0,1,0.01,1,1,0,0,1,0,1,1,0,1,0,0,0,0,0,0,0,0,1,0,0
0.0968739324399559,475,9,0,1,0.01,1,1,0,0,1,0,1,1,0,1,0,0,0,0,0,0,0,0,0,1,0
2.07300039435647,475,10,0,1,0.01,1,1,0,0,1,0,1,1,0,1,0,0,0,0,0,0,0,0,0,0,1
0.522813434577735,476,1,0,1,0.01,1,1,1,1,1,0,1,0,1,0,0,0,0,0,0,0,0,0,0,0,0
1.3568804666313,476,2,0,1,0.01,1,1,1,1,1,0,1,0,1,0,0,0,0,0,0,0,0,0,0,0,0
-1.02125799708832,476,3,0,1,0.01,1,1,1,1,1,0,1,0,1,0,0,0,0,0,0,0,0,0,0,0,0
-1.47060697267746,476,4,0,1,0.01,1,1,1,1,1,0,1,0,1,0,0,0,0,0,0,0,0,0,0,0,0
-0.609190314220264,476,5,0,1,0.01,1,1,1,1,1,0,1,0,1,0,0,0,0,0,0,0,0,0,0,0,0
1.38629386350799,476,6,0,1,0.01,1,1,1,1,1,0,1,0,1,0,0,0,0,0,0,0,0,0,0,0,0
-1.22967404589505,476,7,0,1,0.01,1,1,1,1,1,0,1,0,1,0,0,0,0,0,0,0,0,0,0,0,0
1.36812294063003,476,8,0,1,0.01,1,1,1,1,1,0,1,0,1,0,0,0,0,0,0,0,0,0,0,0,0
-0.260406337780801,476,9,0,1,0.01,1,1,1,1,1,0,1,0,1,0,0,0,0,0,0,0,0,0,0,0,0
-0.453809953811011,476,10,0,1,0.01,1,1,1,1,1,0,1,0,1,0,0,0,0,0,0,0,0,0,0,0,0
-0.541698950312077,477,1,0,2,0.0512710963760241,1,1,0,0,0,0,0,1,1,1,0,0,0,0,0,0,0,0,0,0,0
0.47218596078723,477,2,0,2,0.105170918075648,1,1,0,0,0,0,0,1,1,1,0,0,0,0,0,1,0,0,0,0,0
1.45923528418616,477,3,0,2,0.161834242728283,1,1,0,0,0,0,0,1,1,1,0,0,0,0,1,0,0,0,0,0,0
2.36459961353048,477,4,0,2,0.22140275816017,1,1,0,0,0,0,0,1,1,1,0,0,0,1,0,0,0,0,0,0,0
1.22084299508485,477,5,0,2,0.284025416687741,1,1,0,0,0,0,0,1,1,1,0,0,1,0,0,0,0,0,0,0,0
1.42018707952113,477,6,0,2,0.349858807576003,1,1,0,0,0,0,0,1,1,1,0,1,0,0,0,0,0,0,0,0,0
1.26480010751841,477,7,0,2,0.419067548593257,1,1,0,0,0,0,0,1,1,1,1,0,0,0,0,0,0,0,0,0,0
2.80105507238065,477,8,0,2,0.49182469764127,1,1,0,0,0,0,0,1,1,1,0,0,0,0,0,0,1,0,0,0,0
2.11979070380132,477,9,0,2,0.568312185490169,1,1,0,0,0,0,0,1,1,1,0,0,0,0,0,0,0,1,0,0,0
3.40535258730837,477,10,0,2,0.648721270700128,1,1,0,0,0,0,0,1,1,1,0,0,0,0,0,0,0,0,1,0,0
-1.17704161515323,478,1,0,1,0.01,1,1,0,1,1,0,1,0,0,0,1,0,0,0,0,0,0,0,0,0,0
-1.09048529158525,478,2,0,1,0.01,1,1,0,1,1,0,1,0,0,0,0,0,0,0,0,0,1,0,0,0,0
1.86652172491515,478,3,0,1,0.01,1,1,0,1,1,0,1,0,0,0,0,0,0,0,0,0,0,1,0,0,0
0.112707069000607,478,4,0,1,0.01,1,1,0,1,1,0,1,0,0,0,0,0,0,0,0,0,0,0,1,0,0
0.155683004915245,478,5,0,1,0.01,1,1,0,1,1,0,1,0,0,0,0,0,0,0,0,0,0,0,0,1,0
-1.47774623220592,478,6,0,1,0.01,1,1,0,1,1,0,1,0,0,0,0,0,0,0,0,0,0,0,0,0,1
1.38257407922299,478,7,0,1,0.01,1,1,0,1,1,0,1,0,0,0,0,0,0,0,0,0,0,0,0,0,0
1.44101678875063,478,8,0,1,0.01,1,1,0,1,1,0,1,0,0,0,0,0,0,0,0,0,0,0,0,0,0
0.074869859453051,478,9,0,1,0.01,1,1,0,1,1,0,1,0,0,0,0,0,0,0,0,0,0,0,0,0,0
-0.561379419993729,478,10,0,1,0.01,1,1,0,1,1,0,1,0,0,0,0,0,0,0,0,0,0,0,0,0,0
1.58649043928554,479,1,0,2,0.0512710963760241,0,1,1,0,0,0,1,1,1,0,0,0,0,0,0,0,0,0,0,0,0
1.6325315786141,479,2,0,2,0.105170918075648,0,1,1,0,0,0,1,1,1,0,0,0,0,0,0,0,0,0,0,0,0
0.322702793918502,479,3,0,2,0.161834242728283,0,1,1,0,0,0,1,1,1,0,0,0,0,0,0,0,0,0,0,0,0
1.20591756310063,479,4,0,2,0.22140275816017,0,1,1,0,0,0,1,1,1,0,0,0,0,0,0,0,0,0,0,0,0
0.391830118896007,479,5,0,2,0.284025416687741,0,1,1,0,0,0,1,1,1,0,0,0,0,0,0,0,0,0,0,0,0
3.40465097121197,479,6,0,2,0.349858807576003,0,1,1,0,0,0,1,1,1,0,0,0,0,0,0,0,0,0,0,0,0
2.66396281217447,479,7,0,2,0.419067548593257,0,1,1,0,0,0,1,1,1,0,0,0,0,0,0,0,0,0,0,0,0
3.61493185317152,479,8,0,2,0.49182469764127,0,1,1,0,0,0,1,1,1,0,0,0,0,0,0,0,0,0,0,0,0
2.95106136941864,479,9,0,2,0.568312185490169,0,1,1,0,0,0,1,1,1,0,0,0,0,0,0,0,0,0,0,0,0
3.69804519578254,479,10,0,2,0.648721270700128,0,1,1,0,0,0,1,1,1,0,0,0,0,0,0,0,0,0,0,0,0
-0.156477979954542,480,1,0,1,0.01,0,0,1,0,0,1,1,0,1,1,0,0,0,0,1,0,0,0,0,0,0
-1.28792639426433,480,2,0,1,0.01,0,0,1,0,0,1,1,0,1,1,0,0,0,1,0,0,0,0,0,0,0
0.847675272568863,480,3,0,1,0.01,0,0,1,0,0,1,1,0,1,1,0,0,1,0,0,0,0,0,0,0,0
0.132162560262948,480,4,0,1,0.01,0,0,1,0,0,1,1,0,1,1,0,1,0,0,0,0,0,0,0,0,0
-1.30276983704904,480,5,0,1,0.01,0,0,1,0,0,1,1,0,1,1,1,0,0,0,0,0,0,0,0,0,0
0.825415827393246,480,6,0,1,0.01,0,0,1,0,0,1,1,0,1,1,0,0,0,0,0,0,1,0,0,0,0
0.278302577229958,480,7,0,1,0.01,0,0,1,0,0,1,1,0,1,1,0,0,0,0,0,0,0,1,0,0,0
-1.00852189033251,480,8,0,1,0.01,0,0,1,0,0,1,1,0,1,1,0,0,0,0,0,0,0,0,1,0,0
-0.122620214326406,480,9,0,1,0.01,0,0,1,0,0,1,1,0,1,1,0,0,0,0,0,0,0,0,0,1,0
1.15932159529948,480,10,0,1,0.01,0,0,1,0,0,1,1,0,1,1,0,0,0,0,0,0,0,0,0,0,1
-0.647856749307522,481,1,0,1,0.01,1,1,1,0,1,1,1,1,0,0,0,0,0,0,0,0,0,0,0,0,0
0.0864603127785459,481,2,0,1,0.01,1,1,1,0,1,1,1,1,0,0,0,0,0,0,0,0,0,0,0,0,0
-0.780529162149356,481,3,0,1,0.01,1,1,1,0,1,1,1,1,0,0,0,0,0,0,0,0,0,0,0,0,0
2.60658059201589,481,4,0,1,0.01,1,1,1,0,1,1,1,1,0,0,0,0,0,0,0,0,0,0,0,0,0
-0.00234954378830911,481,5,0,1,0.01,1,1,1,0,1,1,1,1,0,0,0,0,0,0,0,0,0,0,0,0,0
-0.8963869498833,481,6,0,1,0.01,1,1,1,0,1,1,1,1,0,0,0,0,0,0,0,0,0,0,0,0,0
-1.66564912754188,481,7,0,1,0.01,1,1,1,0,1,1,1,1,0,0,0,0,0,0,0,0,0,0,0,0,0
0.102047320767048,481,8,0,1,0.01,1,1,1,0,1,1,1,1,0,0,0,0,0,0,0,0,0,0,0,0,0
-1.62764066529288,481,9,0,1,0.01,1,1,1,0,1,1,1,1,0,0,0,0,0,0,0,0,0,0,0,0,0
-0.800764075550741,481,10,0,1,0.01,1,1,1,0,1,1,1,1,0,0,0,0,0,0,0,0,0,0,0,0,0
0.922753136059395,482,1,0,3,0.127496851579376,1,0,1,1,0,1,1,1,1,0,0,0,0,1,0,0,0,0,0,0,0
2.28184518641964,482,2,0,3,0.271249150321405,1,0,1,1,0,1,1,1,1,0,0,0,1,0,0,0,0,0,0,0,0
2.36387239803066,482,3,0,3,0.43332941456034,1,0,1,1,0,1,1,1,1,0,0,1,0,0,0,0,0,0,0,0,0
1.93779138997137,482,4,0,3,0.616074402192893,1,0,1,1,0,1,1,1,1,0,1,0,0,0,0,0,0,0,0,0,0
3.98822789261594,482,5,0,3,0.822118800390509,1,0,1,1,0,1,1,1,1,0,0,0,0,0,0,0,1,0,0,0,0
6.66168002505825,482,6,0,3,1.05443321064389,1,0,1,1,0,1,1,1,1,0,0,0,0,0,0,0,0,1,0,0,0
4.91677273062398,482,7,0,3,1.31636697678109,1,0,1,1,0,1,1,1,1,0,0,0,0,0,0,0,0,0,1,0,0
8.14536248479934,482,8,0,3,1.61169647342312,1,0,1,1,0,1,1,1,1,0,0,0,0,0,0,0,0,0,0,1,0
8.26538270726102,482,9,0,3,1.94467955106552,1,0,1,1,0,1,1,1,1,0,0,0,0,0,0,0,0,0,0,0,1
13.4118960756609,482,10,0,3,2.32011692273655,1,0,1,1,0,1,1,1,1,0,0,0,0,0,0,0,0,0,0,0,0
0.728117669899121,483,1,0,3,0.127496851579376,0,1,0,1,0,0,0,0,1,1,0,0,0,0,0,0,0,0,0,0,0
2.04507266738627,483,2,0,3,0.271249150321405,0,1,0,1,0,0,0,0,1,1,0,0,0,0,0,0,0,0,0,0,0
1.41924537161882,483,3,0,3,0.43332941456034,0,1,0,1,0,0,0,0,1,1,0,0,0,0,0,0,0,0,0,0,0
3.41227935932778,483,4,0,3,0.616074402192893,0,1,0,1,0,0,0,0,1,1,0,0,0,0,0,0,0,0,0,0,0
3.3118369201006,483,5,0,3,0.822118800390509,0,1,0,1,0,0,0,0,1,1,0,0,0,0,0,0,0,0,0,0,0
5.77973866832086,483,6,0,3,1.05443321064389,0,1,0,1,0,0,0,0,1,1,0,0,0,0,0,0,0,0,0,0,0
6.82347844400464,483,7,0,3,1.31636697678109,0,1,0,1,0,0,0,0,1,1,0,0,0,0,0,0,0,0,0,0,0
10.2995497393543,483,8,0,3,1.61169647342312,0,1,0,1,0,0,0,0,1,1,0,0,0,0,0,0,0,0,0,0,0
9.44939956080374,483,9,0,3,1.94467955106552,0,1,0,1,0,0,0,0,1,1,0,0,0,0,0,0,0,0,0,0,0
11.1911020646983,483,10,0,3,2.32011692273655,0,1,0,1,0,0,0,0,1,1,0,0,0,0,0,0,0,0,0,0,0
1.59669615031053,484,1,0,3,0.127496851579376,1,0,1,1,0,0,1,0,1,1,0,0,0,0,0,1,0,0,0,0,0
2.29963296487184,484,2,0,3,0.271249150321405,1,0,1,1,0,0,1,0,1,1,0,0,0,0,1,0,0,0,0,0,0
1.4869088230344,484,3,0,3,0.43332941456034,1,0,1,1,0,0,1,0,1,1,0,0,0,1,0,0,0,0,0,0,0
3.69734538779454,484,4,0,3,0.616074402192893,1,0,1,1,0,0,1,0,1,1,0,0,1,0,0,0,0,0,0,0,0
5.19846427399506,484,5,0,3,0.822118800390509,1,0,1,1,0,0,1,0,1,1,0,1,0,0,0,0,0,0,0,0,0
4.776774493484,484,6,0,3,1.05443321064389,1,0,1,1,0,0,1,0,1,1,1,0,0,0,0,0,0,0,0,0,0
9.21219930778858,484,7,0,3,1.31636697678109,1,0,1,1,0,0,1,0,1,1,0,0,0,0,0,0,1,0,0,0,0
8.93563370677184,484,8,0,3,1.61169647342312,1,0,1,1,0,0,1,0,1,1,0,0,0,0,0,0,0,1,0,0,0
10.4527638423716,484,9,0,3,1.94467955106552,1,0,1,1,0,0,1,0,1,1,0,0,0,0,0,0,0,0,1,0,0
10.9088902695958,484,10,0,3,2.32011692273655,1,0,1,1,0,0,1,0,1,1,0,0,0,0,0,0,0,0,0,1,0
0.806694287117655,485,1,0,1,0.01,0,1,1,1,1,1,1,1,0,1,0,0,0,0,0,0,0,0,0,0,0
-0.53596452084125,485,2,0,1,0.01,0,1,1,1,1,1,1,1,0,1,0,0,0,0,0,0,0,0,0,0,0
0.765137172257804,485,3,0,1,0.01,0,1,1,1,1,1,1,1,0,1,0,0,0,0,0,0,0,0,0,0,0
2.5788685001269,485,4,0,1,0.01,0,1,1,1,1,1,1,1,0,1,0,0,0,0,0,0,0,0,0,0,0
-0.485602583184055,485,5,0,1,0.01,0,1,1,1,1,1,1,1,0,1,0,0,0,0,0,0,0,0,0,0,0
0.252008832922611,485,6,0,1,0.01,0,1,1,1,1,1,1,1,0,1,0,0,0,0,0,0,0,0,0,0,0
2.04503029127804,485,7,0,1,0.01,0,1,1,1,1,1,1,1,0,1,0,0,0,0,0,0,0,0,0,0,0
-1.0064238313566,485,8,0,1,0.01,0,1,1,1,1,1,1,1,0,1,0,0,0,0,0,0,0,0,0,0,0
1.85404428362245,485,9,0,1,0.01,0,1,1,1,1,1,1,1,0,1,0,0,0,0,0,0,0,0,0,0,0
-1.2753161132815,485,10,0,1,0.01,0,1,1,1,1,1,1,1,0,1,0,0,0,0,0,0,0,0,0,0,0
-0.9460117171354,486,1,0,1,0.01,0,0,0,1,1,0,1,1,0,1,0,0,1,0,0,0,0,0,0,0,0
0.0181608228160325,486,2,0,1,0.01,0,0,0,1,1,0,1,1,0,1,0,1,0,0,0,0,0,0,0,0,0
1.14575125659865,486,3,0,1,0.01,0,0,0,1,1,0,1,1,0,1,1,0,0,0,0,0,0,0,0,0,0
-0.274674509323752,486,4,0,1,0.01,0,0,0,1,1,0,1,1,0,1,0,0,0,0,0,0,1,0,0,0,0
0.145682304212152,486,5,0,1,0.01,0,0,0,1,1,0,1,1,0,1,0,0,0,0,0,0,0,1,0,0,0
-1.67175490203987,486,6,0,1,0.01,0,0,0,1,1,0,1,1,0,1,0,0,0,0,0,0,0,0,1,0,0
0.338395195517946,486,7,0,1,0.01,0,0,0,1,1,0,1,1,0,1,0,0,0,0,0,0,0,0,0,1,0
0.972604449891875,486,8,0,1,0.01,0,0,0,1,1,0,1,1,0,1,0,0,0,0,0,0,0,0,0,0,1
1.09174950311753,486,9,0,1,0.01,0,0,0,1,1,0,1,1,0,1,0,0,0,0,0,0,0,0,0,0,0
-0.720910317458746,486,10,0,1,0.01,0,0,0,1,1,0,1,1,0,1,0,0,0,0,0,0,0,0,0,0,0
0.922393590060543,487,1,0,2,0.0512710963760241,1,0,1,1,1,0,1,1,0,0,0,0,0,0,0,0,0,0,0,0,0
-0.325387042433633,487,2,0,2,0.105170918075648,1,0,1,1,1,0,1,1,0,0,0,0,0,0,0,0,0,0,0,0,0
1.24727677499417,487,3,0,2,0.161834242728283,1,0,1,1,1,0,1,1,0,0,0,0,0,0,0,0,0,0,0,0,0
2.52557681174113,487,4,0,2,0.22140275816017,1,0,1,1,1,0,1,1,0,0,0,0,0,0,0,0,0,0,0,0,0
2.45346688625592,487,5,0,2,0.284025416687741,1,0,1,1,1,0,1,1,0,0,0,0,0,0,0,0,0,0,0,0,0
2.94666680093659,487,6,0,2,0.349858807576003,1,0,1,1,1,0,1,1,0,0,0,0,0,0,0,0,0,0,0,0,0
0.587256113538358,487,7,0,2,0.419067548593257,1,0,1,1,1,0,1,1,0,0,0,0,0,0,0,0,0,0,0,0,0
2.92285788812142,487,8,0,2,0.49182469764127,1,0,1,1,1,0,1,1,0,0,0,0,0,0,0,0,0,0,0,0,0
3.56896302375483,487,9,0,2,0.568312185490169,1,0,1,1,1,0,1,1,0,0,0,0,0,0,0,0,0,0,0,0,0
3.98507603453897,487,10,0,2,0.648721270700128,1,0,1,1,1,0,1,1,0,0,0,0,0,0,0,0,0,0,0,0,0
-0.790681733989572,488,1,0,2,0.0512710963760241,1,0,1,1,1,1,0,0,0,1,0,0,0,0,0,0,0,0,0,0,0
-0.948499548007416,488,2,0,2,0.105170918075648,1,0,1,1,1,1,0,0,0,1,0,0,0,0,0,0,0,0,0,0,0
0.185935867956012,488,3,0,2,0.161834242728283,1,0,1,1,1,1,0,0,0,1,0,0,0,0,0,0,0,0,0,0,0
0.214062974178922,488,4,0,2,0.22140275816017,1,0,1,1,1,1,0,0,0,1,0,0,0,0,0,0,0,0,0,0,0
1.54712932922807,488,5,0,2,0.284025416687741,1,0,1,1,1,1,0,0,0,1,0,0,0,0,0,0,0,0,0,0,0
1.74353739550951,488,6,0,2,0.349858807576003,1,0,1,1,1,1,0,0,0,1,0,0,0,0,0,0,0,0,0,0,0
0.169985024494294,488,7,0,2,0.419067548593257,1,0,1,1,1,1,0,0,0,1,0,0,0,0,0,0,0,0,0,0,0
1.30083231244086,488,8,0,2,0.49182469764127,1,0,1,1,1,1,0,0,0,1,0,0,0,0,0,0,0,0,0,0,0
2.19538008889338,488,9,0,2,0.568312185490169,1,0,1,1,1,1,0,0,0,1,0,0,0,0,0,0,0,0,0,0,0
5.89782975916624,488,10,0,2,0.648721270700128,1,0,1,1,1,1,0,0,0,1,0,0,0,0,0,0,0,0,0,0,0
0.860154769752284,489,1,0,1,0.01,0,0,0,1,1,0,0,0,1,0,0,0,0,0,0,0,0,0,0,0,0
-0.694154783584361,489,2,0,1,0.01,0,0,0,1,1,0,0,0,1,0,0,0,0,0,0,0,0,0,0,0,0
-2.12976233553438,489,3,0,1,0.01,0,0,0,1,1,0,0,0,1,0,0,0,0,0,0,0,0,0,0,0,0
0.355200526116134,489,4,0,1,0.01,0,0,0,1,1,0,0,0,1,0,0,0,0,0,0,0,0,0,0,0,0
-2.94170240592273,489,5,0,1,0.01,0,0,0,1,1,0,0,0,1,0,0,0,0,0,0,0,0,0,0,0,0
1.12217963653596,489,6,0,1,0.01,0,0,0,1,1,0,0,0,1,0,0,0,0,0,0,0,0,0,0,0,0
1.46657409003755,489,7,0,1,0.01,0,0,0,1,1,0,0,0,1,0,0,0,0,0,0,0,0,0,0,0,0
0.286093648666397,489,8,0,1,0.01,0,0,0,1,1,0,0,0,1,0,0,0,0,0,0,0,0,0,0,0,0
-1.02743811792224,489,9,0,1,0.01,0,0,0,1,1,0,0,0,1,0,0,0,0,0,0,0,0,0,0,0,0
0.84908286779637,489,10,0,1,0.01,0,0,0,1,1,0,0,0,1,0,0,0,0,0,0,0,0,0,0,0,0
-0.775936211584037,490,1,0,1,0.01,0,0,1,1,1,1,1,1,0,0,0,0,0,0,0,0,0,0,0,0,0
-0.907297237679263,490,2,0,1,0.01,0,0,1,1,1,1,1,1,0,0,0,0,0,0,0,0,0,0,0,0,0
1.78708676244477,490,3,0,1,0.01,0,0,1,1,1,1,1,1,0,0,0,0,0,0,0,0,0,0,0,0,0
-1.85104886729432,490,4,0,1,0.01,0,0,1,1,1,1,1,1,0,0,0,0,0,0,0,0,0,0,0,0,0
-0.16256672423945,490,5,0,1,0.01,0,0,1,1,1,1,1,1,0,0,0,0,0,0,0,0,0,0,0,0,0
-0.122908934304733,490,6,0,1,0.01,0,0,1,1,1,1,1,1,0,0,0,0,0,0,0,0,0,0,0,0,0
-0.701156009755335,490,7,0,1,0.01,0,0,1,1,1,1,1,1,0,0,0,0,0,0,0,0,0,0,0,0,0
0.0648423275068749,490,8,0,1,0.01,0,0,1,1,1,1,1,1,0,0,0,0,0,0,0,0,0,0,0,0,0
0.658527470903951,490,9,0,1,0.01,0,0,1,1,1,1,1,1,0,0,0,0,0,0,0,0,0,0,0,0,0
-0.982863421999185,490,10,0,1,0.01,0,0,1,1,1,1,1,1,0,0,0,0,0,0,0,0,0,0,0,0,0
1.46638504480182,491,1,0,2,0.0512710963760241,0,1,1,0,1,0,1,1,1,1,0,0,0,0,0,0,0,0,0,0,0
0.7471010464397,491,2,0,2,0.105170918075648,0,1,1,0,1,0,1,1,1,1,0,0,0,0,0,0,0,0,0,0,0
0.134703861682733,491,3,0,2,0.161834242728283,0,1,1,0,1,0,1,1,1,1,0,0,0,0,0,0,0,0,0,0,0
-0.388334205298929,491,4,0,2,0.22140275816017,0,1,1,0,1,0,1,1,1,1,0,0,0,0,0,0,0,0,0,0,0
-0.427084023023252,491,5,0,2,0.284025416687741,0,1,1,0,1,0,1,1,1,1,0,0,0,0,0,0,0,0,0,0,0
0.905512996555818,491,6,0,2,0.349858807576003,0,1,1,0,1,0,1,1,1,1,0,0,0,0,0,0,0,0,0,0,0
1.85103810762959,491,7,0,2,0.419067548593257,0,1,1,0,1,0,1,1,1,1,0,0,0,0,0,0,0,0,0,0,0
4.54367082516249,491,8,0,2,0.49182469764127,0,1,1,0,1,0,1,1,1,1,0,0,0,0,0,0,0,0,0,0,0
1.84406747825152,491,9,0,2,0.568312185490169,0,1,1,0,1,0,1,1,1,1,0,0,0,0,0,0,0,0,0,0,0
4.15344960387632,491,10,0,2,0.648721270700128,0,1,1,0,1,0,1,1,1,1,0,0,0,0,0,0,0,0,0,0,0
-0.635123849290956,492,1,0,2,0.0512710963760241,0,0,0,0,1,1,1,1,0,0,0,0,0,0,0,0,0,0,0,0,0
0.638387751565664,492,2,0,2,0.105170918075648,0,0,0,0,1,1,1,1,0,0,0,0,0,0,0,0,0,0,0,0,0
1.80024391364312,492,3,0,2,0.161834242728283,0,0,0,0,1,1,1,1,0,0,0,0,0,0,0,0,0,0,0,0,0
1.11360287854469,492,4,0,2,0.22140275816017,0,0,0,0,1,1,1,1,0,0,0,0,0,0,0,0,0,0,0,0,0
-0.607427060878502,492,5,0,2,0.284025416687741,0,0,0,0,1,1,1,1,0,0,0,0,0,0,0,0,0,0,0,0,0
0.565850117207649,492,6,0,2,0.349858807576003,0,0,0,0,1,1,1,1,0,0,0,0,0,0,0,0,0,0,0,0,0
2.11238350694173,492,7,0,2,0.419067548593257,0,0,0,0,1,1,1,1,0,0,0,0,0,0,0,0,0,0,0,0,0
2.75496212614051,492,8,0,2,0.49182469764127,0,0,0,0,1,1,1,1,0,0,0,0,0,0,0,0,0,0,0,0,0
2.23919915671903,492,9,0,2,0.568312185490169,0,0,0,0,1,1,1,1,0,0,0,0,0,0,0,0,0,0,0,0,0
2.97824950848238,492,10,0,2,0.648721270700128,0,0,0,0,1,1,1,1,0,0,0,0,0,0,0,0,0,0,0,0,0
-0.239624110022167,493,1,0,1,0.01,1,1,1,0,1,0,1,0,0,0,0,0,0,0,0,0,0,0,0,0,0
-1.58390686750131,493,2,0,1,0.01,1,1,1,0,1,0,1,0,0,0,0,0,0,0,0,0,0,0,0,0,0
-0.979961629744882,493,3,0,1,0.01,1,1,1,0,1,0,1,0,0,0,0,0,0,0,0,0,0,0,0,0,0
-2.39135461666457,493,4,0,1,0.01,1,1,1,0,1,0,1,0,0,0,0,0,0,0,0,0,0,0,0,0,0
0.499034345045186,493,5,0,1,0.01,1,1,1,0,1,0,1,0,0,0,0,0,0,0,0,0,0,0,0,0,0
-0.776100457260553,493,6,0,1,0.01,1,1,1,0,1,0,1,0,0,0,0,0,0,0,0,0,0,0,0,0,0
1.75983760907025,493,7,0,1,0.01,1,1,1,0,1,0,1,0,0,0,0,0,0,0,0,0,0,0,0,0,0
0.911406804449727,493,8,0,1,0.01,1,1,1,0,1,0,1,0,0,0,0,0,0,0,0,0,0,0,0,0,0
0.935822892585664,493,9,0,1,0.01,1,1,1,0,1,0,1,0,0,0,0,0,0,0,0,0,0,0,0,0,0
0.925100793508445,493,10,0,1,0.01,1,1,1,0,1,0,1,0,0,0,0,0,0,0,0,0,0,0,0,0,0
-0.103388861538737,494,1,0,2,0.0512710963760241,0,1,0,1,1,0,0,1,0,0,0,0,0,0,0,0,0,0,0,0,0
1.90195897405364,494,2,0,2,0.105170918075648,0,1,0,1,1,0,0,1,0,0,0,0,0,0,0,0,0,0,0,0,0
0.0302810559099086,494,3,0,2,0.161834242728283,0,1,0,1,1,0,0,1,0,0,0,0,0,0,0,0,0,0,0,0,0
-0.984779816244465,494,4,0,2,0.22140275816017,0,1,0,1,1,0,0,1,0,0,0,0,0,0,0,0,0,0,0,0,0
1.5286633567567,494,5,0,2,0.284025416687741,0,1,0,1,1,0,0,1,0,0,0,0,0,0,0,0,0,0,0,0,0
1.57689563009334,494,6,0,2,0.349858807576003,0,1,0,1,1,0,0,1,0,0,0,0,0,0,0,0,0,0,0,0,0
1.89095220695772,494,7,0,2,0.419067548593257,0,1,0,1,1,0,0,1,0,0,0,0,0,0,0,0,0,0,0,0,0
2.47094888031518,494,8,0,2,0.49182469764127,0,1,0,1,1,0,0,1,0,0,0,0,0,0,0,0,0,0,0,0,0
3.2112855360335,494,9,0,2,0.568312185490169,0,1,0,1,1,0,0,1,0,0,0,0,0,0,0,0,0,0,0,0,0
2.34411746145033,494,10,0,2,0.648721270700128,0,1,0,1,1,0,0,1,0,0,0,0,0,0,0,0,0,0,0,0,0
-1.63456235925129,495,1,0,1,0.01,0,0,0,1,1,0,0,1,1,0,0,1,0,0,0,0,0,0,0,0,0
-0.386021646057516,495,2,0,1,0.01,0,0,0,1,1,0,0,1,1,0,1,0,0,0,0,0,0,0,0,0,0
-1.30907757686273,495,3,0,1,0.01,0,0,0,1,1,0,0,1,1,0,0,0,0,0,0,0,1,0,0,0,0
0.472964389108033,495,4,0,1,0.01,0,0,0,1,1,0,0,1,1,0,0,0,0,0,0,0,0,1,0,0,0
0.291602481763121,495,5,0,1,0.01,0,0,0,1,1,0,0,1,1,0,0,0,0,0,0,0,0,0,1,0,0
0.914971614073538,495,6,0,1,0.01,0,0,0,1,1,0,0,1,1,0,0,0,0,0,0,0,0,0,0,1,0
0.514727461694093,495,7,0,1,0.01,0,0,0,1,1,0,0,1,1,0,0,0,0,0,0,0,0,0,0,0,1
0.0484434895439572,495,8,0,1,0.01,0,0,0,1,1,0,0,1,1,0,0,0,0,0,0,0,0,0,0,0,0
1.39421923568126,495,9,0,1,0.01,0,0,0,1,1,0,0,1,1,0,0,0,0,0,0,0,0,0,0,0,0
-0.913839187025553,495,10,0,1,0.01,0,0,0,1,1,0,0,1,1,0,0,0,0,0,0,0,0,0,0,0,0
0.208094543060572,496,1,0,1,0.01,0,1,0,0,1,1,1,1,0,1,0,0,1,0,0,0,0,0,0,0,0
-1.01540099049038,496,2,0,1,0.01,0,1,0,0,1,1,1,1,0,1,0,1,0,0,0,0,0,0,0,0,0
-1.12183278694058,496,3,0,1,0.01,0,1,0,0,1,1,1,1,0,1,1,0,0,0,0,0,0,0,0,0,0
-0.133747379651388,496,4,0,1,0.01,0,1,0,0,1,1,1,1,0,1,0,0,0,0,0,0,1,0,0,0,0
0.0809934093102003,496,5,0,1,0.01,0,1,0,0,1,1,1,1,0,1,0,0,0,0,0,0,0,1,0,0,0
-0.332496699477242,496,6,0,1,0.01,0,1,0,0,1,1,1,1,0,1,0,0,0,0,0,0,0,0,1,0,0
-0.137207811616723,496,7,0,1,0.01,0,1,0,0,1,1,1,1,0,1,0,0,0,0,0,0,0,0,0,1,0
-0.389864522676197,496,8,0,1,0.01,0,1,0,0,1,1,1,1,0,1,0,0,0,0,0,0,0,0,0,0,1
-0.133932621529224,496,9,0,1,0.01,0,1,0,0,1,1,1,1,0,1,0,0,0,0,0,0,0,0,0,0,0
-0.629138856422151,496,10,0,1,0.01,0,1,0,0,1,1,1,1,0,1,0,0,0,0,0,0,0,0,0,0,0
0.225077557109531,497,1,0,2,0.0512710963760241,0,0,0,0,0,0,0,0,0,0,0,0,0,0,0,0,0,0,0,0,0
-0.830181988712399,497,2,0,2,0.105170918075648,0,0,0,0,0,0,0,0,0,0,0,0,0,0,0,0,0,0,0,0,0
-2.20924839310596,497,3,0,2,0.161834242728283,0,0,0,0,0,0,0,0,0,0,0,0,0,0,0,0,0,0,0,0,0
0.661860873089015,497,4,0,2,0.22140275816017,0,0,0,0,0,0,0,0,0,0,0,0,0,0,0,0,0,0,0,0,0
1.58928960977922,497,5,0,2,0.284025416687741,0,0,0,0,0,0,0,0,0,0,0,0,0,0,0,0,0,0,0,0,0
1.47009799496624,497,6,0,2,0.349858807576003,0,0,0,0,0,0,0,0,0,0,0,0,0,0,0,0,0,0,0,0,0
2.42435386255107,497,7,0,2,0.419067548593257,0,0,0,0,0,0,0,0,0,0,0,0,0,0,0,0,0,0,0,0,0
1.84730490191707,497,8,0,2,0.49182469764127,0,0,0,0,0,0,0,0,0,0,0,0,0,0,0,0,0,0,0,0,0
2.5674327387499,497,9,0,2,0.568312185490169,0,0,0,0,0,0,0,0,0,0,0,0,0,0,0,0,0,0,0,0,0
2.90782111074384,497,10,0,2,0.648721270700128,0,0,0,0,0,0,0,0,0,0,0,0,0,0,0,0,0,0,0,0,0
0.597375591199031,498,1,0,1,0.01,0,1,1,0,0,1,0,1,1,1,0,0,0,0,0,0,0,0,0,0,0
0.508707912472687,498,2,0,1,0.01,0,1,1,0,0,1,0,1,1,1,0,0,0,0,0,0,0,0,0,0,0
1.50640711058603,498,3,0,1,0.01,0,1,1,0,0,1,0,1,1,1,0,0,0,0,0,0,0,0,0,0,0
-0.528737030912369,498,4,0,1,0.01,0,1,1,0,0,1,0,1,1,1,0,0,0,0,0,0,0,0,0,0,0
0.456907016673708,498,5,0,1,0.01,0,1,1,0,0,1,0,1,1,1,0,0,0,0,0,0,0,0,0,0,0
0.551928560842123,498,6,0,1,0.01,0,1,1,0,0,1,0,1,1,1,0,0,0,0,0,0,0,0,0,0,0
0.0366071902066642,498,7,0,1,0.01,0,1,1,0,0,1,0,1,1,1,0,0,0,0,0,0,0,0,0,0,0
0.368127306441962,498,8,0,1,0.01,0,1,1,0,0,1,0,1,1,1,0,0,0,0,0,0,0,0,0,0,0
0.166036191982528,498,9,0,1,0.01,0,1,1,0,0,1,0,1,1,1,0,0,0,0,0,0,0,0,0,0,0
1.14338522071875,498,10,0,1,0.01,0,1,1,0,0,1,0,1,1,1,0,0,0,0,0,0,0,0,0,0,0
-1.63420987866397,499,1,0,2,0.0512710963760241,1,1,1,1,1,1,1,1,1,1,0,0,0,0,0,0,0,0,0,0,0
-0.62379072210655,499,2,0,2,0.105170918075648,1,1,1,1,1,1,1,1,1,1,0,0,0,0,0,0,0,0,0,0,0
0.179330220654588,499,3,0,2,0.161834242728283,1,1,1,1,1,1,1,1,1,1,0,0,0,0,0,0,0,0,0,0,0
1.48789664018049,499,4,0,2,0.22140275816017,1,1,1,1,1,1,1,1,1,1,0,0,0,0,0,0,0,0,0,0,0
3.5577607819021,499,5,0,2,0.284025416687741,1,1,1,1,1,1,1,1,1,1,0,0,0,0,0,0,0,0,0,0,0
1.86410446197637,499,6,0,2,0.349858807576003,1,1,1,1,1,1,1,1,1,1,0,0,0,0,0,0,0,0,0,0,0
1.34942478572357,499,7,0,2,0.419067548593257,1,1,1,1,1,1,1,1,1,1,0,0,0,0,0,0,0,0,0,0,0
2.93551838028884,499,8,0,2,0.49182469764127,1,1,1,1,1,1,1,1,1,1,0,0,0,0,0,0,0,0,0,0,0
1.58906472310629,499,9,0,2,0.568312185490169,1,1,1,1,1,1,1,1,1,1,0,0,0,0,0,0,0,0,0,0,0
3.00678567274907,499,10,0,2,0.648721270700128,1,1,1,1,1,1,1,1,1,1,0,0,0,0,0,0,0,0,0,0,0
2.84486692675185,500,1,0,1,0.01,0,1,0,0,0,0,1,0,1,0,0,0,0,0,0,0,0,0,0,0,0
-0.44181416299781,500,2,0,1,0.01,0,1,0,0,0,0,1,0,1,0,0,0,0,0,0,0,0,0,0,0,0
2.03553467034865,500,3,0,1,0.01,0,1,0,0,0,0,1,0,1,0,0,0,0,0,0,0,0,0,0,0,0
-0.256140753878619,500,4,0,1,0.01,0,1,0,0,0,0,1,0,1,0,0,0,0,0,0,0,0,0,0,0,0
-0.467005329134859,500,5,0,1,0.01,0,1,0,0,0,0,1,0,1,0,0,0,0,0,0,0,0,0,0,0,0
-0.115175138279607,500,6,0,1,0.01,0,1,0,0,0,0,1,0,1,0,0,0,0,0,0,0,0,0,0,0,0
1.05081848555692,500,7,0,1,0.01,0,1,0,0,0,0,1,0,1,0,0,0,0,0,0,0,0,0,0,0,0
0.462349644024116,500,8,0,1,0.01,0,1,0,0,0,0,1,0,1,0,0,0,0,0,0,0,0,0,0,0,0
0.27488504642984,500,9,0,1,0.01,0,1,0,0,0,0,1,0,1,0,0,0,0,0,0,0,0,0,0,0,0
-0.360498577109816,500,10,0,1,0.01,0,1,0,0,0,0,1,0,1,0,0,0,0,0,0,0,0,0,0,0,0
0.559572693564337,501,1,0,3,0.127496851579376,1,0,0,1,0,1,1,0,1,0,0,0,0,0,0,0,0,0,0,0,0
2.67688484055031,501,2,0,3,0.271249150321405,1,0,0,1,0,1,1,0,1,0,0,0,0,0,0,0,0,0,0,0,0
2.25788813941027,501,3,0,3,0.43332941456034,1,0,0,1,0,1,1,0,1,0,0,0,0,0,0,0,0,0,0,0,0
4.35897697381054,501,4,0,3,0.616074402192893,1,0,0,1,0,1,1,0,1,0,0,0,0,0,0,1,0,0,0,0,0
2.9450977167194,501,5,0,3,0.822118800390509,1,0,0,1,0,1,1,0,1,0,0,0,0,0,1,0,0,0,0,0,0
7.64900294003401,501,6,0,3,1.05443321064389,1,0,0,1,0,1,1,0,1,0,0,0,0,1,0,0,0,0,0,0,0
7.09568839035944,501,7,0,3,1.31636697678109,1,0,0,1,0,1,1,0,1,0,0,0,1,0,0,0,0,0,0,0,0
7.1382665723979,501,8,0,3,1.61169647342312,1,0,0,1,0,1,1,0,1,0,0,1,0,0,0,0,0,0,0,0,0
9.5853800444113,501,9,0,3,1.94467955106552,1,0,0,1,0,1,1,0,1,0,1,0,0,0,0,0,0,0,0,0,0
11.2848493239306,501,10,0,3,2.32011692273655,1,0,0,1,0,1,1,0,1,0,0,0,0,0,0,0,1,0,0,0,0
1.48904353032873,502,1,0,2,0.0512710963760241,1,0,0,1,1,0,1,1,1,0,0,0,0,0,0,0,0,0,0,0,0
1.40761837966175,502,2,0,2,0.105170918075648,1,0,0,1,1,0,1,1,1,0,0,0,0,0,0,0,0,0,0,0,0
1.18843384685318,502,3,0,2,0.161834242728283,1,0,0,1,1,0,1,1,1,0,0,0,0,0,0,0,0,0,0,0,0
2.32939092459491,502,4,0,2,0.22140275816017,1,0,0,1,1,0,1,1,1,0,0,0,0,0,0,0,0,0,0,0,0
0.85048212061817,502,5,0,2,0.284025416687741,1,0,0,1,1,0,1,1,1,0,0,0,0,0,0,0,0,0,0,0,0
1.80686390238212,502,6,0,2,0.349858807576003,1,0,0,1,1,0,1,1,1,0,0,0,0,0,0,0,0,0,0,0,0
1.55891833248148,502,7,0,2,0.419067548593257,1,0,0,1,1,0,1,1,1,0,0,0,0,0,0,0,0,0,0,0,0
1.66154848345583,502,8,0,2,0.49182469764127,1,0,0,1,1,0,1,1,1,0,0,0,0,0,0,0,0,0,0,0,0
3.09588114337251,502,9,0,2,0.568312185490169,1,0,0,1,1,0,1,1,1,0,0,0,0,0,0,0,0,0,0,0,0
3.36829483247242,502,10,0,2,0.648721270700128,1,0,0,1,1,0,1,1,1,0,0,0,0,0,0,0,0,0,0,0,0
0.0187906526061528,503,1,0,2,0.0512710963760241,0,0,0,0,0,1,0,0,0,0,0,0,0,0,0,0,0,0,0,0,0
-0.228630769871001,503,2,0,2,0.105170918075648,0,0,0,0,0,1,0,0,0,0,0,0,0,0,0,0,0,0,0,0,0
0.0767370709981732,503,3,0,2,0.161834242728283,0,0,0,0,0,1,0,0,0,0,0,0,0,0,0,0,0,0,0,0,0
0.107092138035288,503,4,0,2,0.22140275816017,0,0,0,0,0,1,0,0,0,0,0,0,0,0,0,0,0,0,0,0,0
2.12527419368251,503,5,0,2,0.284025416687741,0,0,0,0,0,1,0,0,0,0,0,0,0,0,0,0,0,0,0,0,0
0.289942296217625,503,6,0,2,0.349858807576003,0,0,0,0,0,1,0,0,0,0,0,0,0,0,0,0,0,0,0,0,0
2.85922917193687,503,7,0,2,0.419067548593257,0,0,0,0,0,1,0,0,0,0,0,0,0,0,0,0,0,0,0,0,0
2.75460665555926,503,8,0,2,0.49182469764127,0,0,0,0,0,1,0,0,0,0,0,0,0,0,0,0,0,0,0,0,0
2.68077777986714,503,9,0,2,0.568312185490169,0,0,0,0,0,1,0,0,0,0,0,0,0,0,0,0,0,0,0,0,0
4.64454752537853,503,10,0,2,0.648721270700128,0,0,0,0,0,1,0,0,0,0,0,0,0,0,0,0,0,0,0,0,0
-1.4150298494621,504,1,0,1,0.01,1,1,0,1,0,0,0,1,1,1,0,0,0,0,0,0,0,0,0,0,0
1.08895557754082,504,2,0,1,0.01,1,1,0,1,0,0,0,1,1,1,0,0,0,0,0,0,0,0,0,0,0
-0.0394272274432605,504,3,0,1,0.01,1,1,0,1,0,0,0,1,1,1,0,0,0,0,0,0,0,0,0,0,0
-1.65017809750743,504,4,0,1,0.01,1,1,0,1,0,0,0,1,1,1,0,0,0,0,0,0,0,0,0,0,0
1.71732866238781,504,5,0,1,0.01,1,1,0,1,0,0,0,1,1,1,0,0,0,0,0,0,0,0,0,0,0
1.09770795267142,504,6,0,1,0.01,1,1,0,1,0,0,0,1,1,1,0,0,0,0,0,0,0,0,0,0,0
-1.17976036772567,504,7,0,1,0.01,1,1,0,1,0,0,0,1,1,1,0,0,0,0,0,0,0,0,0,0,0
1.00628519043192,504,8,0,1,0.01,1,1,0,1,0,0,0,1,1,1,0,0,0,0,0,0,0,0,0,0,0
-0.990849773049862,504,9,0,1,0.01,1,1,0,1,0,0,0,1,1,1,0,0,0,0,0,0,0,0,0,0,0
-0.392855457561181,504,10,0,1,0.01,1,1,0,1,0,0,0,1,1,1,0,0,0,0,0,0,0,0,0,0,0
0.553395317905798,505,1,0,2,0.0512710963760241,1,0,0,0,0,1,0,1,1,0,0,0,0,0,0,0,0,0,0,0,0
1.25223278065305,505,2,0,2,0.105170918075648,1,0,0,0,0,1,0,1,1,0,0,0,0,0,0,0,0,0,0,0,0
1.96132748108298,505,3,0,2,0.161834242728283,1,0,0,0,0,1,0,1,1,0,0,0,0,0,0,0,0,0,0,0,0
0.958141976929244,505,4,0,2,0.22140275816017,1,0,0,0,0,1,0,1,1,0,0,0,0,0,0,0,0,0,0,0,0
0.240968107803112,505,5,0,2,0.284025416687741,1,0,0,0,0,1,0,1,1,0,0,0,0,0,0,0,0,0,0,0,0
-0.21219690774668,505,6,0,2,0.349858807576003,1,0,0,0,0,1,0,1,1,0,0,0,0,0,0,0,0,0,0,0,0
0.845026580338483,505,7,0,2,0.419067548593257,1,0,0,0,0,1,0,1,1,0,0,0,0,0,0,0,0,0,0,0,0
1.65300675137581,505,8,0,2,0.49182469764127,1,0,0,0,0,1,0,1,1,0,0,0,0,0,0,0,0,0,0,0,0
3.61695524747063,505,9,0,2,0.568312185490169,1,0,0,0,0,1,0,1,1,0,0,0,0,0,0,0,0,0,0,0,0
1.07153341091744,505,10,0,2,0.648721270700128,1,0,0,0,0,1,0,1,1,0,0,0,0,0,0,0,0,0,0,0,0
1.44253764717041,506,1,0,2,0.0512710963760241,0,0,1,0,1,0,1,1,0,1,0,0,0,0,0,0,0,0,0,0,0
0.462666745392101,506,2,0,2,0.105170918075648,0,0,1,0,1,0,1,1,0,1,0,0,0,0,0,0,0,0,0,0,0
0.0646721351220468,506,3,0,2,0.161834242728283,0,0,1,0,1,0,1,1,0,1,0,0,0,0,0,0,0,0,0,0,0
0.14198269211961,506,4,0,2,0.22140275816017,0,0,1,0,1,0,1,1,0,1,0,0,0,0,0,0,0,0,0,0,0
3.04006672088329,506,5,0,2,0.284025416687741,0,0,1,0,1,0,1,1,0,1,0,0,0,0,0,0,0,0,0,0,0
0.385073306564246,506,6,0,2,0.349858807576003,0,0,1,0,1,0,1,1,0,1,0,0,0,0,0,0,0,0,0,0,0
1.04886966672949,506,7,0,2,0.419067548593257,0,0,1,0,1,0,1,1,0,1,0,0,0,0,0,0,0,0,0,0,0
2.47975960862325,506,8,0,2,0.49182469764127,0,0,1,0,1,0,1,1,0,1,0,0,0,0,0,0,0,0,0,0,0
3.75672914821191,506,9,0,2,0.568312185490169,0,0,1,0,1,0,1,1,0,1,0,0,0,0,0,0,0,0,0,0,0
3.22597773801741,506,10,0,2,0.648721270700128,0,0,1,0,1,0,1,1,0,1,0,0,0,0,0,0,0,0,0,0,0
-0.689555826974025,507,1,0,2,0.0512710963760241,0,1,0,1,0,0,0,1,0,1,0,0,0,0,0,0,0,0,0,0,0
0.758562070171733,507,2,0,2,0.105170918075648,0,1,0,1,0,0,0,1,0,1,0,0,0,0,0,0,0,0,0,0,0
0.206302921883331,507,3,0,2,0.161834242728283,0,1,0,1,0,0,0,1,0,1,0,0,0,0,0,0,0,0,0,0,0
0.910658357500306,507,4,0,2,0.22140275816017,0,1,0,1,0,0,0,1,0,1,0,0,0,0,0,0,0,0,0,0,0
1.34439548539535,507,5,0,2,0.284025416687741,0,1,0,1,0,0,0,1,0,1,0,0,0,0,0,0,0,0,0,0,0
1.72328497520774,507,6,0,2,0.349858807576003,0,1,0,1,0,0,0,1,0,1,0,0,0,0,0,0,0,0,0,0,0
3.5588915096322,507,7,0,2,0.419067548593257,0,1,0,1,0,0,0,1,0,1,0,0,0,0,0,0,0,0,0,0,0
2.12007914320539,507,8,0,2,0.49182469764127,0,1,0,1,0,0,0,1,0,1,0,0,0,0,0,0,0,0,0,0,0
2.99870087117871,507,9,0,2,0.568312185490169,0,1,0,1,0,0,0,1,0,1,0,0,0,0,0,0,0,0,0,0,0
2.69459759269621,507,10,0,2,0.648721270700128,0,1,0,1,0,0,0,1,0,1,0,0,0,0,0,0,0,0,0,0,0
0.373514756053309,508,1,0,2,0.0512710963760241,0,1,1,1,1,0,0,0,0,1,0,0,0,0,0,0,0,0,0,0,0
-0.242239496752753,508,2,0,2,0.105170918075648,0,1,1,1,1,0,0,0,0,1,0,0,0,0,0,0,0,0,0,0,0
0.286388918136013,508,3,0,2,0.161834242728283,0,1,1,1,1,0,0,0,0,1,0,0,0,0,0,0,0,0,0,0,0
0.729411754331703,508,4,0,2,0.22140275816017,0,1,1,1,1,0,0,0,0,1,0,0,0,0,0,0,0,0,0,0,0
1.60184865845669,508,5,0,2,0.284025416687741,0,1,1,1,1,0,0,0,0,1,0,0,0,0,0,0,0,0,0,0,0
1.98295150280717,508,6,0,2,0.349858807576003,0,1,1,1,1,0,0,0,0,1,0,0,0,0,0,0,0,0,0,0,0
2.60782158964119,508,7,0,2,0.419067548593257,0,1,1,1,1,0,0,0,0,1,0,0,0,0,0,0,0,0,0,0,0
2.89874530343763,508,8,0,2,0.49182469764127,0,1,1,1,1,0,0,0,0,1,0,0,0,0,0,0,0,0,0,0,0
5.34973371991182,508,9,0,2,0.568312185490169,0,1,1,1,1,0,0,0,0,1,0,0,0,0,0,0,0,0,0,0,0
3.95534053666786,508,10,0,2,0.648721270700128,0,1,1,1,1,0,0,0,0,1,0,0,0,0,0,0,0,0,0,0,0
-1.11475306451433,509,1,0,1,0.01,1,1,0,1,1,1,1,0,1,1,0,0,0,0,0,0,0,0,0,0,0
1.05646215673822,509,2,0,1,0.01,1,1,0,1,1,1,1,0,1,1,0,0,0,0,0,0,0,0,0,0,0
-2.14513949066166,509,3,0,1,0.01,1,1,0,1,1,1,1,0,1,1,0,0,0,0,0,0,0,0,0,0,0
1.95970110785306,509,4,0,1,0.01,1,1,0,1,1,1,1,0,1,1,0,0,0,0,0,0,0,0,0,0,0
0.470612828764734,509,5,0,1,0.01,1,1,0,1,1,1,1,0,1,1,0,0,0,0,0,0,0,0,0,0,0
1.08747941062568,509,6,0,1,0.01,1,1,0,1,1,1,1,0,1,1,0,0,0,0,0,0,0,0,0,0,0
0.107286640583282,509,7,0,1,0.01,1,1,0,1,1,1,1,0,1,1,0,0,0,0,0,0,0,0,0,0,0
-0.348942319668654,509,8,0,1,0.01,1,1,0,1,1,1,1,0,1,1,0,0,0,0,0,0,0,0,0,0,0
0.113165650051101,509,9,0,1,0.01,1,1,0,1,1,1,1,0,1,1,0,0,0,0,0,0,0,0,0,0,0
0.333289628734488,509,10,0,1,0.01,1,1,0,1,1,1,1,0,1,1,0,0,0,0,0,0,0,0,0,0,0
1.32329117641373,510,1,0,1,0.01,0,0,1,0,0,0,0,0,1,0,0,0,0,0,0,0,0,0,0,0,0
0.924064925451996,510,2,0,1,0.01,0,0,1,0,0,0,0,0,1,0,0,0,0,0,0,0,0,0,0,0,0
0.307506921878889,510,3,0,1,0.01,0,0,1,0,0,0,0,0,1,0,0,0,0,0,0,0,0,0,0,0,0
0.426787691377657,510,4,0,1,0.01,0,0,1,0,0,0,0,0,1,0,0,0,0,0,0,0,0,0,0,0,0
-1.09355197167348,510,5,0,1,0.01,0,0,1,0,0,0,0,0,1,0,0,0,0,0,0,0,0,0,0,0,0
1.55954106066689,510,6,0,1,0.01,0,0,1,0,0,0,0,0,1,0,0,0,0,0,0,0,0,0,0,0,0
-0.142820378992061,510,7,0,1,0.01,0,0,1,0,0,0,0,0,1,0,0,0,0,0,0,0,0,0,0,0,0
-0.812554556888189,510,8,0,1,0.01,0,0,1,0,0,0,0,0,1,0,0,0,0,0,0,0,0,0,0,0,0
1.11766948987459,510,9,0,1,0.01,0,0,1,0,0,0,0,0,1,0,0,0,0,0,0,0,0,0,0,0,0
1.75619895017864,510,10,0,1,0.01,0,0,1,0,0,0,0,0,1,0,0,0,0,0,0,0,0,0,0,0,0
-0.9204488625417,511,1,0,2,0.0512710963760241,1,1,0,1,0,1,1,1,0,1,0,0,0,0,0,0,0,0,0,0,0
0.550688665549722,511,2,0,2,0.105170918075648,1,1,0,1,0,1,1,1,0,1,0,0,0,0,0,0,0,0,0,0,0
-0.246336904185096,511,3,0,2,0.161834242728283,1,1,0,1,0,1,1,1,0,1,0,0,0,0,0,0,0,0,0,0,0
1.25305959162428,511,4,0,2,0.22140275816017,1,1,0,1,0,1,1,1,0,1,0,0,0,0,0,0,0,0,0,0,0
-0.419105305991794,511,5,0,2,0.284025416687741,1,1,0,1,0,1,1,1,0,1,0,0,0,0,0,0,0,0,0,0,0
2.76547069811978,511,6,0,2,0.349858807576003,1,1,0,1,0,1,1,1,0,1,0,0,0,0,0,0,0,0,0,0,0
2.68369939693554,511,7,0,2,0.419067548593257,1,1,0,1,0,1,1,1,0,1,0,0,0,0,0,0,0,0,0,0,0
2.90293783720851,511,8,0,2,0.49182469764127,1,1,0,1,0,1,1,1,0,1,0,0,0,0,0,0,0,0,0,0,0
3.25979871162504,511,9,0,2,0.568312185490169,1,1,0,1,0,1,1,1,0,1,0,0,0,0,0,0,0,0,0,0,0
2.06120880027889,511,10,0,2,0.648721270700128,1,1,0,1,0,1,1,1,0,1,0,0,0,0,0,0,0,0,0,0,0
-0.801474878095013,512,1,0,3,0.127496851579376,0,0,1,0,0,1,1,1,0,1,0,0,0,0,0,0,0,0,0,0,0
0.845064504448829,512,2,0,3,0.271249150321405,0,0,1,0,0,1,1,1,0,1,0,0,0,0,0,0,0,0,0,0,0
1.15394231156231,512,3,0,3,0.43332941456034,0,0,1,0,0,1,1,1,0,1,0,0,0,0,0,0,0,0,0,0,0
4.47170426121289,512,4,0,3,0.616074402192893,0,0,1,0,0,1,1,1,0,1,0,0,0,0,0,0,0,0,0,0,0
5.21696203248543,512,5,0,3,0.822118800390509,0,0,1,0,0,1,1,1,0,1,0,0,0,0,0,0,0,0,0,0,0
3.6491983791679,512,6,0,3,1.05443321064389,0,0,1,0,0,1,1,1,0,1,0,0,0,0,0,0,0,0,0,0,0
6.72178190897843,512,7,0,3,1.31636697678109,0,0,1,0,0,1,1,1,0,1,0,0,0,0,0,0,0,0,0,0,0
7.39711675231583,512,8,0,3,1.61169647342312,0,0,1,0,0,1,1,1,0,1,0,0,0,0,0,0,0,0,0,0,0
8.69822313935458,512,9,0,3,1.94467955106552,0,0,1,0,0,1,1,1,0,1,0,0,0,0,0,0,0,0,0,0,0
11.4209481670679,512,10,0,3,2.32011692273655,0,0,1,0,0,1,1,1,0,1,0,0,0,0,0,0,0,0,0,0,0
0.759452835629938,513,1,0,2,0.0512710963760241,0,0,0,1,0,1,0,0,1,1,0,0,0,0,0,0,0,0,0,0,0
0.946141946514118,513,2,0,2,0.105170918075648,0,0,0,1,0,1,0,0,1,1,0,0,0,0,0,0,0,0,0,0,0
0.248297783629844,513,3,0,2,0.161834242728283,0,0,0,1,0,1,0,0,1,1,0,0,0,0,0,0,0,0,0,0,0
-0.855986733918874,513,4,0,2,0.22140275816017,0,0,0,1,0,1,0,0,1,1,0,0,0,0,0,0,0,0,0,0,0
1.87987331064212,513,5,0,2,0.284025416687741,0,0,0,1,0,1,0,0,1,1,0,0,0,0,0,0,0,0,0,0,0
1.33619319322259,513,6,0,2,0.349858807576003,0,0,0,1,0,1,0,0,1,1,0,0,0,0,0,0,0,0,0,0,0
0.792214808968366,513,7,0,2,0.419067548593257,0,0,0,1,0,1,0,0,1,1,0,0,0,0,0,0,0,0,0,0,0
-0.888302091955379,513,8,0,2,0.49182469764127,0,0,0,1,0,1,0,0,1,1,0,0,0,0,0,0,0,0,0,0,0
2.30229013082158,513,9,0,2,0.568312185490169,0,0,0,1,0,1,0,0,1,1,0,0,0,0,0,0,0,0,0,0,0
3.94337016713056,513,10,0,2,0.648721270700128,0,0,0,1,0,1,0,0,1,1,0,0,0,0,0,0,0,0,0,0,0
1.84819221040193,514,1,0,1,0.01,0,0,1,1,0,1,1,0,0,0,0,0,0,0,0,0,0,0,0,0,0
1.14221833123796,514,2,0,1,0.01,0,0,1,1,0,1,1,0,0,0,0,0,0,0,0,0,0,0,0,0,0
-0.0961496508367604,514,3,0,1,0.01,0,0,1,1,0,1,1,0,0,0,0,0,0,0,0,0,0,0,0,0,0
-1.25283013324472,514,4,0,1,0.01,0,0,1,1,0,1,1,0,0,0,0,0,0,0,0,0,0,0,0,0,0
0.960759419730774,514,5,0,1,0.01,0,0,1,1,0,1,1,0,0,0,0,0,0,0,0,0,0,0,0,0,0
-0.290387836082611,514,6,0,1,0.01,0,0,1,1,0,1,1,0,0,0,0,0,0,0,0,0,0,0,0,0,0
0.694203418426632,514,7,0,1,0.01,0,0,1,1,0,1,1,0,0,0,0,0,0,0,0,0,0,0,0,0,0
0.219465502542027,514,8,0,1,0.01,0,0,1,1,0,1,1,0,0,0,0,0,0,0,0,0,0,0,0,0,0
0.703957128211072,514,9,0,1,0.01,0,0,1,1,0,1,1,0,0,0,0,0,0,0,0,0,0,0,0,0,0
0.557456216999055,514,10,0,1,0.01,0,0,1,1,0,1,1,0,0,0,0,0,0,0,0,0,0,0,0,0,0
1.79861994319658,515,1,0,3,0.127496851579376,0,1,1,1,1,0,1,1,1,1,0,0,1,0,0,0,0,0,0,0,0
1.81893215766705,515,2,0,3,0.271249150321405,0,1,1,1,1,0,1,1,1,1,0,1,0,0,0,0,0,0,0,0,0
0.749301693472292,515,3,0,3,0.43332941456034,0,1,1,1,1,0,1,1,1,1,1,0,0,0,0,0,0,0,0,0,0
3.10833348115299,515,4,0,3,0.616074402192893,0,1,1,1,1,0,1,1,1,1,0,0,0,0,0,0,1,0,0,0,0
2.57300932312572,515,5,0,3,0.822118800390509,0,1,1,1,1,0,1,1,1,1,0,0,0,0,0,0,0,1,0,0,0
5.46701467208667,515,6,0,3,1.05443321064389,0,1,1,1,1,0,1,1,1,1,0,0,0,0,0,0,0,0,1,0,0
6.34612851897812,515,7,0,3,1.31636697678109,0,1,1,1,1,0,1,1,1,1,0,0,0,0,0,0,0,0,0,1,0
7.32214022234885,515,8,0,3,1.61169647342312,0,1,1,1,1,0,1,1,1,1,0,0,0,0,0,0,0,0,0,0,1
10.6134260669218,515,9,0,3,1.94467955106552,0,1,1,1,1,0,1,1,1,1,0,0,0,0,0,0,0,0,0,0,0
10.7361976269173,515,10,0,3,2.32011692273655,0,1,1,1,1,0,1,1,1,1,0,0,0,0,0,0,0,0,0,0,0
-0.964265678383098,516,1,0,2,0.0512710963760241,0,1,0,1,0,0,0,1,1,1,0,1,0,0,0,0,0,0,0,0,0
2.08277327281231,516,2,0,2,0.105170918075648,0,1,0,1,0,0,0,1,1,1,1,0,0,0,0,0,0,0,0,0,0
0.527215890481992,516,3,0,2,0.161834242728283,0,1,0,1,0,0,0,1,1,1,0,0,0,0,0,0,1,0,0,0,0
0.516486658462087,516,4,0,2,0.22140275816017,0,1,0,1,0,0,0,1,1,1,0,0,0,0,0,0,0,1,0,0,0
1.36075957796338,516,5,0,2,0.284025416687741,0,1,0,1,0,0,0,1,1,1,0,0,0,0,0,0,0,0,1,0,0
2.20711514346988,516,6,0,2,0.349858807576003,0,1,0,1,0,0,0,1,1,1,0,0,0,0,0,0,0,0,0,1,0
4.17467291848807,516,7,0,2,0.419067548593257,0,1,0,1,0,0,0,1,1,1,0,0,0,0,0,0,0,0,0,0,1
4.37562078215721,516,8,0,2,0.49182469764127,0,1,0,1,0,0,0,1,1,1,0,0,0,0,0,0,0,0,0,0,0
4.53562019134309,516,9,0,2,0.568312185490169,0,1,0,1,0,0,0,1,1,1,0,0,0,0,0,0,0,0,0,0,0
4.06277036867129,516,10,0,2,0.648721270700128,0,1,0,1,0,0,0,1,1,1,0,0,0,0,0,0,0,0,0,0,0
-1.01425016188734,517,1,0,1,0.01,0,1,1,1,1,1,1,0,1,1,0,0,0,0,0,0,0,0,0,0,0
-0.0359760943594565,517,2,0,1,0.01,0,1,1,1,1,1,1,0,1,1,0,0,0,0,0,0,0,0,0,0,0
-2.20674206610882,517,3,0,1,0.01,0,1,1,1,1,1,1,0,1,1,0,0,0,0,0,0,0,0,0,0,0
-0.185819037262395,517,4,0,1,0.01,0,1,1,1,1,1,1,0,1,1,0,0,0,0,0,0,0,0,0,0,0
1.15778588524464,517,5,0,1,0.01,0,1,1,1,1,1,1,0,1,1,0,0,0,0,0,0,0,0,0,0,0
-0.543088370923554,517,6,0,1,0.01,0,1,1,1,1,1,1,0,1,1,0,0,0,0,0,0,0,0,0,0,0
-0.50301458975027,517,7,0,1,0.01,0,1,1,1,1,1,1,0,1,1,0,0,0,0,0,0,0,0,0,0,0
1.70229145670737,517,8,0,1,0.01,0,1,1,1,1,1,1,0,1,1,0,0,0,0,0,0,0,0,0,0,0
0.218107718426335,517,9,0,1,0.01,0,1,1,1,1,1,1,0,1,1,0,0,0,0,0,0,0,0,0,0,0
1.34889275523914,517,10,0,1,0.01,0,1,1,1,1,1,1,0,1,1,0,0,0,0,0,0,0,0,0,0,0
-0.583824417538037,518,1,0,1,0.01,1,0,1,0,1,1,0,0,0,1,0,0,0,0,0,0,0,0,0,0,0
-0.270036942605368,518,2,0,1,0.01,1,0,1,0,1,1,0,0,0,1,0,0,0,0,0,0,0,0,0,0,0
1.41563691779792,518,3,0,1,0.01,1,0,1,0,1,1,0,0,0,1,0,0,0,0,0,0,0,0,0,0,0
0.94583396854479,518,4,0,1,0.01,1,0,1,0,1,1,0,0,0,1,0,0,0,0,0,0,0,0,0,0,0
-0.320960589406008,518,5,0,1,0.01,1,0,1,0,1,1,0,0,0,1,0,0,0,0,0,0,0,0,0,0,0
0.0573727112679677,518,6,0,1,0.01,1,0,1,0,1,1,0,0,0,1,0,0,0,0,0,0,0,0,0,0,0
-0.0523546825001462,518,7,0,1,0.01,1,0,1,0,1,1,0,0,0,1,0,0,0,0,0,0,0,0,0,0,0
-0.0366309262876981,518,8,0,1,0.01,1,0,1,0,1,1,0,0,0,1,0,0,0,0,0,0,0,0,0,0,0
2.00488126001609,518,9,0,1,0.01,1,0,1,0,1,1,0,0,0,1,0,0,0,0,0,0,0,0,0,0,0
0.385771741204908,518,10,0,1,0.01,1,0,1,0,1,1,0,0,0,1,0,0,0,0,0,0,0,0,0,0,0
0.714958682437634,519,1,0,2,0.0512710963760241,0,1,1,1,0,0,0,1,1,1,0,0,0,0,0,0,0,0,0,0,0
0.371329024317259,519,2,0,2,0.105170918075648,0,1,1,1,0,0,0,1,1,1,0,0,0,0,0,0,0,0,0,0,0
1.90588968264263,519,3,0,2,0.161834242728283,0,1,1,1,0,0,0,1,1,1,0,0,0,0,0,0,0,0,0,0,0
0.297283229609368,519,4,0,2,0.22140275816017,0,1,1,1,0,0,0,1,1,1,0,0,0,0,0,0,0,0,0,0,0
2.3492832171669,519,5,0,2,0.284025416687741,0,1,1,1,0,0,0,1,1,1,0,0,0,0,0,0,0,0,0,0,0
1.80183664621969,519,6,0,2,0.349858807576003,0,1,1,1,0,0,0,1,1,1,0,0,0,0,0,0,0,0,0,0,0
1.31075424468116,519,7,0,2,0.419067548593257,0,1,1,1,0,0,0,1,1,1,0,0,0,0,0,0,0,0,0,0,0
3.31423280920924,519,8,0,2,0.49182469764127,0,1,1,1,0,0,0,1,1,1,0,0,0,0,0,0,0,0,0,0,0
2.11219579910252,519,9,0,2,0.568312185490169,0,1,1,1,0,0,0,1,1,1,0,0,0,0,0,0,0,0,0,0,0
1.66784458304659,519,10,0,2,0.648721270700128,0,1,1,1,0,0,0,1,1,1,0,0,0,0,0,0,0,0,0,0,0
1.59336893509328,520,1,0,2,0.0512710963760241,0,0,1,0,0,1,0,0,0,0,0,0,0,0,0,0,0,0,0,0,0
0.390985302644247,520,2,0,2,0.105170918075648,0,0,1,0,0,1,0,0,0,0,0,0,0,0,0,0,0,0,0,0,0
-0.223872812019319,520,3,0,2,0.161834242728283,0,0,1,0,0,1,0,0,0,0,0,0,0,0,0,0,0,0,0,0,0
1.2026065237629,520,4,0,2,0.22140275816017,0,0,1,0,0,1,0,0,0,0,0,0,0,0,0,0,0,0,0,0,0
0.955406802657696,520,5,0,2,0.284025416687741,0,0,1,0,0,1,0,0,0,0,0,0,0,0,0,0,0,0,0,0,0
1.27346080500772,520,6,0,2,0.349858807576003,0,0,1,0,0,1,0,0,0,0,0,0,0,0,0,0,0,0,0,0,0
-0.204428266421053,520,7,0,2,0.419067548593257,0,0,1,0,0,1,0,0,0,0,0,0,0,0,0,0,0,0,0,0,0
2.85703239126772,520,8,0,2,0.49182469764127,0,0,1,0,0,1,0,0,0,0,0,0,0,0,0,0,0,0,0,0,0
3.1288914496085,520,9,0,2,0.568312185490169,0,0,1,0,0,1,0,0,0,0,0,0,0,0,0,0,0,0,0,0,0
3.38152558072904,520,10,0,2,0.648721270700128,0,0,1,0,0,1,0,0,0,0,0,0,0,0,0,0,0,0,0,0,0
1.23444839991088,521,1,0,2,0.0512710963760241,1,1,0,1,1,1,1,0,1,1,0,0,0,0,0,0,0,0,0,0,0
1.26333320669959,521,2,0,2,0.105170918075648,1,1,0,1,1,1,1,0,1,1,0,0,0,0,0,0,0,0,0,0,0
-1.12412766583327,521,3,0,2,0.161834242728283,1,1,0,1,1,1,1,0,1,1,0,0,0,0,0,0,0,0,0,0,0
1.22507897887768,521,4,0,2,0.22140275816017,1,1,0,1,1,1,1,0,1,1,0,0,0,0,0,0,0,0,0,0,0
0.955999996793055,521,5,0,2,0.284025416687741,1,1,0,1,1,1,1,0,1,1,0,0,0,0,0,0,0,0,0,0,0
1.4262763328759,521,6,0,2,0.349858807576003,1,1,0,1,1,1,1,0,1,1,0,0,0,0,0,0,0,0,0,0,0
4.06103653704652,521,7,0,2,0.419067548593257,1,1,0,1,1,1,1,0,1,1,0,0,0,0,0,0,0,0,0,0,0
2.13911337786576,521,8,0,2,0.49182469764127,1,1,0,1,1,1,1,0,1,1,0,0,0,0,0,0,0,0,0,0,0
3.07950897889507,521,9,0,2,0.568312185490169,1,1,0,1,1,1,1,0,1,1,0,0,0,0,0,0,0,0,0,0,0
3.25213221749421,521,10,0,2,0.648721270700128,1,1,0,1,1,1,1,0,1,1,0,0,0,0,0,0,0,0,0,0,0
1.32614183488436,522,1,0,2,0.0512710963760241,0,1,0,1,0,0,1,0,1,1,0,0,0,0,0,0,0,0,0,0,0
1.17054513090095,522,2,0,2,0.105170918075648,0,1,0,1,0,0,1,0,1,1,0,0,0,0,0,0,0,0,0,0,0
0.74855473751098,522,3,0,2,0.161834242728283,0,1,0,1,0,0,1,0,1,1,0,0,0,0,0,0,0,0,0,0,0
-0.401910601819324,522,4,0,2,0.22140275816017,0,1,0,1,0,0,1,0,1,1,0,0,0,0,0,0,0,0,0,0,0
1.89406768053647,522,5,0,2,0.284025416687741,0,1,0,1,0,0,1,0,1,1,0,0,0,0,0,0,0,0,0,0,0
2.70673948792255,522,6,0,2,0.349858807576003,0,1,0,1,0,0,1,0,1,1,0,0,0,0,0,0,0,0,0,0,0
2.6118522798828,522,7,0,2,0.419067548593257,0,1,0,1,0,0,1,0,1,1,0,0,0,0,0,0,0,0,0,0,0
0.837518306471527,522,8,0,2,0.49182469764127,0,1,0,1,0,0,1,0,1,1,0,0,0,0,0,0,0,0,0,0,0
1.53927182974932,522,9,0,2,0.568312185490169,0,1,0,1,0,0,1,0,1,1,0,0,0,0,0,0,0,0,0,0,0
3.77654291319092,522,10,0,2,0.648721270700128,0,1,0,1,0,0,1,0,1,1,0,0,0,0,0,0,0,0,0,0,0
2.32609017692628,523,1,0,2,0.0512710963760241,0,1,0,1,0,1,1,0,1,1,0,0,0,0,0,0,0,0,0,0,0
0.896326745290887,523,2,0,2,0.105170918075648,0,1,0,1,0,1,1,0,1,1,0,0,0,0,0,0,0,0,0,0,0
3.26017871608843,523,3,0,2,0.161834242728283,0,1,0,1,0,1,1,0,1,1,0,0,0,0,0,0,0,0,0,0,0
2.97971506630426,523,4,0,2,0.22140275816017,0,1,0,1,0,1,1,0,1,1,0,0,0,0,0,0,0,0,0,0,0
1.41262148377225,523,5,0,2,0.284025416687741,0,1,0,1,0,1,1,0,1,1,0,0,0,0,0,0,0,0,0,0,0
2.50962641981309,523,6,0,2,0.349858807576003,0,1,0,1,0,1,1,0,1,1,0,0,0,0,0,0,0,0,0,0,0
2.14673300577426,523,7,0,2,0.419067548593257,0,1,0,1,0,1,1,0,1,1,0,0,0,0,0,0,0,0,0,0,0
3.40048975398978,523,8,0,2,0.49182469764127,0,1,0,1,0,1,1,0,1,1,0,0,0,0,0,0,0,0,0,0,0
2.44886875034337,523,9,0,2,0.568312185490169,0,1,0,1,0,1,1,0,1,1,0,0,0,0,0,0,0,0,0,0,0
3.40034976928067,523,10,0,2,0.648721270700128,0,1,0,1,0,1,1,0,1,1,0,0,0,0,0,0,0,0,0,0,0
0.0693207783595222,524,1,0,2,0.0512710963760241,0,0,1,1,0,0,0,1,0,0,0,0,0,0,0,0,0,0,0,0,0
0.287857084163947,524,2,0,2,0.105170918075648,0,0,1,1,0,0,0,1,0,0,0,0,0,0,0,0,0,0,0,0,0
0.467634037421328,524,3,0,2,0.161834242728283,0,0,1,1,0,0,0,1,0,0,0,0,0,0,0,0,0,0,0,0,0
3.24292824955925,524,4,0,2,0.22140275816017,0,0,1,1,0,0,0,1,0,0,0,0,0,0,0,0,0,0,0,0,0
2.54885903934505,524,5,0,2,0.284025416687741,0,0,1,1,0,0,0,1,0,0,0,0,0,0,0,0,0,0,0,0,0
-0.302008419165005,524,6,0,2,0.349858807576003,0,0,1,1,0,0,0,1,0,0,0,0,0,0,0,0,0,0,0,0,0
3.24858266125598,524,7,0,2,0.419067548593257,0,0,1,1,0,0,0,1,0,0,0,0,0,0,0,0,0,0,0,0,0
3.79424651214655,524,8,0,2,0.49182469764127,0,0,1,1,0,0,0,1,0,0,0,0,0,0,0,0,0,0,0,0,0
3.39885672192659,524,9,0,2,0.568312185490169,0,0,1,1,0,0,0,1,0,0,0,0,0,0,0,0,0,0,0,0,0
4.99662841154761,524,10,0,2,0.648721270700128,0,0,1,1,0,0,0,1,0,0,0,0,0,0,0,0,0,0,0,0,0
-0.142765258102882,525,1,0,2,0.0512710963760241,0,1,0,1,1,1,1,1,0,0,0,0,0,0,0,0,0,0,0,0,0
0.569266632628351,525,2,0,2,0.105170918075648,0,1,0,1,1,1,1,1,0,0,0,0,0,0,0,0,0,0,0,0,0
0.728669657793785,525,3,0,2,0.161834242728283,0,1,0,1,1,1,1,1,0,0,0,0,0,0,0,0,0,0,0,0,0
1.34080434758608,525,4,0,2,0.22140275816017,0,1,0,1,1,1,1,1,0,0,0,0,0,0,0,0,0,0,0,0,0
1.48720541975307,525,5,0,2,0.284025416687741,0,1,0,1,1,1,1,1,0,0,0,0,0,0,0,0,0,0,0,0,0
1.15602943493689,525,6,0,2,0.349858807576003,0,1,0,1,1,1,1,1,0,0,0,0,0,0,0,0,0,0,0,0,0
0.853763390733156,525,7,0,2,0.419067548593257,0,1,0,1,1,1,1,1,0,0,0,0,0,0,0,0,0,0,0,0,0
2.54000564123058,525,8,0,2,0.49182469764127,0,1,0,1,1,1,1,1,0,0,0,0,0,0,0,0,0,0,0,0,0
1.43146380578165,525,9,0,2,0.568312185490169,0,1,0,1,1,1,1,1,0,0,0,0,0,0,0,0,0,0,0,0,0
4.13339784907514,525,10,0,2,0.648721270700128,0,1,0,1,1,1,1,1,0,0,0,0,0,0,0,0,0,0,0,0,0
0.698526689871118,526,1,0,2,0.0512710963760241,0,0,0,0,0,1,1,1,1,0,0,0,0,0,0,0,0,0,0,0,0
1.3545377263644,526,2,0,2,0.105170918075648,0,0,0,0,0,1,1,1,1,0,0,0,0,0,0,0,0,0,0,0,0
2.00017315542382,526,3,0,2,0.161834242728283,0,0,0,0,0,1,1,1,1,0,0,0,0,0,0,0,0,0,0,0,0
2.16076404987013,526,4,0,2,0.22140275816017,0,0,0,0,0,1,1,1,1,0,0,0,0,0,0,0,0,0,0,0,0
2.33176084631876,526,5,0,2,0.284025416687741,0,0,0,0,0,1,1,1,1,0,0,0,0,0,0,0,0,0,0,0,0
0.854510209488185,526,6,0,2,0.349858807576003,0,0,0,0,0,1,1,1,1,0,0,0,0,0,0,0,0,0,0,0,0
1.95629865883572,526,7,0,2,0.419067548593257,0,0,0,0,0,1,1,1,1,0,0,0,0,0,0,0,0,0,0,0,0
2.90591673546025,526,8,0,2,0.49182469764127,0,0,0,0,0,1,1,1,1,0,0,0,0,0,0,0,0,0,0,0,0
2.55117110496556,526,9,0,2,0.568312185490169,0,0,0,0,0,1,1,1,1,0,0,0,0,0,0,0,0,0,0,0,0
3.40885958682593,526,10,0,2,0.648721270700128,0,0,0,0,0,1,1,1,1,0,0,0,0,0,0,0,0,0,0,0,0
-0.811459200580311,527,1,0,1,0.01,1,1,0,0,1,1,0,1,1,0,0,0,0,0,0,0,0,0,0,0,0
0.263351266524234,527,2,0,1,0.01,1,1,0,0,1,1,0,1,1,0,0,0,0,0,0,0,0,0,0,0,0
-0.716820466626893,527,3,0,1,0.01,1,1,0,0,1,1,0,1,1,0,0,0,0,0,0,0,0,0,0,0,0
0.854481545160846,527,4,0,1,0.01,1,1,0,0,1,1,0,1,1,0,0,0,0,0,0,0,0,0,0,0,0
-0.514553480186515,527,5,0,1,0.01,1,1,0,0,1,1,0,1,1,0,0,0,0,0,0,0,0,0,0,0,0
1.35670086187569,527,6,0,1,0.01,1,1,0,0,1,1,0,1,1,0,0,0,0,0,0,0,0,0,0,0,0
0.809492086226714,527,7,0,1,0.01,1,1,0,0,1,1,0,1,1,0,0,0,0,0,0,0,0,0,0,0,0
-0.123519518430058,527,8,0,1,0.01,1,1,0,0,1,1,0,1,1,0,0,0,0,0,0,0,0,0,0,0,0
0.580020615536339,527,9,0,1,0.01,1,1,0,0,1,1,0,1,1,0,0,0,0,0,0,0,0,0,0,0,0
-0.215357471893707,527,10,0,1,0.01,1,1,0,0,1,1,0,1,1,0,0,0,0,0,0,0,0,0,0,0,0
1.51719497483149,528,1,0,1,0.01,1,1,0,0,1,1,0,0,0,1,0,0,0,0,0,0,0,0,0,0,0
-0.842415693214029,528,2,0,1,0.01,1,1,0,0,1,1,0,0,0,1,0,0,0,0,0,0,0,0,0,0,0
-0.34284572230475,528,3,0,1,0.01,1,1,0,0,1,1,0,0,0,1,0,0,0,0,0,0,0,0,0,0,0
1.00792135092274,528,4,0,1,0.01,1,1,0,0,1,1,0,0,0,1,0,0,0,0,0,0,0,0,0,0,0
0.811759234467045,528,5,0,1,0.01,1,1,0,0,1,1,0,0,0,1,0,0,0,0,0,0,0,0,0,0,0
1.3972705046254,528,6,0,1,0.01,1,1,0,0,1,1,0,0,0,1,0,0,0,0,0,0,0,0,0,0,0
-1.46725544675375,528,7,0,1,0.01,1,1,0,0,1,1,0,0,0,1,0,0,0,0,0,0,0,0,0,0,0
-0.715271173177798,528,8,0,1,0.01,1,1,0,0,1,1,0,0,0,1,0,0,0,0,0,0,0,0,0,0,0
0.0907920969969748,528,9,0,1,0.01,1,1,0,0,1,1,0,0,0,1,0,0,0,0,0,0,0,0,0,0,0
-1.67514584355077,528,10,0,1,0.01,1,1,0,0,1,1,0,0,0,1,0,0,0,0,0,0,0,0,0,0,0
-0.144801441560879,529,1,0,2,0.0512710963760241,1,1,0,1,1,1,0,0,1,0,1,0,0,0,0,0,0,0,0,0,0
0.610944928126501,529,2,0,2,0.105170918075648,1,1,0,1,1,1,0,0,1,0,0,0,0,0,0,0,1,0,0,0,0
0.514220965639994,529,3,0,2,0.161834242728283,1,1,0,1,1,1,0,0,1,0,0,0,0,0,0,0,0,1,0,0,0
1.51333628763397,529,4,0,2,0.22140275816017,1,1,0,1,1,1,0,0,1,0,0,0,0,0,0,0,0,0,1,0,0
0.781752150875899,529,5,0,2,0.284025416687741,1,1,0,1,1,1,0,0,1,0,0,0,0,0,0,0,0,0,0,1,0
0.16641245747968,529,6,0,2,0.349858807576003,1,1,0,1,1,1,0,0,1,0,0,0,0,0,0,0,0,0,0,0,1
3.55574382293911,529,7,0,2,0.419067548593257,1,1,0,1,1,1,0,0,1,0,0,0,0,0,0,0,0,0,0,0,0
1.6204777874078,529,8,0,2,0.49182469764127,1,1,0,1,1,1,0,0,1,0,0,0,0,0,0,0,0,0,0,0,0
3.57193463235032,529,9,0,2,0.568312185490169,1,1,0,1,1,1,0,0,1,0,0,0,0,0,0,0,0,0,0,0,0
2.66320614103692,529,10,0,2,0.648721270700128,1,1,0,1,1,1,0,0,1,0,0,0,0,0,0,0,0,0,0,0,0
0.778521217240004,530,1,0,2,0.0512710963760241,0,0,0,1,1,1,1,1,1,1,0,0,0,0,0,0,0,0,0,0,0
0.115637162409986,530,2,0,2,0.105170918075648,0,0,0,1,1,1,1,1,1,1,0,0,0,0,0,0,0,0,0,0,0
0.494730552910455,530,3,0,2,0.161834242728283,0,0,0,1,1,1,1,1,1,1,0,0,0,0,0,0,0,0,0,0,0
1.32548072981176,530,4,0,2,0.22140275816017,0,0,0,1,1,1,1,1,1,1,0,0,0,0,0,0,0,0,0,0,0
1.73400646324209,530,5,0,2,0.284025416687741,0,0,0,1,1,1,1,1,1,1,0,0,0,0,0,0,0,0,0,0,0
0.934844550807422,530,6,0,2,0.349858807576003,0,0,0,1,1,1,1,1,1,1,0,0,0,0,0,0,0,0,0,0,0
2.77214368812894,530,7,0,2,0.419067548593257,0,0,0,1,1,1,1,1,1,1,0,0,0,0,0,0,0,0,0,0,0
1.9202904377216,530,8,0,2,0.49182469764127,0,0,0,1,1,1,1,1,1,1,0,0,0,0,0,0,0,0,0,0,0
1.33459039080663,530,9,0,2,0.568312185490169,0,0,0,1,1,1,1,1,1,1,0,0,0,0,0,0,0,0,0,0,0
3.00436803677713,530,10,0,2,0.648721270700128,0,0,0,1,1,1,1,1,1,1,0,0,0,0,0,0,0,0,0,0,0
0.200127531530045,531,1,0,1,0.01,0,1,0,0,0,0,1,0,1,1,1,0,0,0,0,0,0,0,0,0,0
1.07044101046515,531,2,0,1,0.01,0,1,0,0,0,0,1,0,1,1,0,0,0,0,0,0,1,0,0,0,0
0.556014201068897,531,3,0,1,0.01,0,1,0,0,0,0,1,0,1,1,0,0,0,0,0,0,0,1,0,0,0
1.46264523057992,531,4,0,1,0.01,0,1,0,0,0,0,1,0,1,1,0,0,0,0,0,0,0,0,1,0,0
0.595663196962054,531,5,0,1,0.01,0,1,0,0,0,0,1,0,1,1,0,0,0,0,0,0,0,0,0,1,0
-0.562832087658366,531,6,0,1,0.01,0,1,0,0,0,0,1,0,1,1,0,0,0,0,0,0,0,0,0,0,1
0.835757945117636,531,7,0,1,0.01,0,1,0,0,0,0,1,0,1,1,0,0,0,0,0,0,0,0,0,0,0
-0.47368779547352,531,8,0,1,0.01,0,1,0,0,0,0,1,0,1,1,0,0,0,0,0,0,0,0,0,0,0
0.0299114681838316,531,9,0,1,0.01,0,1,0,0,0,0,1,0,1,1,0,0,0,0,0,0,0,0,0,0,0
-1.89057334499432,531,10,0,1,0.01,0,1,0,0,0,0,1,0,1,1,0,0,0,0,0,0,0,0,0,0,0
0.54953555913816,532,1,0,2,0.0512710963760241,1,0,0,1,1,0,1,0,0,0,0,0,0,0,0,0,0,0,0,0,0
2.57255686976619,532,2,0,2,0.105170918075648,1,0,0,1,1,0,1,0,0,0,0,0,0,0,0,0,0,0,0,0,0
1.76265693101123,532,3,0,2,0.161834242728283,1,0,0,1,1,0,1,0,0,0,0,0,0,0,0,0,0,0,0,0,0
2.44491256755641,532,4,0,2,0.22140275816017,1,0,0,1,1,0,1,0,0,0,0,0,0,0,0,0,0,0,0,0,0
1.15183234687565,532,5,0,2,0.284025416687741,1,0,0,1,1,0,1,0,0,0,0,0,0,0,0,0,0,0,0,0,0
2.88143233400044,532,6,0,2,0.349858807576003,1,0,0,1,1,0,1,0,0,0,0,0,0,0,0,0,0,0,0,0,0
1.23727686109127,532,7,0,2,0.419067548593257,1,0,0,1,1,0,1,0,0,0,0,0,0,0,0,0,0,0,0,0,0
2.8475412629631,532,8,0,2,0.49182469764127,1,0,0,1,1,0,1,0,0,0,0,0,0,0,0,0,0,0,0,0,0
2.71319752011167,532,9,0,2,0.568312185490169,1,0,0,1,1,0,1,0,0,0,0,0,0,0,0,0,0,0,0,0,0
3.23703483383925,532,10,0,2,0.648721270700128,1,0,0,1,1,0,1,0,0,0,0,0,0,0,0,0,0,0,0,0,0
0.0411881892807782,533,1,0,1,0.01,0,0,0,0,0,0,1,0,0,1,0,0,0,0,0,0,0,0,0,0,0
0.701451807216389,533,2,0,1,0.01,0,0,0,0,0,0,1,0,0,1,0,0,0,0,0,0,0,0,0,0,0
-0.375027703659785,533,3,0,1,0.01,0,0,0,0,0,0,1,0,0,1,0,0,0,0,0,0,0,0,0,0,0
0.589413485384921,533,4,0,1,0.01,0,0,0,0,0,0,1,0,0,1,0,0,0,0,0,0,0,0,0,0,0
1.32871784986622,533,5,0,1,0.01,0,0,0,0,0,0,1,0,0,1,0,0,0,0,0,0,0,0,0,0,0
-0.230470009559312,533,6,0,1,0.01,0,0,0,0,0,0,1,0,0,1,0,0,0,0,0,0,0,0,0,0,0
0.0426643056127557,533,7,0,1,0.01,0,0,0,0,0,0,1,0,0,1,0,0,0,0,0,0,0,0,0,0,0
-0.250145510539316,533,8,0,1,0.01,0,0,0,0,0,0,1,0,0,1,0,0,0,0,0,0,0,0,0,0,0
-0.743613704936829,533,9,0,1,0.01,0,0,0,0,0,0,1,0,0,1,0,0,0,0,0,0,0,0,0,0,0
-0.874898064375447,533,10,0,1,0.01,0,0,0,0,0,0,1,0,0,1,0,0,0,0,0,0,0,0,0,0,0
-1.13468266014361,534,1,0,1,0.01,1,0,0,1,1,0,1,0,1,0,0,0,0,0,0,0,0,0,0,0,0
0.0187126365192174,534,2,0,1,0.01,1,0,0,1,1,0,1,0,1,0,0,0,0,0,0,0,0,0,0,0,0
0.498714677284215,534,3,0,1,0.01,1,0,0,1,1,0,1,0,1,0,0,0,0,0,0,0,0,0,0,0,0
-2.25086033297333,534,4,0,1,0.01,1,0,0,1,1,0,1,0,1,0,0,0,0,0,0,0,0,0,0,0,0
1.83941537965856,534,5,0,1,0.01,1,0,0,1,1,0,1,0,1,0,0,0,0,0,0,0,0,0,0,0,0
-0.159080323172993,534,6,0,1,0.01,1,0,0,1,1,0,1,0,1,0,0,0,0,0,0,0,0,0,0,0,0
1.57739400698834,534,7,0,1,0.01,1,0,0,1,1,0,1,0,1,0,0,0,0,0,0,0,0,0,0,0,0
-0.931486853669575,534,8,0,1,0.01,1,0,0,1,1,0,1,0,1,0,0,0,0,0,0,0,0,0,0,0,0
-0.0642767957967583,534,9,0,1,0.01,1,0,0,1,1,0,1,0,1,0,0,0,0,0,0,0,0,0,0,0,0
0.911624251611122,534,10,0,1,0.01,1,0,0,1,1,0,1,0,1,0,0,0,0,0,0,0,0,0,0,0,0
-0.14955103293109,535,1,0,1,0.01,1,1,0,1,0,0,1,1,1,1,0,0,0,0,0,0,0,0,0,0,0
1.02564126495536,535,2,0,1,0.01,1,1,0,1,0,0,1,1,1,1,0,0,0,0,0,0,0,0,0,0,0
-0.938096451671228,535,3,0,1,0.01,1,1,0,1,0,0,1,1,1,1,0,0,0,0,0,0,0,0,0,0,0
2.58922325022701,535,4,0,1,0.01,1,1,0,1,0,0,1,1,1,1,0,0,0,0,0,0,0,0,0,0,0
1.14989448178569,535,5,0,1,0.01,1,1,0,1,0,0,1,1,1,1,0,0,0,0,0,0,0,0,0,0,0
0.96380613473365,535,6,0,1,0.01,1,1,0,1,0,0,1,1,1,1,0,0,0,0,0,0,0,0,0,0,0
0.504555561422772,535,7,0,1,0.01,1,1,0,1,0,0,1,1,1,1,0,0,0,0,0,0,0,0,0,0,0
-0.401267778266016,535,8,0,1,0.01,1,1,0,1,0,0,1,1,1,1,0,0,0,0,0,0,0,0,0,0,0
-0.126754420846752,535,9,0,1,0.01,1,1,0,1,0,0,1,1,1,1,0,0,0,0,0,0,0,0,0,0,0
-1.3678264900526,535,10,0,1,0.01,1,1,0,1,0,0,1,1,1,1,0,0,0,0,0,0,0,0,0,0,0
0.991334097764432,536,1,0,1,0.01,0,1,1,1,0,1,0,0,1,1,0,0,0,0,0,0,0,0,0,0,0
0.465248927411809,536,2,0,1,0.01,0,1,1,1,0,1,0,0,1,1,0,0,0,0,0,0,0,0,0,0,0
-0.579332570438719,536,3,0,1,0.01,0,1,1,1,0,1,0,0,1,1,0,0,0,0,0,0,0,0,0,0,0
-1.00101126971705,536,4,0,1,0.01,0,1,1,1,0,1,0,0,1,1,0,0,0,0,0,0,0,0,0,0,0
-0.995935460973074,536,5,0,1,0.01,0,1,1,1,0,1,0,0,1,1,0,0,0,0,0,0,0,0,0,0,0
0.0190500170547292,536,6,0,1,0.01,0,1,1,1,0,1,0,0,1,1,0,0,0,0,0,0,0,0,0,0,0
0.144545745958571,536,7,0,1,0.01,0,1,1,1,0,1,0,0,1,1,0,0,0,0,0,0,0,0,0,0,0
-0.290063643721109,536,8,0,1,0.01,0,1,1,1,0,1,0,0,1,1,0,0,0,0,0,0,0,0,0,0,0
1.05273885506538,536,9,0,1,0.01,0,1,1,1,0,1,0,0,1,1,0,0,0,0,0,0,0,0,0,0,0
0.553868531987316,536,10,0,1,0.01,0,1,1,1,0,1,0,0,1,1,0,0,0,0,0,0,0,0,0,0,0
-0.177413275900096,537,1,0,1,0.01,0,0,1,1,1,0,1,0,0,0,1,0,0,0,0,0,0,0,0,0,0
0.861308936909703,537,2,0,1,0.01,0,0,1,1,1,0,1,0,0,0,0,0,0,0,0,0,1,0,0,0,0
1.22559356191252,537,3,0,1,0.01,0,0,1,1,1,0,1,0,0,0,0,0,0,0,0,0,0,1,0,0,0
-0.759458269380724,537,4,0,1,0.01,0,0,1,1,1,0,1,0,0,0,0,0,0,0,0,0,0,0,1,0,0
0.51838863838591,537,5,0,1,0.01,0,0,1,1,1,0,1,0,0,0,0,0,0,0,0,0,0,0,0,1,0
-0.971789189205838,537,6,0,1,0.01,0,0,1,1,1,0,1,0,0,0,0,0,0,0,0,0,0,0,0,0,1
-0.404563835530399,537,7,0,1,0.01,0,0,1,1,1,0,1,0,0,0,0,0,0,0,0,0,0,0,0,0,0
0.146203071161831,537,8,0,1,0.01,0,0,1,1,1,0,1,0,0,0,0,0,0,0,0,0,0,0,0,0,0
-1.25440123094203,537,9,0,1,0.01,0,0,1,1,1,0,1,0,0,0,0,0,0,0,0,0,0,0,0,0,0
-0.393512425269309,537,10,0,1,0.01,0,0,1,1,1,0,1,0,0,0,0,0,0,0,0,0,0,0,0,0,0
1.74256161828825,538,1,0,2,0.0512710963760241,0,1,1,0,0,1,0,1,1,0,0,0,0,0,0,0,0,0,0,0,0
-0.337120654832827,538,2,0,2,0.105170918075648,0,1,1,0,0,1,0,1,1,0,0,0,0,0,0,0,0,0,0,0,0
1.9490651890756,538,3,0,2,0.161834242728283,0,1,1,0,0,1,0,1,1,0,0,0,0,0,0,0,0,0,0,0,0
1.96919460336297,538,4,0,2,0.22140275816017,0,1,1,0,0,1,0,1,1,0,0,0,0,0,0,0,0,0,0,0,0
2.02353426112742,538,5,0,2,0.284025416687741,0,1,1,0,0,1,0,1,1,0,0,0,0,0,0,0,0,0,0,0,0
3.10078419619638,538,6,0,2,0.349858807576003,0,1,1,0,0,1,0,1,1,0,0,0,0,0,0,0,0,0,0,0,0
1.48277425081954,538,7,0,2,0.419067548593257,0,1,1,0,0,1,0,1,1,0,0,0,0,0,0,0,0,0,0,0,0
3.5118275700331,538,8,0,2,0.49182469764127,0,1,1,0,0,1,0,1,1,0,0,0,0,0,0,0,0,0,0,0,0
2.95322653624755,538,9,0,2,0.568312185490169,0,1,1,0,0,1,0,1,1,0,0,0,0,0,0,0,0,0,0,0,0
3.45750551049279,538,10,0,2,0.648721270700128,0,1,1,0,0,1,0,1,1,0,0,0,0,0,0,0,0,0,0,0,0
1.74262612277576,539,1,0,2,0.0512710963760241,0,1,1,0,0,0,0,1,1,1,0,0,0,0,0,0,0,0,0,0,0
0.374055753951905,539,2,0,2,0.105170918075648,0,1,1,0,0,0,0,1,1,1,0,0,0,0,0,0,0,0,0,0,0
-0.0246137967048178,539,3,0,2,0.161834242728283,0,1,1,0,0,0,0,1,1,1,0,0,0,0,0,0,0,0,0,0,0
0.220910486249231,539,4,0,2,0.22140275816017,0,1,1,0,0,0,0,1,1,1,0,0,0,0,0,0,0,0,0,0,0
0.97877170916214,539,5,0,2,0.284025416687741,0,1,1,0,0,0,0,1,1,1,0,0,0,0,0,0,0,0,0,0,0
1.52015911787472,539,6,0,2,0.349858807576003,0,1,1,0,0,0,0,1,1,1,0,0,0,0,0,0,0,0,0,0,0
1.74597224210489,539,7,0,2,0.419067548593257,0,1,1,0,0,0,0,1,1,1,0,0,0,0,0,0,0,0,0,0,0
1.84719241463654,539,8,0,2,0.49182469764127,0,1,1,0,0,0,0,1,1,1,0,0,0,0,0,0,0,0,0,0,0
3.89044794224728,539,9,0,2,0.568312185490169,0,1,1,0,0,0,0,1,1,1,0,0,0,0,0,0,0,0,0,0,0
3.16376157927511,539,10,0,2,0.648721270700128,0,1,1,0,0,0,0,1,1,1,0,0,0,0,0,0,0,0,0,0,0
-0.999959176651907,540,1,0,2,0.0512710963760241,1,1,0,1,1,0,0,1,0,0,0,0,0,0,0,1,0,0,0,0,0
-0.0210895385582425,540,2,0,2,0.105170918075648,1,1,0,1,1,0,0,1,0,0,0,0,0,0,1,0,0,0,0,0,0
2.26446405191444,540,3,0,2,0.161834242728283,1,1,0,1,1,0,0,1,0,0,0,0,0,1,0,0,0,0,0,0,0
1.00046696778917,540,4,0,2,0.22140275816017,1,1,0,1,1,0,0,1,0,0,0,0,1,0,0,0,0,0,0,0,0
2.04684150203841,540,5,0,2,0.284025416687741,1,1,0,1,1,0,0,1,0,0,0,1,0,0,0,0,0,0,0,0,0
3.24594590980394,540,6,0,2,0.349858807576003,1,1,0,1,1,0,0,1,0,0,1,0,0,0,0,0,0,0,0,0,0
1.62608776663611,540,7,0,2,0.419067548593257,1,1,0,1,1,0,0,1,0,0,0,0,0,0,0,0,1,0,0,0,0
2.52551084845338,540,8,0,2,0.49182469764127,1,1,0,1,1,0,0,1,0,0,0,0,0,0,0,0,0,1,0,0,0
3.82141943901447,540,9,0,2,0.568312185490169,1,1,0,1,1,0,0,1,0,0,0,0,0,0,0,0,0,0,1,0,0
4.7067994849013,540,10,0,2,0.648721270700128,1,1,0,1,1,0,0,1,0,0,0,0,0,0,0,0,0,0,0,1,0
-0.195498241831971,541,1,0,1,0.01,0,1,0,1,1,1,1,0,1,0,0,0,0,1,0,0,0,0,0,0,0
1.00681288313202,541,2,0,1,0.01,0,1,0,1,1,1,1,0,1,0,0,0,1,0,0,0,0,0,0,0,0
-0.516435733830361,541,3,0,1,0.01,0,1,0,1,1,1,1,0,1,0,0,1,0,0,0,0,0,0,0,0,0
1.28959874119568,541,4,0,1,0.01,0,1,0,1,1,1,1,0,1,0,1,0,0,0,0,0,0,0,0,0,0
1.36457998299576,541,5,0,1,0.01,0,1,0,1,1,1,1,0,1,0,0,0,0,0,0,0,1,0,0,0,0
0.0673671993440823,541,6,0,1,0.01,0,1,0,1,1,1,1,0,1,0,0,0,0,0,0,0,0,1,0,0,0
-0.608422350384887,541,7,0,1,0.01,0,1,0,1,1,1,1,0,1,0,0,0,0,0,0,0,0,0,1,0,0
-0.323366773835545,541,8,0,1,0.01,0,1,0,1,1,1,1,0,1,0,0,0,0,0,0,0,0,0,0,1,0
1.81262355797842,541,9,0,1,0.01,0,1,0,1,1,1,1,0,1,0,0,0,0,0,0,0,0,0,0,0,1
-0.0625247748150718,541,10,0,1,0.01,0,1,0,1,1,1,1,0,1,0,0,0,0,0,0,0,0,0,0,0,0
-0.171835417137845,542,1,0,2,0.0512710963760241,0,0,0,0,1,0,1,0,1,0,0,0,0,0,0,0,0,0,0,0,0
-1.15869453192856,542,2,0,2,0.105170918075648,0,0,0,0,1,0,1,0,1,0,0,0,0,0,0,0,0,0,0,0,0
2.17960217428903,542,3,0,2,0.161834242728283,0,0,0,0,1,0,1,0,1,0,0,0,0,0,0,0,0,0,0,0,0
2.02871473923982,542,4,0,2,0.22140275816017,0,0,0,0,1,0,1,0,1,0,0,0,0,0,0,0,0,0,0,0,0
1.65947081459938,542,5,0,2,0.284025416687741,0,0,0,0,1,0,1,0,1,0,0,0,0,0,0,0,0,0,0,0,0
0.373173566935359,542,6,0,2,0.349858807576003,0,0,0,0,1,0,1,0,1,0,0,0,0,0,0,0,0,0,0,0,0
2.21648944873323,542,7,0,2,0.419067548593257,0,0,0,0,1,0,1,0,1,0,0,0,0,0,0,0,0,0,0,0,0
2.39005034389045,542,8,0,2,0.49182469764127,0,0,0,0,1,0,1,0,1,0,0,0,0,0,0,0,0,0,0,0,0
2.98692018364303,542,9,0,2,0.568312185490169,0,0,0,0,1,0,1,0,1,0,0,0,0,0,0,0,0,0,0,0,0
0.691261964015468,542,10,0,2,0.648721270700128,0,0,0,0,1,0,1,0,1,0,0,0,0,0,0,0,0,0,0,0,0
-0.181725173658146,543,1,0,1,0.01,0,1,0,1,1,0,0,0,0,1,0,0,0,0,0,0,0,0,0,0,0
0.503502362022486,543,2,0,1,0.01,0,1,0,1,1,0,0,0,0,1,0,0,0,0,0,0,0,0,0,0,0
-0.586410271802083,543,3,0,1,0.01,0,1,0,1,1,0,0,0,0,1,0,0,0,0,0,0,0,0,0,0,0
0.766802691972064,543,4,0,1,0.01,0,1,0,1,1,0,0,0,0,1,0,0,0,0,0,0,0,0,0,0,0
0.201105135549372,543,5,0,1,0.01,0,1,0,1,1,0,0,0,0,1,0,0,0,0,0,0,0,0,0,0,0
0.335498416507933,543,6,0,1,0.01,0,1,0,1,1,0,0,0,0,1,0,0,0,0,0,0,0,0,0,0,0
-0.100087970898809,543,7,0,1,0.01,0,1,0,1,1,0,0,0,0,1,0,0,0,0,0,0,0,0,0,0,0
-1.35291420609436,543,8,0,1,0.01,0,1,0,1,1,0,0,0,0,1,0,0,0,0,0,0,0,0,0,0,0
-0.104191988923102,543,9,0,1,0.01,0,1,0,1,1,0,0,0,0,1,0,0,0,0,0,0,0,0,0,0,0
1.91209654228162,543,10,0,1,0.01,0,1,0,1,1,0,0,0,0,1,0,0,0,0,0,0,0,0,0,0,0
0.0562982483111348,544,1,0,1,0.01,0,0,1,1,1,1,0,1,1,0,0,0,0,0,0,0,0,0,0,0,0
-1.93552616793379,544,2,0,1,0.01,0,0,1,1,1,1,0,1,1,0,0,0,0,0,0,0,0,0,0,0,0
-0.106776235531596,544,3,0,1,0.01,0,0,1,1,1,1,0,1,1,0,0,0,0,0,0,0,0,0,0,0,0
0.278936108601781,544,4,0,1,0.01,0,0,1,1,1,1,0,1,1,0,0,0,0,0,0,0,0,0,0,0,0
-1.35389013706088,544,5,0,1,0.01,0,0,1,1,1,1,0,1,1,0,0,0,0,0,0,0,0,0,0,0,0
-1.50458046933241,544,6,0,1,0.01,0,0,1,1,1,1,0,1,1,0,0,0,0,0,0,0,0,0,0,0,0
0.355579122887848,544,7,0,1,0.01,0,0,1,1,1,1,0,1,1,0,0,0,0,0,0,0,0,0,0,0,0
-1.25367161438675,544,8,0,1,0.01,0,0,1,1,1,1,0,1,1,0,0,0,0,0,0,0,0,0,0,0,0
0.197818618596723,544,9,0,1,0.01,0,0,1,1,1,1,0,1,1,0,0,0,0,0,0,0,0,0,0,0,0
1.44437888398805,544,10,0,1,0.01,0,0,1,1,1,1,0,1,1,0,0,0,0,0,0,0,0,0,0,0,0
0.544931615642802,545,1,0,3,0.127496851579376,0,0,1,0,1,1,1,0,0,1,0,0,0,0,0,1,0,0,0,0,0
2.30102638939392,545,2,0,3,0.271249150321405,0,0,1,0,1,1,1,0,0,1,0,0,0,0,1,0,0,0,0,0,0
2.30536191785655,545,3,0,3,0.43332941456034,0,0,1,0,1,1,1,0,0,1,0,0,0,1,0,0,0,0,0,0,0
1.87208875221136,545,4,0,3,0.616074402192893,0,0,1,0,1,1,1,0,0,1,0,0,1,0,0,0,0,0,0,0,0
4.17106729180759,545,5,0,3,0.822118800390509,0,0,1,0,1,1,1,0,0,1,0,1,0,0,0,0,0,0,0,0,0
5.92722732968282,545,6,0,3,1.05443321064389,0,0,1,0,1,1,1,0,0,1,1,0,0,0,0,0,0,0,0,0,0
7.27897857731146,545,7,0,3,1.31636697678109,0,0,1,0,1,1,1,0,0,1,0,0,0,0,0,0,1,0,0,0,0
8.75327582285053,545,8,0,3,1.61169647342312,0,0,1,0,1,1,1,0,0,1,0,0,0,0,0,0,0,1,0,0,0
8.67726948829515,545,9,0,3,1.94467955106552,0,0,1,0,1,1,1,0,0,1,0,0,0,0,0,0,0,0,1,0,0
11.7939302842329,545,10,0,3,2.32011692273655,0,0,1,0,1,1,1,0,0,1,0,0,0,0,0,0,0,0,0,1,0
-2.23850644090661,546,1,0,1,0.01,0,0,0,0,0,1,1,1,0,0,0,0,0,0,0,0,0,0,0,0,0
-1.14119113335717,546,2,0,1,0.01,0,0,0,0,0,1,1,1,0,0,0,0,0,0,0,0,0,0,0,0,0
-0.256313604773463,546,3,0,1,0.01,0,0,0,0,0,1,1,1,0,0,0,0,0,0,0,0,0,0,0,0,0
-0.118540631493818,546,4,0,1,0.01,0,0,0,0,0,1,1,1,0,0,0,0,0,0,0,0,0,0,0,0,0
0.646346759631337,546,5,0,1,0.01,0,0,0,0,0,1,1,1,0,0,0,0,0,0,0,0,0,0,0,0,0
-1.87148618594635,546,6,0,1,0.01,0,0,0,0,0,1,1,1,0,0,0,0,0,0,0,0,0,0,0,0,0
-0.317764143977842,546,7,0,1,0.01,0,0,0,0,0,1,1,1,0,0,0,0,0,0,0,0,0,0,0,0,0
-0.413053975637867,546,8,0,1,0.01,0,0,0,0,0,1,1,1,0,0,0,0,0,0,0,0,0,0,0,0,0
1.6271597864198,546,9,0,1,0.01,0,0,0,0,0,1,1,1,0,0,0,0,0,0,0,0,0,0,0,0,0
-0.361071268763616,546,10,0,1,0.01,0,0,0,0,0,1,1,1,0,0,0,0,0,0,0,0,0,0,0,0,0
-1.05176264804143,547,1,0,1,0.01,1,1,1,0,0,0,0,1,1,0,0,0,0,0,0,0,0,0,0,0,0
-0.583795913906459,547,2,0,1,0.01,1,1,1,0,0,0,0,1,1,0,0,0,0,0,0,0,0,0,0,0,0
-0.313605692261867,547,3,0,1,0.01,1,1,1,0,0,0,0,1,1,0,0,0,0,0,0,0,0,0,0,0,0
-0.0755832319341738,547,4,0,1,0.01,1,1,1,0,0,0,0,1,1,0,0,0,0,0,0,0,0,0,0,0,0
-1.54432849370882,547,5,0,1,0.01,1,1,1,0,0,0,0,1,1,0,0,0,0,0,0,0,0,0,0,0,0
-0.189810666157785,547,6,0,1,0.01,1,1,1,0,0,0,0,1,1,0,0,0,0,0,0,0,0,0,0,0,0
-1.02651274018819,547,7,0,1,0.01,1,1,1,0,0,0,0,1,1,0,0,0,0,0,0,0,0,0,0,0,0
1.24716572873027,547,8,0,1,0.01,1,1,1,0,0,0,0,1,1,0,0,0,0,0,0,0,0,0,0,0,0
-0.466066662668911,547,9,0,1,0.01,1,1,1,0,0,0,0,1,1,0,0,0,0,0,0,0,0,0,0,0,0
0.334312493300895,547,10,0,1,0.01,1,1,1,0,0,0,0,1,1,0,0,0,0,0,0,0,0,0,0,0,0
-0.440546604675635,548,1,0,1,0.01,0,0,0,1,0,0,1,1,0,1,0,0,0,0,0,0,0,0,0,0,0
0.0556540046020698,548,2,0,1,0.01,0,0,0,1,0,0,1,1,0,1,0,0,0,0,0,0,0,0,0,0,0
-0.388584918710911,548,3,0,1,0.01,0,0,0,1,0,0,1,1,0,1,0,0,0,0,0,0,0,0,0,0,0
-0.173430562788891,548,4,0,1,0.01,0,0,0,1,0,0,1,1,0,1,0,0,0,0,0,0,0,0,0,0,0
0.416507768483958,548,5,0,1,0.01,0,0,0,1,0,0,1,1,0,1,0,0,0,0,0,0,0,0,0,0,0
-0.25779845047259,548,6,0,1,0.01,0,0,0,1,0,0,1,1,0,1,0,0,0,0,0,0,0,0,0,0,0
0.645325520719929,548,7,0,1,0.01,0,0,0,1,0,0,1,1,0,1,0,0,0,0,0,0,0,0,0,0,0
0.175308113187613,548,8,0,1,0.01,0,0,0,1,0,0,1,1,0,1,0,0,0,0,0,0,0,0,0,0,0
1.68266139169966,548,9,0,1,0.01,0,0,0,1,0,0,1,1,0,1,0,0,0,0,0,0,0,0,0,0,0
-0.506981209145577,548,10,0,1,0.01,0,0,0,1,0,0,1,1,0,1,0,0,0,0,0,0,0,0,0,0,0
0.0431638559158219,549,1,0,1,0.01,0,1,1,0,1,0,0,0,1,1,0,0,0,0,0,0,0,0,0,0,0
1.93718108417938,549,2,0,1,0.01,0,1,1,0,1,0,0,0,1,1,0,0,0,0,0,0,0,0,0,0,0
-1.17796636638596,549,3,0,1,0.01,0,1,1,0,1,0,0,0,1,1,0,0,0,0,0,0,0,0,0,0,0
0.00502348703463323,549,4,0,1,0.01,0,1,1,0,1,0,0,0,1,1,0,0,0,0,0,0,0,0,0,0,0
-1.94894268240714,549,5,0,1,0.01,0,1,1,0,1,0,0,0,1,1,0,0,0,0,0,0,0,0,0,0,0
1.38264954435318,549,6,0,1,0.01,0,1,1,0,1,0,0,0,1,1,0,0,0,0,0,0,0,0,0,0,0
0.322572069724144,549,7,0,1,0.01,0,1,1,0,1,0,0,0,1,1,0,0,0,0,0,0,0,0,0,0,0
0.289622355187523,549,8,0,1,0.01,0,1,1,0,1,0,0,0,1,1,0,0,0,0,0,0,0,0,0,0,0
-0.425694009340001,549,9,0,1,0.01,0,1,1,0,1,0,0,0,1,1,0,0,0,0,0,0,0,0,0,0,0
0.542666949830073,549,10,0,1,0.01,0,1,1,0,1,0,0,0,1,1,0,0,0,0,0,0,0,0,0,0,0
-0.632717223107379,550,1,0,3,0.127496851579376,0,0,0,1,0,0,0,0,1,0,0,0,0,0,0,0,0,0,0,0,0
1.04699923841758,550,2,0,3,0.271249150321405,0,0,0,1,0,0,0,0,1,0,0,0,0,0,0,0,0,0,0,0,0
3.84541404641784,550,3,0,3,0.43332941456034,0,0,0,1,0,0,0,0,1,0,0,0,0,0,0,1,0,0,0,0,0
2.1675478802964,550,4,0,3,0.616074402192893,0,0,0,1,0,0,0,0,1,0,0,0,0,0,1,0,0,0,0,0,0
4.12859940525472,550,5,0,3,0.822118800390509,0,0,0,1,0,0,0,0,1,0,0,0,0,1,0,0,0,0,0,0,0
5.88083337330823,550,6,0,3,1.05443321064389,0,0,0,1,0,0,0,0,1,0,0,0,1,0,0,0,0,0,0,0,0
6.62226345069135,550,7,0,3,1.31636697678109,0,0,0,1,0,0,0,0,1,0,0,1,0,0,0,0,0,0,0,0,0
7.58768584410043,550,8,0,3,1.61169647342312,0,0,0,1,0,0,0,0,1,0,1,0,0,0,0,0,0,0,0,0,0
8.84382386438347,550,9,0,3,1.94467955106552,0,0,0,1,0,0,0,0,1,0,0,0,0,0,0,0,1,0,0,0,0
10.788599776123,550,10,0,3,2.32011692273655,0,0,0,1,0,0,0,0,1,0,0,0,0,0,0,0,0,1,0,0,0
-1.09863253862456,551,1,0,2,0.0512710963760241,0,0,1,1,1,0,1,1,0,1,0,0,0,0,0,0,0,0,0,0,0
1.05798336471667,551,2,0,2,0.105170918075648,0,0,1,1,1,0,1,1,0,1,0,0,0,0,0,0,0,0,0,0,0
0.89487075376364,551,3,0,2,0.161834242728283,0,0,1,1,1,0,1,1,0,1,0,0,0,0,0,0,0,0,0,0,0
0.764667496137627,551,4,0,2,0.22140275816017,0,0,1,1,1,0,1,1,0,1,0,0,0,0,0,1,0,0,0,0,0
1.88790112971213,551,5,0,2,0.284025416687741,0,0,1,1,1,0,1,1,0,1,0,0,0,0,1,0,0,0,0,0,0
0.986385570018056,551,6,0,2,0.349858807576003,0,0,1,1,1,0,1,1,0,1,0,0,0,1,0,0,0,0,0,0,0
0.2115619470315,551,7,0,2,0.419067548593257,0,0,1,1,1,0,1,1,0,1,0,0,1,0,0,0,0,0,0,0,0
3.75047133254411,551,8,0,2,0.49182469764127,0,0,1,1,1,0,1,1,0,1,0,1,0,0,0,0,0,0,0,0,0
1.48105072522439,551,9,0,2,0.568312185490169,0,0,1,1,1,0,1,1,0,1,1,0,0,0,0,0,0,0,0,0,0
2.03062108871467,551,10,0,2,0.648721270700128,0,0,1,1,1,0,1,1,0,1,0,0,0,0,0,0,1,0,0,0,0
-1.28342485281247,552,1,0,1,0.01,0,0,0,0,1,0,1,1,0,0,0,0,0,0,0,0,0,0,0,0,0
1.76633225210693,552,2,0,1,0.01,0,0,0,0,1,0,1,1,0,0,0,0,0,0,0,0,0,0,0,0,0
0.471379263087858,552,3,0,1,0.01,0,0,0,0,1,0,1,1,0,0,0,0,0,0,0,0,0,0,0,0,0
0.632511843418656,552,4,0,1,0.01,0,0,0,0,1,0,1,1,0,0,0,0,0,0,0,0,0,0,0,0,0
-0.257075394267836,552,5,0,1,0.01,0,0,0,0,1,0,1,1,0,0,0,0,0,0,0,0,0,0,0,0,0
1.675827338192,552,6,0,1,0.01,0,0,0,0,1,0,1,1,0,0,0,0,0,0,0,0,0,0,0,0,0
0.964141479986985,552,7,0,1,0.01,0,0,0,0,1,0,1,1,0,0,0,0,0,0,0,0,0,0,0,0,0
-0.165586179236153,552,8,0,1,0.01,0,0,0,0,1,0,1,1,0,0,0,0,0,0,0,0,0,0,0,0,0
0.794962679886889,552,9,0,1,0.01,0,0,0,0,1,0,1,1,0,0,0,0,0,0,0,0,0,0,0,0,0
0.245546808699644,552,10,0,1,0.01,0,0,0,0,1,0,1,1,0,0,0,0,0,0,0,0,0,0,0,0,0
-0.257657650303567,553,1,0,1,0.01,0,0,0,1,0,1,1,0,1,1,1,0,0,0,0,0,0,0,0,0,0
-1.59150083693981,553,2,0,1,0.01,0,0,0,1,0,1,1,0,1,1,0,0,0,0,0,0,1,0,0,0,0
-0.705771658915627,553,3,0,1,0.01,0,0,0,1,0,1,1,0,1,1,0,0,0,0,0,0,0,1,0,0,0
0.906971102153565,553,4,0,1,0.01,0,0,0,1,0,1,1,0,1,1,0,0,0,0,0,0,0,0,1,0,0
0.496129094143892,553,5,0,1,0.01,0,0,0,1,0,1,1,0,1,1,0,0,0,0,0,0,0,0,0,1,0
1.03160925720838,553,6,0,1,0.01,0,0,0,1,0,1,1,0,1,1,0,0,0,0,0,0,0,0,0,0,1
-0.364025122134691,553,7,0,1,0.01,0,0,0,1,0,1,1,0,1,1,0,0,0,0,0,0,0,0,0,0,0
0.219925198230736,553,8,0,1,0.01,0,0,0,1,0,1,1,0,1,1,0,0,0,0,0,0,0,0,0,0,0
0.721546088696209,553,9,0,1,0.01,0,0,0,1,0,1,1,0,1,1,0,0,0,0,0,0,0,0,0,0,0
-1.05171639853539,553,10,0,1,0.01,0,0,0,1,0,1,1,0,1,1,0,0,0,0,0,0,0,0,0,0,0
0.45270925870055,554,1,0,1,0.01,1,1,0,1,1,1,0,0,0,0,0,0,0,0,0,0,0,0,0,0,0
-1.5733983346966,554,2,0,1,0.01,1,1,0,1,1,1,0,0,0,0,0,0,0,0,0,0,0,0,0,0,0
-0.0516463693349132,554,3,0,1,0.01,1,1,0,1,1,1,0,0,0,0,0,0,0,0,0,0,0,0,0,0,0
-0.099926773786478,554,4,0,1,0.01,1,1,0,1,1,1,0,0,0,0,0,0,0,0,0,0,0,0,0,0,0
0.24158958556448,554,5,0,1,0.01,1,1,0,1,1,1,0,0,0,0,0,0,0,0,0,0,0,0,0,0,0
-0.401400150881343,554,6,0,1,0.01,1,1,0,1,1,1,0,0,0,0,0,0,0,0,0,0,0,0,0,0,0
-0.694916309876239,554,7,0,1,0.01,1,1,0,1,1,1,0,0,0,0,0,0,0,0,0,0,0,0,0,0,0
0.701286636313608,554,8,0,1,0.01,1,1,0,1,1,1,0,0,0,0,0,0,0,0,0,0,0,0,0,0,0
1.83469980597125,554,9,0,1,0.01,1,1,0,1,1,1,0,0,0,0,0,0,0,0,0,0,0,0,0,0,0
2.99901952628214,554,10,0,1,0.01,1,1,0,1,1,1,0,0,0,0,0,0,0,0,0,0,0,0,0,0,0
2.6624824974861,555,1,0,3,0.127496851579376,1,1,1,1,1,0,1,1,1,1,0,0,0,0,0,0,0,0,0,0,0
0.189784928909143,555,2,0,3,0.271249150321405,1,1,1,1,1,0,1,1,1,1,0,0,0,0,0,0,0,0,0,0,0
2.97454590624657,555,3,0,3,0.43332941456034,1,1,1,1,1,0,1,1,1,1,0,0,0,0,0,0,0,0,0,0,0
3.54216610621763,555,4,0,3,0.616074402192893,1,1,1,1,1,0,1,1,1,1,0,0,0,0,0,0,0,0,0,0,0
3.01941115717035,555,5,0,3,0.822118800390509,1,1,1,1,1,0,1,1,1,1,0,0,0,0,0,0,0,0,0,0,0
4.62671938689689,555,6,0,3,1.05443321064389,1,1,1,1,1,0,1,1,1,1,0,0,0,0,0,0,0,0,0,0,0
6.5604981419728,555,7,0,3,1.31636697678109,1,1,1,1,1,0,1,1,1,1,0,0,0,0,0,0,0,0,0,0,0
6.92012308026921,555,8,0,3,1.61169647342312,1,1,1,1,1,0,1,1,1,1,0,0,0,0,0,0,0,0,0,0,0
8.98368983709882,555,9,0,3,1.94467955106552,1,1,1,1,1,0,1,1,1,1,0,0,0,0,0,0,0,0,0,0,0
12.1715138633356,555,10,0,3,2.32011692273655,1,1,1,1,1,0,1,1,1,1,0,0,0,0,0,0,0,0,0,0,0
2.37240700241237,556,1,0,1,0.01,1,1,0,0,1,1,0,1,0,0,0,0,0,0,0,0,0,0,0,0,0
0.73006799709181,556,2,0,1,0.01,1,1,0,0,1,1,0,1,0,0,0,0,0,0,0,0,0,0,0,0,0
1.89874215376517,556,3,0,1,0.01,1,1,0,0,1,1,0,1,0,0,0,0,0,0,0,0,0,0,0,0,0
-0.984008351023581,556,4,0,1,0.01,1,1,0,0,1,1,0,1,0,0,0,0,0,0,0,0,0,0,0,0,0
-0.466620069911211,556,5,0,1,0.01,1,1,0,0,1,1,0,1,0,0,0,0,0,0,0,0,0,0,0,0,0
-1.70370709257784,556,6,0,1,0.01,1,1,0,0,1,1,0,1,0,0,0,0,0,0,0,0,0,0,0,0,0
-1.03656962737996,556,7,0,1,0.01,1,1,0,0,1,1,0,1,0,0,0,0,0,0,0,0,0,0,0,0,0
1.18256182166536,556,8,0,1,0.01,1,1,0,0,1,1,0,1,0,0,0,0,0,0,0,0,0,0,0,0,0
0.311573805061869,556,9,0,1,0.01,1,1,0,0,1,1,0,1,0,0,0,0,0,0,0,0,0,0,0,0,0
-0.474216157087649,556,10,0,1,0.01,1,1,0,0,1,1,0,1,0,0,0,0,0,0,0,0,0,0,0,0,0
-0.776324480681858,557,1,0,1,0.01,1,1,0,1,1,1,0,1,0,1,0,0,0,0,0,0,0,0,0,0,0
-1.75105806137192,557,2,0,1,0.01,1,1,0,1,1,1,0,1,0,1,0,0,0,0,0,0,0,0,0,0,0
0.835585176205921,557,3,0,1,0.01,1,1,0,1,1,1,0,1,0,1,0,0,0,0,0,0,0,0,0,0,0
-0.627722425429902,557,4,0,1,0.01,1,1,0,1,1,1,0,1,0,1,0,0,0,0,0,0,0,0,0,0,0
0.35540880481929,557,5,0,1,0.01,1,1,0,1,1,1,0,1,0,1,0,0,0,0,0,0,0,0,0,0,0
1.1734242823535,557,6,0,1,0.01,1,1,0,1,1,1,0,1,0,1,0,0,0,0,0,0,0,0,0,0,0
0.517227900140108,557,7,0,1,0.01,1,1,0,1,1,1,0,1,0,1,0,0,0,0,0,0,0,0,0,0,0
-0.483300359941943,557,8,0,1,0.01,1,1,0,1,1,1,0,1,0,1,0,0,0,0,0,0,0,0,0,0,0
-0.923193463825201,557,9,0,1,0.01,1,1,0,1,1,1,0,1,0,1,0,0,0,0,0,0,0,0,0,0,0
-0.971443867643535,557,10,0,1,0.01,1,1,0,1,1,1,0,1,0,1,0,0,0,0,0,0,0,0,0,0,0
-0.00945963372097267,558,1,0,1,0.01,0,0,0,0,0,0,1,0,0,1,0,0,0,0,0,0,0,0,0,0,0
0.363502548232463,558,2,0,1,0.01,0,0,0,0,0,0,1,0,0,1,0,0,0,0,0,0,0,0,0,0,0
0.416053792052236,558,3,0,1,0.01,0,0,0,0,0,0,1,0,0,1,0,0,0,0,0,0,0,0,0,0,0
-0.0370557513432387,558,4,0,1,0.01,0,0,0,0,0,0,1,0,0,1,0,0,0,0,0,0,0,0,0,0,0
-0.117306318669988,558,5,0,1,0.01,0,0,0,0,0,0,1,0,0,1,0,0,0,0,0,0,0,0,0,0,0
0.219520967545228,558,6,0,1,0.01,0,0,0,0,0,0,1,0,0,1,0,0,0,0,0,0,0,0,0,0,0
-2.10869358780614,558,7,0,1,0.01,0,0,0,0,0,0,1,0,0,1,0,0,0,0,0,0,0,0,0,0,0
-0.311424546265365,558,8,0,1,0.01,0,0,0,0,0,0,1,0,0,1,0,0,0,0,0,0,0,0,0,0,0
0.373928731432827,558,9,0,1,0.01,0,0,0,0,0,0,1,0,0,1,0,0,0,0,0,0,0,0,0,0,0
1.41105820207594,558,10,0,1,0.01,0,0,0,0,0,0,1,0,0,1,0,0,0,0,0,0,0,0,0,0,0
-1.5026453485279,559,1,0,2,0.0512710963760241,1,1,1,1,0,1,0,1,1,0,0,0,0,0,1,0,0,0,0,0,0
1.44132143134026,559,2,0,2,0.105170918075648,1,1,1,1,0,1,0,1,1,0,0,0,0,1,0,0,0,0,0,0,0
0.210112102080478,559,3,0,2,0.161834242728283,1,1,1,1,0,1,0,1,1,0,0,0,1,0,0,0,0,0,0,0,0
-0.823002500885998,559,4,0,2,0.22140275816017,1,1,1,1,0,1,0,1,1,0,0,1,0,0,0,0,0,0,0,0,0
0.485255273539736,559,5,0,2,0.284025416687741,1,1,1,1,0,1,0,1,1,0,1,0,0,0,0,0,0,0,0,0,0
3.16861728217138,559,6,0,2,0.349858807576003,1,1,1,1,0,1,0,1,1,0,0,0,0,0,0,0,1,0,0,0,0
1.01109162357928,559,7,0,2,0.419067548593257,1,1,1,1,0,1,0,1,1,0,0,0,0,0,0,0,0,1,0,0,0
1.21854201548464,559,8,0,2,0.49182469764127,1,1,1,1,0,1,0,1,1,0,0,0,0,0,0,0,0,0,1,0,0
3.08717099865044,559,9,0,2,0.568312185490169,1,1,1,1,0,1,0,1,1,0,0,0,0,0,0,0,0,0,0,1,0
0.192285667460896,559,10,0,2,0.648721270700128,1,1,1,1,0,1,0,1,1,0,0,0,0,0,0,0,0,0,0,0,1
1.03940891841951,560,1,0,2,0.0512710963760241,1,1,1,1,1,1,0,1,1,1,0,0,0,0,0,0,0,0,0,0,0
1.36370167110087,560,2,0,2,0.105170918075648,1,1,1,1,1,1,0,1,1,1,0,0,0,0,0,0,0,0,0,0,0
1.94072167324397,560,3,0,2,0.161834242728283,1,1,1,1,1,1,0,1,1,1,0,0,0,0,0,0,0,0,0,0,0
1.42371167873773,560,4,0,2,0.22140275816017,1,1,1,1,1,1,0,1,1,1,0,0,0,0,0,0,0,0,0,0,0
1.39388418848757,560,5,0,2,0.284025416687741,1,1,1,1,1,1,0,1,1,1,0,0,0,0,0,0,0,0,0,0,0
1.44893917251659,560,6,0,2,0.349858807576003,1,1,1,1,1,1,0,1,1,1,0,0,0,0,0,0,0,0,0,0,0
1.19264973425032,560,7,0,2,0.419067548593257,1,1,1,1,1,1,0,1,1,1,0,0,0,0,0,0,0,0,0,0,0
2.94608594664426,560,8,0,2,0.49182469764127,1,1,1,1,1,1,0,1,1,1,0,0,0,0,0,0,0,0,0,0,0
2.73659739578173,560,9,0,2,0.568312185490169,1,1,1,1,1,1,0,1,1,1,0,0,0,0,0,0,0,0,0,0,0
2.2104190046534,560,10,0,2,0.648721270700128,1,1,1,1,1,1,0,1,1,1,0,0,0,0,0,0,0,0,0,0,0
-0.858420293904104,561,1,0,2,0.0512710963760241,0,1,0,1,1,1,0,1,1,0,0,0,0,0,0,0,0,0,0,0,0
-0.458928320300806,561,2,0,2,0.105170918075648,0,1,0,1,1,1,0,1,1,0,0,0,0,0,0,0,0,0,0,0,0
0.682072200598039,561,3,0,2,0.161834242728283,0,1,0,1,1,1,0,1,1,0,0,0,0,0,0,0,0,0,0,0,0
0.45130215149442,561,4,0,2,0.22140275816017,0,1,0,1,1,1,0,1,1,0,0,0,0,0,0,0,0,0,0,0,0
2.76253004739046,561,5,0,2,0.284025416687741,0,1,0,1,1,1,0,1,1,0,0,0,0,0,0,0,0,0,0,0,0
2.2775605932868,561,6,0,2,0.349858807576003,0,1,0,1,1,1,0,1,1,0,0,0,0,0,0,0,0,0,0,0,0
0.17577160854862,561,7,0,2,0.419067548593257,0,1,0,1,1,1,0,1,1,0,0,0,0,0,0,0,0,0,0,0,0
2.26281478535111,561,8,0,2,0.49182469764127,0,1,0,1,1,1,0,1,1,0,0,0,0,0,0,0,0,0,0,0,0
2.69672645173214,561,9,0,2,0.568312185490169,0,1,0,1,1,1,0,1,1,0,0,0,0,0,0,0,0,0,0,0,0
2.79775695135443,561,10,0,2,0.648721270700128,0,1,0,1,1,1,0,1,1,0,0,0,0,0,0,0,0,0,0,0,0
0.7574937989837,562,1,0,2,0.0512710963760241,0,0,1,1,1,0,1,0,0,0,0,0,0,0,0,0,0,0,0,0,0
-2.0946347151212,562,2,0,2,0.105170918075648,0,0,1,1,1,0,1,0,0,0,0,0,0,0,0,0,0,0,0,0,0
0.50172786665832,562,3,0,2,0.161834242728283,0,0,1,1,1,0,1,0,0,0,0,0,0,0,0,0,0,0,0,0,0
0.954749299542537,562,4,0,2,0.22140275816017,0,0,1,1,1,0,1,0,0,0,0,0,0,0,0,0,0,0,0,0,0
0.5404256180306,562,5,0,2,0.284025416687741,0,0,1,1,1,0,1,0,0,0,0,0,0,0,0,0,0,0,0,0,0
3.25199713298035,562,6,0,2,0.349858807576003,0,0,1,1,1,0,1,0,0,0,0,0,0,0,0,0,0,0,0,0,0
1.02472027538346,562,7,0,2,0.419067548593257,0,0,1,1,1,0,1,0,0,0,0,0,0,0,0,0,0,0,0,0,0
2.27672091767779,562,8,0,2,0.49182469764127,0,0,1,1,1,0,1,0,0,0,0,0,0,0,0,0,0,0,0,0,0
2.25261398844918,562,9,0,2,0.568312185490169,0,0,1,1,1,0,1,0,0,0,0,0,0,0,0,0,0,0,0,0,0
2.97033880763468,562,10,0,2,0.648721270700128,0,0,1,1,1,0,1,0,0,0,0,0,0,0,0,0,0,0,0,0,0
-0.262439256906811,563,1,0,2,0.0512710963760241,1,1,1,1,0,0,0,1,0,0,0,0,0,0,0,0,0,0,0,0,0
0.267719979510881,563,2,0,2,0.105170918075648,1,1,1,1,0,0,0,1,0,0,0,0,0,0,0,0,0,0,0,0,0
1.37577911341777,563,3,0,2,0.161834242728283,1,1,1,1,0,0,0,1,0,0,0,0,0,0,0,0,0,0,0,0,0
0.809974140277297,563,4,0,2,0.22140275816017,1,1,1,1,0,0,0,1,0,0,0,0,0,0,0,0,0,0,0,0,0
-0.595627590450735,563,5,0,2,0.284025416687741,1,1,1,1,0,0,0,1,0,0,0,0,0,0,0,0,0,0,0,0,0
1.32505106772695,563,6,0,2,0.349858807576003,1,1,1,1,0,0,0,1,0,0,0,0,0,0,0,0,0,0,0,0,0
1.69231937529055,563,7,0,2,0.419067548593257,1,1,1,1,0,0,0,1,0,0,0,0,0,0,0,0,0,0,0,0,0
2.32618706006186,563,8,0,2,0.49182469764127,1,1,1,1,0,0,0,1,0,0,0,0,0,0,0,0,0,0,0,0,0
3.681542972271,563,9,0,2,0.568312185490169,1,1,1,1,0,0,0,1,0,0,0,0,0,0,0,0,0,0,0,0,0
4.55952396787378,563,10,0,2,0.648721270700128,1,1,1,1,0,0,0,1,0,0,0,0,0,0,0,0,0,0,0,0,0
-0.10720849899412,564,1,0,3,0.127496851579376,0,1,0,1,0,1,0,0,1,0,0,0,0,0,0,0,0,0,0,0,0
0.320794769802254,564,2,0,3,0.271249150321405,0,1,0,1,0,1,0,0,1,0,0,0,0,0,0,0,0,0,0,0,0
1.12008388955211,564,3,0,3,0.43332941456034,0,1,0,1,0,1,0,0,1,0,0,0,0,0,0,0,0,0,0,0,0
1.85148203825011,564,4,0,3,0.616074402192893,0,1,0,1,0,1,0,0,1,0,0,0,0,0,0,0,0,0,0,0,0
3.97820833614227,564,5,0,3,0.822118800390509,0,1,0,1,0,1,0,0,1,0,0,0,0,0,0,0,0,0,0,0,0
3.23385551559498,564,6,0,3,1.05443321064389,0,1,0,1,0,1,0,0,1,0,0,0,0,0,0,0,0,0,0,0,0
6.72948235274558,564,7,0,3,1.31636697678109,0,1,0,1,0,1,0,0,1,0,0,0,0,0,0,0,0,0,0,0,0
9.70676405169552,564,8,0,3,1.61169647342312,0,1,0,1,0,1,0,0,1,0,0,0,0,0,0,0,0,0,0,0,0
9.37987254929194,564,9,0,3,1.94467955106552,0,1,0,1,0,1,0,0,1,0,0,0,0,0,0,0,0,0,0,0,0
12.2652799863043,564,10,0,3,2.32011692273655,0,1,0,1,0,1,0,0,1,0,0,0,0,0,0,0,0,0,0,0,0
-0.76232371699591,565,1,0,1,0.01,1,1,1,0,0,1,1,0,0,1,0,0,0,0,0,0,0,0,0,0,0
-0.347575522950285,565,2,0,1,0.01,1,1,1,0,0,1,1,0,0,1,0,0,0,0,0,0,0,0,0,0,0
-1.01510306282278,565,3,0,1,0.01,1,1,1,0,0,1,1,0,0,1,0,0,0,0,0,0,0,0,0,0,0
0.860497591851898,565,4,0,1,0.01,1,1,1,0,0,1,1,0,0,1,0,0,0,0,0,0,0,0,0,0,0
-0.189024714412119,565,5,0,1,0.01,1,1,1,0,0,1,1,0,0,1,0,0,0,0,0,0,0,0,0,0,0
-0.61119655945975,565,6,0,1,0.01,1,1,1,0,0,1,1,0,0,1,0,0,0,0,0,0,0,0,0,0,0
0.880460420304659,565,7,0,1,0.01,1,1,1,0,0,1,1,0,0,1,0,0,0,0,0,0,0,0,0,0,0
0.918975379725664,565,8,0,1,0.01,1,1,1,0,0,1,1,0,0,1,0,0,0,0,0,0,0,0,0,0,0
0.732506938516235,565,9,0,1,0.01,1,1,1,0,0,1,1,0,0,1,0,0,0,0,0,0,0,0,0,0,0
0.486263127913866,565,10,0,1,0.01,1,1,1,0,0,1,1,0,0,1,0,0,0,0,0,0,0,0,0,0,0
0.353703244789341,566,1,0,1,0.01,1,1,0,0,0,0,1,0,1,0,0,0,0,0,0,0,0,0,0,0,0
0.419510364937351,566,2,0,1,0.01,1,1,0,0,0,0,1,0,1,0,0,0,0,0,0,0,0,0,0,0,0
-0.979087568976818,566,3,0,1,0.01,1,1,0,0,0,0,1,0,1,0,0,0,0,0,0,0,0,0,0,0,0
0.348490629183207,566,4,0,1,0.01,1,1,0,0,0,0,1,0,1,0,0,0,0,0,0,0,0,0,0,0,0
1.33173284884319,566,5,0,1,0.01,1,1,0,0,0,0,1,0,1,0,0,0,0,0,0,0,0,0,0,0,0
-0.934732756667472,566,6,0,1,0.01,1,1,0,0,0,0,1,0,1,0,0,0,0,0,0,0,0,0,0,0,0
0.769708887531452,566,7,0,1,0.01,1,1,0,0,0,0,1,0,1,0,0,0,0,0,0,0,0,0,0,0,0
0.070091644083044,566,8,0,1,0.01,1,1,0,0,0,0,1,0,1,0,0,0,0,0,0,0,0,0,0,0,0
0.344759789189983,566,9,0,1,0.01,1,1,0,0,0,0,1,0,1,0,0,0,0,0,0,0,0,0,0,0,0
0.686372103947505,566,10,0,1,0.01,1,1,0,0,0,0,1,0,1,0,0,0,0,0,0,0,0,0,0,0,0
1.03535484686355,567,1,0,2,0.0512710963760241,0,1,1,0,0,0,1,1,0,0,0,0,0,0,0,0,0,0,0,0,0
1.30049757433797,567,2,0,2,0.105170918075648,0,1,1,0,0,0,1,1,0,0,0,0,0,0,0,0,0,0,0,0,0
0.847587418301127,567,3,0,2,0.161834242728283,0,1,1,0,0,0,1,1,0,0,0,0,0,0,0,1,0,0,0,0,0
0.631396501529432,567,4,0,2,0.22140275816017,0,1,1,0,0,0,1,1,0,0,0,0,0,0,1,0,0,0,0,0,0
1.95181019002428,567,5,0,2,0.284025416687741,0,1,1,0,0,0,1,1,0,0,0,0,0,1,0,0,0,0,0,0,0
2.58284842032428,567,6,0,2,0.349858807576003,0,1,1,0,0,0,1,1,0,0,0,0,1,0,0,0,0,0,0,0,0
1.48623927328642,567,7,0,2,0.419067548593257,0,1,1,0,0,0,1,1,0,0,0,1,0,0,0,0,0,0,0,0,0
2.29958535421897,567,8,0,2,0.49182469764127,0,1,1,0,0,0,1,1,0,0,1,0,0,0,0,0,0,0,0,0,0
2.8125975960557,567,9,0,2,0.568312185490169,0,1,1,0,0,0,1,1,0,0,0,0,0,0,0,0,1,0,0,0,0
2.65966391968548,567,10,0,2,0.648721270700128,0,1,1,0,0,0,1,1,0,0,0,0,0,0,0,0,0,1,0,0,0
1.0163833403548,568,1,0,1,0.01,1,0,1,0,0,0,1,0,1,1,0,0,0,0,0,0,0,0,0,0,0
0.589833634999351,568,2,0,1,0.01,1,0,1,0,0,0,1,0,1,1,0,0,0,0,0,0,0,0,0,0,0
0.23642359822783,568,3,0,1,0.01,1,0,1,0,0,0,1,0,1,1,0,0,0,0,0,0,0,0,0,0,0
0.755188038692823,568,4,0,1,0.01,1,0,1,0,0,0,1,0,1,1,0,0,0,0,0,0,0,0,0,0,0
0.954736536457421,568,5,0,1,0.01,1,0,1,0,0,0,1,0,1,1,0,0,0,0,0,0,0,0,0,0,0
0.122325997928257,568,6,0,1,0.01,1,0,1,0,0,0,1,0,1,1,0,0,0,0,0,0,0,0,0,0,0
-1.78090881566307,568,7,0,1,0.01,1,0,1,0,0,0,1,0,1,1,0,0,0,0,0,0,0,0,0,0,0
1.20895721345658,568,8,0,1,0.01,1,0,1,0,0,0,1,0,1,1,0,0,0,0,0,0,0,0,0,0,0
1.0730361032543,568,9,0,1,0.01,1,0,1,0,0,0,1,0,1,1,0,0,0,0,0,0,0,0,0,0,0
-0.400335016686719,568,10,0,1,0.01,1,0,1,0,0,0,1,0,1,1,0,0,0,0,0,0,0,0,0,0,0
1.39608060777866,569,1,0,2,0.0512710963760241,0,0,0,1,0,1,0,1,1,0,0,0,0,0,0,0,0,0,0,0,0
-0.33659633363864,569,2,0,2,0.105170918075648,0,0,0,1,0,1,0,1,1,0,0,0,0,0,0,0,0,0,0,0,0
1.15311467444868,569,3,0,2,0.161834242728283,0,0,0,1,0,1,0,1,1,0,0,0,0,0,0,0,0,0,0,0,0
1.31207054581887,569,4,0,2,0.22140275816017,0,0,0,1,0,1,0,1,1,0,0,0,0,0,0,0,0,0,0,0,0
0.716992283547942,569,5,0,2,0.284025416687741,0,0,0,1,0,1,0,1,1,0,0,0,0,0,0,0,0,0,0,0,0
1.09033663971345,569,6,0,2,0.349858807576003,0,0,0,1,0,1,0,1,1,0,0,0,0,0,0,0,0,0,0,0,0
0.0480390678063205,569,7,0,2,0.419067548593257,0,0,0,1,0,1,0,1,1,0,0,0,0,0,0,0,0,0,0,0,0
3.63412054993968,569,8,0,2,0.49182469764127,0,0,0,1,0,1,0,1,1,0,0,0,0,0,0,0,0,0,0,0,0
2.74461047066067,569,9,0,2,0.568312185490169,0,0,0,1,0,1,0,1,1,0,0,0,0,0,0,0,0,0,0,0,0
3.17602787656221,569,10,0,2,0.648721270700128,0,0,0,1,0,1,0,1,1,0,0,0,0,0,0,0,0,0,0,0,0
0.668782669882239,570,1,0,1,0.01,1,1,0,0,1,0,1,1,1,0,0,0,0,0,0,0,0,0,0,0,0
-0.558753087250808,570,2,0,1,0.01,1,1,0,0,1,0,1,1,1,0,0,0,0,0,0,0,0,0,0,0,0
0.940198656333754,570,3,0,1,0.01,1,1,0,0,1,0,1,1,1,0,0,0,0,0,0,0,0,0,0,0,0
0.425577118184479,570,4,0,1,0.01,1,1,0,0,1,0,1,1,1,0,0,0,0,0,0,0,0,0,0,0,0
0.0915243571367375,570,5,0,1,0.01,1,1,0,0,1,0,1,1,1,0,0,0,0,0,0,0,0,0,0,0,0
-1.821070199584,570,6,0,1,0.01,1,1,0,0,1,0,1,1,1,0,0,0,0,0,0,0,0,0,0,0,0
2.01519722487209,570,7,0,1,0.01,1,1,0,0,1,0,1,1,1,0,0,0,0,0,0,0,0,0,0,0,0
0.296674508767558,570,8,0,1,0.01,1,1,0,0,1,0,1,1,1,0,0,0,0,0,0,0,0,0,0,0,0
1.32826412123778,570,9,0,1,0.01,1,1,0,0,1,0,1,1,1,0,0,0,0,0,0,0,0,0,0,0,0
-0.0223992748724863,570,10,0,1,0.01,1,1,0,0,1,0,1,1,1,0,0,0,0,0,0,0,0,0,0,0,0
1.45898554237582,571,1,0,1,0.01,1,1,0,1,1,0,1,0,1,0,0,0,0,0,0,0,0,0,0,0,0
-2.24978231279584,571,2,0,1,0.01,1,1,0,1,1,0,1,0,1,0,0,0,0,0,0,0,0,0,0,0,0
2.11095446816726,571,3,0,1,0.01,1,1,0,1,1,0,1,0,1,0,0,0,0,0,0,0,0,0,0,0,0
0.138380058762705,571,4,0,1,0.01,1,1,0,1,1,0,1,0,1,0,0,0,0,0,0,0,0,0,0,0,0
-0.000957149750393731,571,5,0,1,0.01,1,1,0,1,1,0,1,0,1,0,0,0,0,0,0,0,0,0,0,0,0
-0.904049575307692,571,6,0,1,0.01,1,1,0,1,1,0,1,0,1,0,0,0,0,0,0,0,0,0,0,0,0
0.433183291735285,571,7,0,1,0.01,1,1,0,1,1,0,1,0,1,0,0,0,0,0,0,0,0,0,0,0,0
2.66092014612052,571,8,0,1,0.01,1,1,0,1,1,0,1,0,1,0,0,0,0,0,0,0,0,0,0,0,0
-0.932529770421333,571,9,0,1,0.01,1,1,0,1,1,0,1,0,1,0,0,0,0,0,0,0,0,0,0,0,0
0.188297217213539,571,10,0,1,0.01,1,1,0,1,1,0,1,0,1,0,0,0,0,0,0,0,0,0,0,0,0
2.57090350102575,572,1,0,1,0.01,0,1,1,0,1,0,1,0,0,0,0,0,1,0,0,0,0,0,0,0,0
0.661297286828844,572,2,0,1,0.01,0,1,1,0,1,0,1,0,0,0,0,1,0,0,0,0,0,0,0,0,0
-0.14603596482315,572,3,0,1,0.01,0,1,1,0,1,0,1,0,0,0,1,0,0,0,0,0,0,0,0,0,0
0.121426710756349,572,4,0,1,0.01,0,1,1,0,1,0,1,0,0,0,0,0,0,0,0,0,1,0,0,0,0
2.32942466056048,572,5,0,1,0.01,0,1,1,0,1,0,1,0,0,0,0,0,0,0,0,0,0,1,0,0,0
1.6273334461055,572,6,0,1,0.01,0,1,1,0,1,0,1,0,0,0,0,0,0,0,0,0,0,0,1,0,0
1.49873524166731,572,7,0,1,0.01,0,1,1,0,1,0,1,0,0,0,0,0,0,0,0,0,0,0,0,1,0
0.882366828283997,572,8,0,1,0.01,0,1,1,0,1,0,1,0,0,0,0,0,0,0,0,0,0,0,0,0,1
1.203082958297,572,9,0,1,0.01,0,1,1,0,1,0,1,0,0,0,0,0,0,0,0,0,0,0,0,0,0
0.205949850089323,572,10,0,1,0.01,0,1,1,0,1,0,1,0,0,0,0,0,0,0,0,0,0,0,0,0,0
2.10565574778137,573,1,0,2,0.0512710963760241,1,0,0,1,0,1,0,0,1,1,0,0,0,0,0,1,0,0,0,0,0
-0.241346895876351,573,2,0,2,0.105170918075648,1,0,0,1,0,1,0,0,1,1,0,0,0,0,1,0,0,0,0,0,0
1.00401934859445,573,3,0,2,0.161834242728283,1,0,0,1,0,1,0,0,1,1,0,0,0,1,0,0,0,0,0,0,0
0.3460026920924,573,4,0,2,0.22140275816017,1,0,0,1,0,1,0,0,1,1,0,0,1,0,0,0,0,0,0,0,0
0.481288302430821,573,5,0,2,0.284025416687741,1,0,0,1,0,1,0,0,1,1,0,1,0,0,0,0,0,0,0,0,0
3.04955304935894,573,6,0,2,0.349858807576003,1,0,0,1,0,1,0,0,1,1,1,0,0,0,0,0,0,0,0,0,0
2.98206882222904,573,7,0,2,0.419067548593257,1,0,0,1,0,1,0,0,1,1,0,0,0,0,0,0,1,0,0,0,0
2.68183601661072,573,8,0,2,0.49182469764127,1,0,0,1,0,1,0,0,1,1,0,0,0,0,0,0,0,1,0,0,0
2.7192740995457,573,9,0,2,0.568312185490169,1,0,0,1,0,1,0,0,1,1,0,0,0,0,0,0,0,0,1,0,0
2.27302884387426,573,10,0,2,0.648721270700128,1,0,0,1,0,1,0,0,1,1,0,0,0,0,0,0,0,0,0,1,0
0.625520044791641,574,1,0,3,0.127496851579376,0,0,0,0,1,1,0,0,1,1,0,0,0,0,0,0,0,0,0,0,0
2.19000410641715,574,2,0,3,0.271249150321405,0,0,0,0,1,1,0,0,1,1,0,0,0,0,0,0,0,0,0,0,0
1.92005820048367,574,3,0,3,0.43332941456034,0,0,0,0,1,1,0,0,1,1,0,0,0,0,0,0,0,0,0,0,0
4.02766078091863,574,4,0,3,0.616074402192893,0,0,0,0,1,1,0,0,1,1,0,0,0,0,0,0,0,0,0,0,0
3.14061246167613,574,5,0,3,0.822118800390509,0,0,0,0,1,1,0,0,1,1,0,0,0,0,0,0,0,0,0,0,0
4.98255693085513,574,6,0,3,1.05443321064389,0,0,0,0,1,1,0,0,1,1,0,0,0,0,0,0,0,0,0,0,0
7.48071461982331,574,7,0,3,1.31636697678109,0,0,0,0,1,1,0,0,1,1,0,0,0,0,0,0,0,0,0,0,0
7.88186251810341,574,8,0,3,1.61169647342312,0,0,0,0,1,1,0,0,1,1,0,0,0,0,0,0,0,0,0,0,0
10.357266433571,574,9,0,3,1.94467955106552,0,0,0,0,1,1,0,0,1,1,0,0,0,0,0,0,0,0,0,0,0
11.1881220569882,574,10,0,3,2.32011692273655,0,0,0,0,1,1,0,0,1,1,0,0,0,0,0,0,0,0,0,0,0
-0.564443947297952,575,1,0,2,0.0512710963760241,1,0,0,1,1,0,1,0,0,1,1,0,0,0,0,0,0,0,0,0,0
0.137789199525789,575,2,0,2,0.105170918075648,1,0,0,1,1,0,1,0,0,1,0,0,0,0,0,0,1,0,0,0,0
0.689277766660797,575,3,0,2,0.161834242728283,1,0,0,1,1,0,1,0,0,1,0,0,0,0,0,0,0,1,0,0,0
1.03782757312158,575,4,0,2,0.22140275816017,1,0,0,1,1,0,1,0,0,1,0,0,0,0,0,0,0,0,1,0,0
0.0703068695789388,575,5,0,2,0.284025416687741,1,0,0,1,1,0,1,0,0,1,0,0,0,0,0,0,0,0,0,1,0
2.77785065070857,575,6,0,2,0.349858807576003,1,0,0,1,1,0,1,0,0,1,0,0,0,0,0,0,0,0,0,0,1
0.283048284312506,575,7,0,2,0.419067548593257,1,0,0,1,1,0,1,0,0,1,0,0,0,0,0,0,0,0,0,0,0
0.601586315951948,575,8,0,2,0.49182469764127,1,0,0,1,1,0,1,0,0,1,0,0,0,0,0,0,0,0,0,0,0
2.33095625828059,575,9,0,2,0.568312185490169,1,0,0,1,1,0,1,0,0,1,0,0,0,0,0,0,0,0,0,0,0
3.87926930216749,575,10,0,2,0.648721270700128,1,0,0,1,1,0,1,0,0,1,0,0,0,0,0,0,0,0,0,0,0
0.336005459406932,576,1,0,2,0.0512710963760241,0,1,1,1,1,0,1,0,0,0,0,0,0,0,0,0,0,0,0,0,0
1.53207670718684,576,2,0,2,0.105170918075648,0,1,1,1,1,0,1,0,0,0,0,0,0,0,0,0,0,0,0,0,0
0.433555841054643,576,3,0,2,0.161834242728283,0,1,1,1,1,0,1,0,0,0,0,0,0,0,0,0,0,0,0,0,0
-0.308533239290755,576,4,0,2,0.22140275816017,0,1,1,1,1,0,1,0,0,0,0,0,0,0,0,0,0,0,0,0,0
1.82080302158654,576,5,0,2,0.284025416687741,0,1,1,1,1,0,1,0,0,0,0,0,0,0,0,0,0,0,0,0,0
-0.169808712877026,576,6,0,2,0.349858807576003,0,1,1,1,1,0,1,0,0,0,0,0,0,0,0,0,0,0,0,0,0
0.889149465681692,576,7,0,2,0.419067548593257,0,1,1,1,1,0,1,0,0,0,0,0,0,0,0,0,0,0,0,0,0
5.09216422834888,576,8,0,2,0.49182469764127,0,1,1,1,1,0,1,0,0,0,0,0,0,0,0,0,0,0,0,0,0
2.01921769762644,576,9,0,2,0.568312185490169,0,1,1,1,1,0,1,0,0,0,0,0,0,0,0,0,0,0,0,0,0
3.17653143469659,576,10,0,2,0.648721270700128,0,1,1,1,1,0,1,0,0,0,0,0,0,0,0,0,0,0,0,0,0
1.84008976921878,577,1,0,2,0.0512710963760241,0,1,0,0,0,1,0,1,0,1,0,0,0,0,0,0,0,0,0,0,0
-0.407569445095384,577,2,0,2,0.105170918075648,0,1,0,0,0,1,0,1,0,1,0,0,0,0,0,0,0,0,0,0,0
1.270744612016,577,3,0,2,0.161834242728283,0,1,0,0,0,1,0,1,0,1,0,0,0,0,0,0,0,0,0,0,0
0.0345224745723183,577,4,0,2,0.22140275816017,0,1,0,0,0,1,0,1,0,1,0,0,0,0,0,0,0,0,0,0,0
2.65872208915127,577,5,0,2,0.284025416687741,0,1,0,0,0,1,0,1,0,1,0,0,0,0,0,0,0,0,0,0,0
1.05253223975036,577,6,0,2,0.349858807576003,0,1,0,0,0,1,0,1,0,1,0,0,0,0,0,0,0,0,0,0,0
2.47952112280987,577,7,0,2,0.419067548593257,0,1,0,0,0,1,0,1,0,1,0,0,0,0,0,0,0,0,0,0,0
3.26493735186709,577,8,0,2,0.49182469764127,0,1,0,0,0,1,0,1,0,1,0,0,0,0,0,0,0,0,0,0,0
4.3965909159684,577,9,0,2,0.568312185490169,0,1,0,0,0,1,0,1,0,1,0,0,0,0,0,0,0,0,0,0,0
3.04113872447072,577,10,0,2,0.648721270700128,0,1,0,0,0,1,0,1,0,1,0,0,0,0,0,0,0,0,0,0,0
1.9234116451163,578,1,0,1,0.01,1,1,1,1,1,1,1,0,0,0,0,0,0,1,0,0,0,0,0,0,0
1.07562094931419,578,2,0,1,0.01,1,1,1,1,1,1,1,0,0,0,0,0,1,0,0,0,0,0,0,0,0
-2.16427952932443,578,3,0,1,0.01,1,1,1,1,1,1,1,0,0,0,0,1,0,0,0,0,0,0,0,0,0
0.159417146444102,578,4,0,1,0.01,1,1,1,1,1,1,1,0,0,0,1,0,0,0,0,0,0,0,0,0,0
-1.39958052433483,578,5,0,1,0.01,1,1,1,1,1,1,1,0,0,0,0,0,0,0,0,0,1,0,0,0,0
-0.404149930693715,578,6,0,1,0.01,1,1,1,1,1,1,1,0,0,0,0,0,0,0,0,0,0,1,0,0,0
0.355814002175191,578,7,0,1,0.01,1,1,1,1,1,1,1,0,0,0,0,0,0,0,0,0,0,0,1,0,0
1.49588014495161,578,8,0,1,0.01,1,1,1,1,1,1,1,0,0,0,0,0,0,0,0,0,0,0,0,1,0
1.15384469670066,578,9,0,1,0.01,1,1,1,1,1,1,1,0,0,0,0,0,0,0,0,0,0,0,0,0,1
-0.160371468092884,578,10,0,1,0.01,1,1,1,1,1,1,1,0,0,0,0,0,0,0,0,0,0,0,0,0,0
-0.0172941110583886,579,1,0,1,0.01,1,1,1,1,1,0,1,1,0,1,0,0,0,0,0,0,0,0,0,0,0
-0.69974272512639,579,2,0,1,0.01,1,1,1,1,1,0,1,1,0,1,0,0,0,0,0,0,0,0,0,0,0
-0.958635775830926,579,3,0,1,0.01,1,1,1,1,1,0,1,1,0,1,0,0,0,0,0,0,0,0,0,0,0
-0.270158503459525,579,4,0,1,0.01,1,1,1,1,1,0,1,1,0,1,0,0,0,0,0,0,0,0,0,0,0
-0.591186122480303,579,5,0,1,0.01,1,1,1,1,1,0,1,1,0,1,0,0,0,0,0,0,0,0,0,0,0
-0.164729132475708,579,6,0,1,0.01,1,1,1,1,1,0,1,1,0,1,0,0,0,0,0,0,0,0,0,0,0
-0.194026026871528,579,7,0,1,0.01,1,1,1,1,1,0,1,1,0,1,0,0,0,0,0,0,0,0,0,0,0
0.0017200156396451,579,8,0,1,0.01,1,1,1,1,1,0,1,1,0,1,0,0,0,0,0,0,0,0,0,0,0
0.467681843297591,579,9,0,1,0.01,1,1,1,1,1,0,1,1,0,1,0,0,0,0,0,0,0,0,0,0,0
-0.450535971277304,579,10,0,1,0.01,1,1,1,1,1,0,1,1,0,1,0,0,0,0,0,0,0,0,0,0,0
0.76583716000059,580,1,0,1,0.01,0,1,1,0,1,0,1,1,1,1,0,1,0,0,0,0,0,0,0,0,0
-0.170375715676262,580,2,0,1,0.01,0,1,1,0,1,0,1,1,1,1,1,0,0,0,0,0,0,0,0,0,0
0.443828618699291,580,3,0,1,0.01,0,1,1,0,1,0,1,1,1,1,0,0,0,0,0,0,1,0,0,0,0
1.1248998157438,580,4,0,1,0.01,0,1,1,0,1,0,1,1,1,1,0,0,0,0,0,0,0,1,0,0,0
0.356668885082017,580,5,0,1,0.01,0,1,1,0,1,0,1,1,1,1,0,0,0,0,0,0,0,0,1,0,0
-0.0294462122938419,580,6,0,1,0.01,0,1,1,0,1,0,1,1,1,1,0,0,0,0,0,0,0,0,0,1,0
0.0921141327300805,580,7,0,1,0.01,0,1,1,0,1,0,1,1,1,1,0,0,0,0,0,0,0,0,0,0,1
-1.06595079033537,580,8,0,1,0.01,0,1,1,0,1,0,1,1,1,1,0,0,0,0,0,0,0,0,0,0,0
1.39961505413486,580,9,0,1,0.01,0,1,1,0,1,0,1,1,1,1,0,0,0,0,0,0,0,0,0,0,0
-1.22782940023002,580,10,0,1,0.01,0,1,1,0,1,0,1,1,1,1,0,0,0,0,0,0,0,0,0,0,0
0.356211301359997,581,1,0,1,0.01,1,0,1,0,0,1,1,0,1,1,0,0,0,0,0,0,0,0,0,0,0
1.1181288143197,581,2,0,1,0.01,1,0,1,0,0,1,1,0,1,1,0,0,0,0,0,0,0,0,0,0,0
-0.415053420516615,581,3,0,1,0.01,1,0,1,0,0,1,1,0,1,1,0,0,0,0,0,0,0,0,0,0,0
0.423836222861528,581,4,0,1,0.01,1,0,1,0,0,1,1,0,1,1,0,0,0,0,0,0,0,0,0,0,0
1.0109026027047,581,5,0,1,0.01,1,0,1,0,0,1,1,0,1,1,0,0,0,0,0,0,0,0,0,0,0
1.41132883137546,581,6,0,1,0.01,1,0,1,0,0,1,1,0,1,1,0,0,0,0,0,0,0,0,0,0,0
0.975139202645684,581,7,0,1,0.01,1,0,1,0,0,1,1,0,1,1,0,0,0,0,0,0,0,0,0,0,0
-0.00319402010875225,581,8,0,1,0.01,1,0,1,0,0,1,1,0,1,1,0,0,0,0,0,0,0,0,0,0,0
-1.15509926301464,581,9,0,1,0.01,1,0,1,0,0,1,1,0,1,1,0,0,0,0,0,0,0,0,0,0,0
0.700756626682679,581,10,0,1,0.01,1,0,1,0,0,1,1,0,1,1,0,0,0,0,0,0,0,0,0,0,0
1.38312866996346,582,1,0,3,0.127496851579376,1,1,1,0,0,0,1,0,0,0,0,0,0,0,0,0,0,0,0,0,0
0.844952677549012,582,2,0,3,0.271249150321405,1,1,1,0,0,0,1,0,0,0,0,0,0,0,0,0,0,0,0,0,0
2.85279641133559,582,3,0,3,0.43332941456034,1,1,1,0,0,0,1,0,0,0,0,0,0,0,0,0,0,0,0,0,0
2.80301259139442,582,4,0,3,0.616074402192893,1,1,1,0,0,0,1,0,0,0,0,0,0,0,0,0,0,0,0,0,0
4.23467708157172,582,5,0,3,0.822118800390509,1,1,1,0,0,0,1,0,0,0,0,0,0,0,0,0,0,0,0,0,0
5.68245280602909,582,6,0,3,1.05443321064389,1,1,1,0,0,0,1,0,0,0,0,0,0,0,0,0,0,0,0,0,0
6.7053741604372,582,7,0,3,1.31636697678109,1,1,1,0,0,0,1,0,0,0,0,0,0,0,0,0,0,0,0,0,0
8.58883138293312,582,8,0,3,1.61169647342312,1,1,1,0,0,0,1,0,0,0,0,0,0,0,0,0,0,0,0,0,0
9.50147762979232,582,9,0,3,1.94467955106552,1,1,1,0,0,0,1,0,0,0,0,0,0,0,0,0,0,0,0,0,0
14.0281167032222,582,10,0,3,2.32011692273655,1,1,1,0,0,0,1,0,0,0,0,0,0,0,0,0,0,0,0,0,0
-0.811243070526426,583,1,0,2,0.0512710963760241,1,0,1,1,0,1,0,1,1,1,0,0,0,0,0,0,0,0,0,0,0
0.750676409335858,583,2,0,2,0.105170918075648,1,0,1,1,0,1,0,1,1,1,0,0,0,0,0,0,0,0,0,0,0
1.1534146881409,583,3,0,2,0.161834242728283,1,0,1,1,0,1,0,1,1,1,0,0,0,0,0,0,0,0,0,0,0
0.178344165427391,583,4,0,2,0.22140275816017,1,0,1,1,0,1,0,1,1,1,0,0,0,0,0,0,0,0,0,0,0
0.753097317221244,583,5,0,2,0.284025416687741,1,0,1,1,0,1,0,1,1,1,0,0,0,0,0,0,0,0,0,0,0
1.81159026546573,583,6,0,2,0.349858807576003,1,0,1,1,0,1,0,1,1,1,0,0,0,0,0,0,0,0,0,0,0
2.43041613333033,583,7,0,2,0.419067548593257,1,0,1,1,0,1,0,1,1,1,0,0,0,0,0,0,0,0,0,0,0
2.76888115067226,583,8,0,2,0.49182469764127,1,0,1,1,0,1,0,1,1,1,0,0,0,0,0,0,0,0,0,0,0
1.43912298375482,583,9,0,2,0.568312185490169,1,0,1,1,0,1,0,1,1,1,0,0,0,0,0,0,0,0,0,0,0
4.26922192723739,583,10,0,2,0.648721270700128,1,0,1,1,0,1,0,1,1,1,0,0,0,0,0,0,0,0,0,0,0
-0.261714196371936,584,1,0,1,0.01,0,0,0,1,0,0,1,0,0,1,0,0,0,0,0,0,0,0,0,0,0
-0.345332229544685,584,2,0,1,0.01,0,0,0,1,0,0,1,0,0,1,0,0,0,0,0,0,0,0,0,0,0
0.00888646973379584,584,3,0,1,0.01,0,0,0,1,0,0,1,0,0,1,0,0,0,0,0,0,0,0,0,0,0
-0.802781147755951,584,4,0,1,0.01,0,0,0,1,0,0,1,0,0,1,0,0,0,0,0,0,0,0,0,0,0
0.0969715291714085,584,5,0,1,0.01,0,0,0,1,0,0,1,0,0,1,0,0,0,0,0,0,0,0,0,0,0
-0.71082554807609,584,6,0,1,0.01,0,0,0,1,0,0,1,0,0,1,0,0,0,0,0,0,0,0,0,0,0
0.318427858593304,584,7,0,1,0.01,0,0,0,1,0,0,1,0,0,1,0,0,0,0,0,0,0,0,0,0,0
0.496078355735985,584,8,0,1,0.01,0,0,0,1,0,0,1,0,0,1,0,0,0,0,0,0,0,0,0,0,0
-2.06933793414471,584,9,0,1,0.01,0,0,0,1,0,0,1,0,0,1,0,0,0,0,0,0,0,0,0,0,0
0.471785970971704,584,10,0,1,0.01,0,0,0,1,0,0,1,0,0,1,0,0,0,0,0,0,0,0,0,0,0
1.35208147968049,585,1,0,2,0.0512710963760241,1,0,1,1,0,1,0,0,0,0,0,0,0,0,0,0,0,0,0,0,0
-0.888994850640917,585,2,0,2,0.105170918075648,1,0,1,1,0,1,0,0,0,0,0,0,0,0,0,0,0,0,0,0,0
1.28084994323429,585,3,0,2,0.161834242728283,1,0,1,1,0,1,0,0,0,0,0,0,0,0,0,1,0,0,0,0,0
-0.713517431086755,585,4,0,2,0.22140275816017,1,0,1,1,0,1,0,0,0,0,0,0,0,0,1,0,0,0,0,0,0
1.96046498550912,585,5,0,2,0.284025416687741,1,0,1,1,0,1,0,0,0,0,0,0,0,1,0,0,0,0,0,0,0
0.506967995145526,585,6,0,2,0.349858807576003,1,0,1,1,0,1,0,0,0,0,0,0,1,0,0,0,0,0,0,0,0
2.32309016833282,585,7,0,2,0.419067548593257,1,0,1,1,0,1,0,0,0,0,0,1,0,0,0,0,0,0,0,0,0
2.02867743918536,585,8,0,2,0.49182469764127,1,0,1,1,0,1,0,0,0,0,1,0,0,0,0,0,0,0,0,0,0
1.45175758412673,585,9,0,2,0.568312185490169,1,0,1,1,0,1,0,0,0,0,0,0,0,0,0,0,1,0,0,0,0
3.28189677960516,585,10,0,2,0.648721270700128,1,0,1,1,0,1,0,0,0,0,0,0,0,0,0,0,0,1,0,0,0
0.858025627320324,586,1,0,2,0.0512710963760241,0,1,0,1,0,0,1,1,1,1,0,0,0,0,0,0,0,0,0,0,0
1.97873376926168,586,2,0,2,0.105170918075648,0,1,0,1,0,0,1,1,1,1,0,0,0,0,0,0,0,0,0,0,0
0.396699227928178,586,3,0,2,0.161834242728283,0,1,0,1,0,0,1,1,1,1,0,0,0,0,0,0,0,0,0,0,0
1.56850431707759,586,4,0,2,0.22140275816017,0,1,0,1,0,0,1,1,1,1,0,0,0,0,0,0,0,0,0,0,0
0.333068629638135,586,5,0,2,0.284025416687741,0,1,0,1,0,0,1,1,1,1,0,0,0,0,0,0,0,0,0,0,0
1.12527511193299,586,6,0,2,0.349858807576003,0,1,0,1,0,0,1,1,1,1,0,0,0,0,0,0,0,0,0,0,0
1.61280932142796,586,7,0,2,0.419067548593257,0,1,0,1,0,0,1,1,1,1,0,0,0,0,0,0,0,0,0,0,0
1.66278744821096,586,8,0,2,0.49182469764127,0,1,0,1,0,0,1,1,1,1,0,0,0,0,0,0,0,0,0,0,0
3.07077189189623,586,9,0,2,0.568312185490169,0,1,0,1,0,0,1,1,1,1,0,0,0,0,0,0,0,0,0,0,0
3.54248015247116,586,10,0,2,0.648721270700128,0,1,0,1,0,0,1,1,1,1,0,0,0,0,0,0,0,0,0,0,0
-0.28463560290955,587,1,0,2,0.0512710963760241,1,0,1,0,1,0,1,1,0,0,0,0,0,0,0,0,0,0,0,0,0
-0.36400165842736,587,2,0,2,0.105170918075648,1,0,1,0,1,0,1,1,0,0,0,0,0,0,0,0,0,0,0,0,0
-0.932043631583791,587,3,0,2,0.161834242728283,1,0,1,0,1,0,1,1,0,0,0,0,0,0,0,0,0,0,0,0,0
1.87370855035559,587,4,0,2,0.22140275816017,1,0,1,0,1,0,1,1,0,0,0,0,0,0,0,0,0,0,0,0,0
1.58255182011412,587,5,0,2,0.284025416687741,1,0,1,0,1,0,1,1,0,0,0,0,0,0,0,0,0,0,0,0,0
1.20915323138206,587,6,0,2,0.349858807576003,1,0,1,0,1,0,1,1,0,0,0,0,0,0,0,0,0,0,0,0,0
3.46831831454679,587,7,0,2,0.419067548593257,1,0,1,0,1,0,1,1,0,0,0,0,0,0,0,0,0,0,0,0,0
4.6327930721061,587,8,0,2,0.49182469764127,1,0,1,0,1,0,1,1,0,0,0,0,0,0,0,0,0,0,0,0,0
4.32217278847255,587,9,0,2,0.568312185490169,1,0,1,0,1,0,1,1,0,0,0,0,0,0,0,0,0,0,0,0,0
2.47050839042199,587,10,0,2,0.648721270700128,1,0,1,0,1,0,1,1,0,0,0,0,0,0,0,0,0,0,0,0,0
1.81195947047907,588,1,0,1,0.01,0,1,0,0,1,0,1,1,1,0,0,0,0,0,0,0,0,0,0,0,0
0.602467701401535,588,2,0,1,0.01,0,1,0,0,1,0,1,1,1,0,0,0,0,0,0,0,0,0,0,0,0
-0.0109652417496665,588,3,0,1,0.01,0,1,0,0,1,0,1,1,1,0,0,0,0,0,0,0,0,0,0,0,0
0.563633354051302,588,4,0,1,0.01,0,1,0,0,1,0,1,1,1,0,0,0,0,0,0,0,0,0,0,0,0
0.912953786240332,588,5,0,1,0.01,0,1,0,0,1,0,1,1,1,0,0,0,0,0,0,0,0,0,0,0,0
0.26599359350004,588,6,0,1,0.01,0,1,0,0,1,0,1,1,1,0,0,0,0,0,0,0,0,0,0,0,0
0.574005451896462,588,7,0,1,0.01,0,1,0,0,1,0,1,1,1,0,0,0,0,0,0,0,0,0,0,0,0
0.161407175806704,588,8,0,1,0.01,0,1,0,0,1,0,1,1,1,0,0,0,0,0,0,0,0,0,0,0,0
-0.196819663315268,588,9,0,1,0.01,0,1,0,0,1,0,1,1,1,0,0,0,0,0,0,0,0,0,0,0,0
-0.936775883709112,588,10,0,1,0.01,0,1,0,0,1,0,1,1,1,0,0,0,0,0,0,0,0,0,0,0,0
-1.07478426991022,589,1,0,1,0.01,1,0,0,1,0,1,0,1,1,0,0,0,0,0,0,0,0,0,0,0,0
0.419370635191596,589,2,0,1,0.01,1,0,0,1,0,1,0,1,1,0,0,0,0,0,0,0,0,0,0,0,0
-1.9109264000633,589,3,0,1,0.01,1,0,0,1,0,1,0,1,1,0,0,0,0,0,0,0,0,0,0,0,0
0.11853750426771,589,4,0,1,0.01,1,0,0,1,0,1,0,1,1,0,0,0,0,0,0,0,0,0,0,0,0
-0.243257014382513,589,5,0,1,0.01,1,0,0,1,0,1,0,1,1,0,0,0,0,0,0,0,0,0,0,0,0
2.80558124407568,589,6,0,1,0.01,1,0,0,1,0,1,0,1,1,0,0,0,0,0,0,0,0,0,0,0,0
0.682975063195128,589,7,0,1,0.01,1,0,0,1,0,1,0,1,1,0,0,0,0,0,0,0,0,0,0,0,0
1.3075741283301,589,8,0,1,0.01,1,0,0,1,0,1,0,1,1,0,0,0,0,0,0,0,0,0,0,0,0
-0.147921320626994,589,9,0,1,0.01,1,0,0,1,0,1,0,1,1,0,0,0,0,0,0,0,0,0,0,0,0
-0.791726306853384,589,10,0,1,0.01,1,0,0,1,0,1,0,1,1,0,0,0,0,0,0,0,0,0,0,0,0
2.38381503688711,590,1,0,2,0.0512710963760241,0,0,1,1,0,1,1,0,1,0,0,1,0,0,0,0,0,0,0,0,0
1.17350136477748,590,2,0,2,0.105170918075648,0,0,1,1,0,1,1,0,1,0,1,0,0,0,0,0,0,0,0,0,0
2.03431500373949,590,3,0,2,0.161834242728283,0,0,1,1,0,1,1,0,1,0,0,0,0,0,0,0,1,0,0,0,0
2.28631137998375,590,4,0,2,0.22140275816017,0,0,1,1,0,1,1,0,1,0,0,0,0,0,0,0,0,1,0,0,0
1.10983513947131,590,5,0,2,0.284025416687741,0,0,1,1,0,1,1,0,1,0,0,0,0,0,0,0,0,0,1,0,0
2.01221326515366,590,6,0,2,0.349858807576003,0,0,1,1,0,1,1,0,1,0,0,0,0,0,0,0,0,0,0,1,0
3.28324419255895,590,7,0,2,0.419067548593257,0,0,1,1,0,1,1,0,1,0,0,0,0,0,0,0,0,0,0,0,1
4.23677064608604,590,8,0,2,0.49182469764127,0,0,1,1,0,1,1,0,1,0,0,0,0,0,0,0,0,0,0,0,0
4.63370750080176,590,9,0,2,0.568312185490169,0,0,1,1,0,1,1,0,1,0,0,0,0,0,0,0,0,0,0,0,0
2.33069329663838,590,10,0,2,0.648721270700128,0,0,1,1,0,1,1,0,1,0,0,0,0,0,0,0,0,0,0,0,0
1.23521533424205,591,1,0,1,0.01,1,0,1,0,1,0,0,1,0,0,0,0,0,0,0,0,0,0,0,0,0
1.95830022426497,591,2,0,1,0.01,1,0,1,0,1,0,0,1,0,0,0,0,0,0,0,0,0,0,0,0,0
-1.38517586492657,591,3,0,1,0.01,1,0,1,0,1,0,0,1,0,0,0,0,0,0,0,0,0,0,0,0,0
-0.0724575241992739,591,4,0,1,0.01,1,0,1,0,1,0,0,1,0,0,0,0,0,0,0,0,0,0,0,0,0
0.881368798950213,591,5,0,1,0.01,1,0,1,0,1,0,0,1,0,0,0,0,0,0,0,0,0,0,0,0,0
1.2142292073499,591,6,0,1,0.01,1,0,1,0,1,0,0,1,0,0,0,0,0,0,0,0,0,0,0,0,0
-1.66820599838293,591,7,0,1,0.01,1,0,1,0,1,0,0,1,0,0,0,0,0,0,0,0,0,0,0,0,0
0.90076805201907,591,8,0,1,0.01,1,0,1,0,1,0,0,1,0,0,0,0,0,0,0,0,0,0,0,0,0
-0.910158114031575,591,9,0,1,0.01,1,0,1,0,1,0,0,1,0,0,0,0,0,0,0,0,0,0,0,0,0
-0.821553605258468,591,10,0,1,0.01,1,0,1,0,1,0,0,1,0,0,0,0,0,0,0,0,0,0,0,0,0
-2.47870258170336,592,1,0,1,0.01,0,1,1,1,0,1,1,1,0,0,0,0,0,0,0,0,0,0,0,0,0
1.17312018339095,592,2,0,1,0.01,0,1,1,1,0,1,1,1,0,0,0,0,0,0,0,0,0,0,0,0,0
0.857164913046511,592,3,0,1,0.01,0,1,1,1,0,1,1,1,0,0,0,0,0,0,0,0,0,0,0,0,0
-0.444437938253922,592,4,0,1,0.01,0,1,1,1,0,1,1,1,0,0,0,0,0,0,0,0,0,0,0,0,0
1.24179875948883,592,5,0,1,0.01,0,1,1,1,0,1,1,1,0,0,0,0,0,0,0,0,0,0,0,0,0
-1.42463045398075,592,6,0,1,0.01,0,1,1,1,0,1,1,1,0,0,0,0,0,0,0,0,0,0,0,0,0
0.503105793491143,592,7,0,1,0.01,0,1,1,1,0,1,1,1,0,0,0,0,0,0,0,0,0,0,0,0,0
0.418132378799554,592,8,0,1,0.01,0,1,1,1,0,1,1,1,0,0,0,0,0,0,0,0,0,0,0,0,0
1.42218867367859,592,9,0,1,0.01,0,1,1,1,0,1,1,1,0,0,0,0,0,0,0,0,0,0,0,0,0
-0.789172124141441,592,10,0,1,0.01,0,1,1,1,0,1,1,1,0,0,0,0,0,0,0,0,0,0,0,0,0
0.978307449963382,593,1,0,1,0.01,0,1,1,0,0,0,0,0,1,0,0,0,0,0,0,0,0,0,0,0,0
1.05281132892559,593,2,0,1,0.01,0,1,1,0,0,0,0,0,1,0,0,0,0,0,0,0,0,0,0,0,0
0.459605069511729,593,3,0,1,0.01,0,1,1,0,0,0,0,0,1,0,0,0,0,0,0,0,0,0,0,0,0
-0.552959122664919,593,4,0,1,0.01,0,1,1,0,0,0,0,0,1,0,0,0,0,0,0,0,0,0,0,0,0
-0.0446394001335751,593,5,0,1,0.01,0,1,1,0,0,0,0,0,1,0,0,0,0,0,0,0,0,0,0,0,0
-0.203918778486695,593,6,0,1,0.01,0,1,1,0,0,0,0,0,1,0,0,0,0,0,0,0,0,0,0,0,0
0.415347288000744,593,7,0,1,0.01,0,1,1,0,0,0,0,0,1,0,0,0,0,0,0,0,0,0,0,0,0
-0.727809111345158,593,8,0,1,0.01,0,1,1,0,0,0,0,0,1,0,0,0,0,0,0,0,0,0,0,0,0
0.522728155087366,593,9,0,1,0.01,0,1,1,0,0,0,0,0,1,0,0,0,0,0,0,0,0,0,0,0,0
0.497160111929594,593,10,0,1,0.01,0,1,1,0,0,0,0,0,1,0,0,0,0,0,0,0,0,0,0,0,0
1.19368256145032,594,1,0,2,0.0512710963760241,0,1,0,1,0,1,1,0,0,0,0,0,0,0,0,0,0,0,0,0,0
0.350515999538019,594,2,0,2,0.105170918075648,0,1,0,1,0,1,1,0,0,0,0,0,0,0,0,0,0,0,0,0,0
-0.252413029979759,594,3,0,2,0.161834242728283,0,1,0,1,0,1,1,0,0,0,0,0,0,0,0,0,0,0,0,0,0
3.48607489137819,594,4,0,2,0.22140275816017,0,1,0,1,0,1,1,0,0,0,0,0,0,0,0,0,0,0,0,0,0
-0.0779269363464945,594,5,0,2,0.284025416687741,0,1,0,1,0,1,1,0,0,0,0,0,0,0,0,0,0,0,0,0,0
0.863942012241639,594,6,0,2,0.349858807576003,0,1,0,1,0,1,1,0,0,0,0,0,0,0,0,0,0,0,0,0,0
1.50114568592715,594,7,0,2,0.419067548593257,0,1,0,1,0,1,1,0,0,0,0,0,0,0,0,0,0,0,0,0,0
2.44187024345427,594,8,0,2,0.49182469764127,0,1,0,1,0,1,1,0,0,0,0,0,0,0,0,0,0,0,0,0,0
1.0242737808495,594,9,0,2,0.568312185490169,0,1,0,1,0,1,1,0,0,0,0,0,0,0,0,0,0,0,0,0,0
4.82264206792765,594,10,0,2,0.648721270700128,0,1,0,1,0,1,1,0,0,0,0,0,0,0,0,0,0,0,0,0,0
0.0929198394405281,595,1,0,2,0.0512710963760241,1,1,0,1,0,1,1,1,0,1,0,0,0,0,0,0,0,0,0,0,0
0.427046234224615,595,2,0,2,0.105170918075648,1,1,0,1,0,1,1,1,0,1,0,0,0,0,0,0,0,0,0,0,0
-1.19343295036739,595,3,0,2,0.161834242728283,1,1,0,1,0,1,1,1,0,1,0,0,0,0,0,0,0,0,0,0,0
1.36320450910125,595,4,0,2,0.22140275816017,1,1,0,1,0,1,1,1,0,1,0,0,0,0,0,0,0,0,0,0,0
3.04526316735638,595,5,0,2,0.284025416687741,1,1,0,1,0,1,1,1,0,1,0,0,0,0,0,0,0,0,0,0,0
1.74531506606259,595,6,0,2,0.349858807576003,1,1,0,1,0,1,1,1,0,1,0,0,0,0,0,0,0,0,0,0,0
0.29105621733332,595,7,0,2,0.419067548593257,1,1,0,1,0,1,1,1,0,1,0,0,0,0,0,0,0,0,0,0,0
2.3423638641021,595,8,0,2,0.49182469764127,1,1,0,1,0,1,1,1,0,1,0,0,0,0,0,0,0,0,0,0,0
3.03355851154329,595,9,0,2,0.568312185490169,1,1,0,1,0,1,1,1,0,1,0,0,0,0,0,0,0,0,0,0,0
2.89211338499261,595,10,0,2,0.648721270700128,1,1,0,1,0,1,1,1,0,1,0,0,0,0,0,0,0,0,0,0,0
1.96549225097075,596,1,0,2,0.0512710963760241,0,0,0,1,0,1,1,0,1,0,0,0,0,0,0,0,0,0,0,0,0
0.95266645376096,596,2,0,2,0.105170918075648,0,0,0,1,0,1,1,0,1,0,0,0,0,0,0,0,0,0,0,0,0
0.54163250532954,596,3,0,2,0.161834242728283,0,0,0,1,0,1,1,0,1,0,0,0,0,0,0,0,0,0,0,0,0
3.57629488878465,596,4,0,2,0.22140275816017,0,0,0,1,0,1,1,0,1,0,0,0,0,0,0,0,0,0,0,0,0
2.80634225393471,596,5,0,2,0.284025416687741,0,0,0,1,0,1,1,0,1,0,0,0,0,0,0,0,0,0,0,0,0
1.76457937152705,596,6,0,2,0.349858807576003,0,0,0,1,0,1,1,0,1,0,0,0,0,0,0,0,0,0,0,0,0
0.946058116273586,596,7,0,2,0.419067548593257,0,0,0,1,0,1,1,0,1,0,0,0,0,0,0,0,0,0,0,0,0
2.09699584886437,596,8,0,2,0.49182469764127,0,0,0,1,0,1,1,0,1,0,0,0,0,0,0,0,0,0,0,0,0
1.60769617450843,596,9,0,2,0.568312185490169,0,0,0,1,0,1,1,0,1,0,0,0,0,0,0,0,0,0,0,0,0
2.93216282776359,596,10,0,2,0.648721270700128,0,0,0,1,0,1,1,0,1,0,0,0,0,0,0,0,0,0,0,0,0
2.7220763936937,597,1,0,3,0.127496851579376,0,0,0,1,1,0,1,1,0,0,0,0,0,0,0,0,0,0,0,0,0
0.835679923376754,597,2,0,3,0.271249150321405,0,0,0,1,1,0,1,1,0,0,0,0,0,0,0,0,0,0,0,0,0
2.62023119477446,597,3,0,3,0.43332941456034,0,0,0,1,1,0,1,1,0,0,0,0,0,0,0,0,0,0,0,0,0
3.25876874133035,597,4,0,3,0.616074402192893,0,0,0,1,1,0,1,1,0,0,0,0,0,0,0,0,0,0,0,0,0
6.41195692092924,597,5,0,3,0.822118800390509,0,0,0,1,1,0,1,1,0,0,0,0,0,0,0,0,0,0,0,0,0
6.59150238869382,597,6,0,3,1.05443321064389,0,0,0,1,1,0,1,1,0,0,0,0,0,0,0,0,0,0,0,0,0
5.09844671347945,597,7,0,3,1.31636697678109,0,0,0,1,1,0,1,1,0,0,0,0,0,0,0,0,0,0,0,0,0
6.85004471667122,597,8,0,3,1.61169647342312,0,0,0,1,1,0,1,1,0,0,0,0,0,0,0,0,0,0,0,0,0
9.39026031674697,597,9,0,3,1.94467955106552,0,0,0,1,1,0,1,1,0,0,0,0,0,0,0,0,0,0,0,0,0
11.6867459058098,597,10,0,3,2.32011692273655,0,0,0,1,1,0,1,1,0,0,0,0,0,0,0,0,0,0,0,0,0
-1.01447272562085,598,1,0,2,0.0512710963760241,0,1,0,1,1,0,0,0,0,1,0,0,0,0,0,0,0,0,0,0,0
-0.23696084963337,598,2,0,2,0.105170918075648,0,1,0,1,1,0,0,0,0,1,0,0,0,0,0,0,0,0,0,0,0
1.38239175863069,598,3,0,2,0.161834242728283,0,1,0,1,1,0,0,0,0,1,0,0,0,0,0,0,0,0,0,0,0
1.57922827930479,598,4,0,2,0.22140275816017,0,1,0,1,1,0,0,0,0,1,0,0,0,0,0,0,0,0,0,0,0
1.32881021470264,598,5,0,2,0.284025416687741,0,1,0,1,1,0,0,0,0,1,0,0,0,0,0,0,0,0,0,0,0
1.54163812467707,598,6,0,2,0.349858807576003,0,1,0,1,1,0,0,0,0,1,0,0,0,0,0,0,0,0,0,0,0
1.88228526492459,598,7,0,2,0.419067548593257,0,1,0,1,1,0,0,0,0,1,0,0,0,0,0,0,0,0,0,0,0
2.02423956636232,598,8,0,2,0.49182469764127,0,1,0,1,1,0,0,0,0,1,0,0,0,0,0,0,0,0,0,0,0
2.85574608078602,598,9,0,2,0.568312185490169,0,1,0,1,1,0,0,0,0,1,0,0,0,0,0,0,0,0,0,0,0
3.21998608008292,598,10,0,2,0.648721270700128,0,1,0,1,1,0,0,0,0,1,0,0,0,0,0,0,0,0,0,0,0
0.113360303975735,599,1,0,2,0.0512710963760241,0,0,0,0,1,1,0,0,0,0,0,0,0,0,0,0,0,0,0,0,0
1.70377087921262,599,2,0,2,0.105170918075648,0,0,0,0,1,1,0,0,0,0,0,0,0,0,0,0,0,0,0,0,0
-0.267322068722232,599,3,0,2,0.161834242728283,0,0,0,0,1,1,0,0,0,0,0,0,0,0,0,0,0,0,0,0,0
1.74365007639825,599,4,0,2,0.22140275816017,0,0,0,0,1,1,0,0,0,0,0,0,0,0,0,0,0,0,0,0,0
1.56774178764889,599,5,0,2,0.284025416687741,0,0,0,0,1,1,0,0,0,0,0,0,0,0,0,0,0,0,0,0,0
1.448776484864,599,6,0,2,0.349858807576003,0,0,0,0,1,1,0,0,0,0,0,0,0,0,0,0,0,0,0,0,0
2.11691094165749,599,7,0,2,0.419067548593257,0,0,0,0,1,1,0,0,0,0,0,0,0,0,0,0,0,0,0,0,0
1.35041031471504,599,8,0,2,0.49182469764127,0,0,0,0,1,1,0,0,0,0,0,0,0,0,0,0,0,0,0,0,0
2.4559711147544,599,9,0,2,0.568312185490169,0,0,0,0,1,1,0,0,0,0,0,0,0,0,0,0,0,0,0,0,0
5.3444577704447,599,10,0,2,0.648721270700128,0,0,0,0,1,1,0,0,0,0,0,0,0,0,0,0,0,0,0,0,0
-0.829378995951616,600,1,0,1,0.01,0,1,0,1,1,1,1,0,0,0,0,1,0,0,0,0,0,0,0,0,0
1.16953181060241,600,2,0,1,0.01,0,1,0,1,1,1,1,0,0,0,1,0,0,0,0,0,0,0,0,0,0
-1.52368200791066,600,3,0,1,0.01,0,1,0,1,1,1,1,0,0,0,0,0,0,0,0,0,1,0,0,0,0
-0.131392294375439,600,4,0,1,0.01,0,1,0,1,1,1,1,0,0,0,0,0,0,0,0,0,0,1,0,0,0
2.0129463252412,600,5,0,1,0.01,0,1,0,1,1,1,1,0,0,0,0,0,0,0,0,0,0,0,1,0,0
0.916427318623167,600,6,0,1,0.01,0,1,0,1,1,1,1,0,0,0,0,0,0,0,0,0,0,0,0,1,0
1.25105725270935,600,7,0,1,0.01,0,1,0,1,1,1,1,0,0,0,0,0,0,0,0,0,0,0,0,0,1
-0.345504919148867,600,8,0,1,0.01,0,1,0,1,1,1,1,0,0,0,0,0,0,0,0,0,0,0,0,0,0
-0.294633417016412,600,9,0,1,0.01,0,1,0,1,1,1,1,0,0,0,0,0,0,0,0,0,0,0,0,0,0
-0.714687647709921,600,10,0,1,0.01,0,1,0,1,1,1,1,0,0,0,0,0,0,0,0,0,0,0,0,0,0
0.550202167143543,601,1,0,2,0.0512710963760241,1,0,1,1,1,1,1,0,0,0,0,0,0,0,0,0,0,0,0,0,0
0.094547729901424,601,2,0,2,0.105170918075648,1,0,1,1,1,1,1,0,0,0,0,0,0,0,0,0,0,0,0,0,0
1.80623640514828,601,3,0,2,0.161834242728283,1,0,1,1,1,1,1,0,0,0,0,0,0,0,0,0,0,0,0,0,0
2.72257082148822,601,4,0,2,0.22140275816017,1,0,1,1,1,1,1,0,0,0,0,0,0,0,0,0,0,0,0,0,0
1.0250069388405,601,5,0,2,0.284025416687741,1,0,1,1,1,1,1,0,0,0,0,0,0,0,0,0,0,0,0,0,0
0.144156007178885,601,6,0,2,0.349858807576003,1,0,1,1,1,1,1,0,0,0,0,0,0,0,0,0,0,0,0,0,0
1.12943533143618,601,7,0,2,0.419067548593257,1,0,1,1,1,1,1,0,0,0,0,0,0,0,0,0,0,0,0,0,0
3.28098043382319,601,8,0,2,0.49182469764127,1,0,1,1,1,1,1,0,0,0,0,0,0,0,0,0,0,0,0,0,0
4.28860867360188,601,9,0,2,0.568312185490169,1,0,1,1,1,1,1,0,0,0,0,0,0,0,0,0,0,0,0,0,0
5.4343891800948,601,10,0,2,0.648721270700128,1,0,1,1,1,1,1,0,0,0,0,0,0,0,0,0,0,0,0,0,0
-0.1234305829555,602,1,0,1,0.01,1,0,1,0,0,1,0,1,1,1,0,0,0,0,0,0,0,0,0,0,0
-1.15163569181698,602,2,0,1,0.01,1,0,1,0,0,1,0,1,1,1,0,0,0,0,0,0,0,0,0,0,0
2.3634274812231,602,3,0,1,0.01,1,0,1,0,0,1,0,1,1,1,0,0,0,0,0,0,0,0,0,0,0
-1.65631299560035,602,4,0,1,0.01,1,0,1,0,0,1,0,1,1,1,0,0,0,0,0,0,0,0,0,0,0
1.78488668794756,602,5,0,1,0.01,1,0,1,0,0,1,0,1,1,1,0,0,0,0,0,0,0,0,0,0,0
-1.87943232838318,602,6,0,1,0.01,1,0,1,0,0,1,0,1,1,1,0,0,0,0,0,0,0,0,0,0,0
1.92204793246289,602,7,0,1,0.01,1,0,1,0,0,1,0,1,1,1,0,0,0,0,0,0,0,0,0,0,0
0.0728387147949898,602,8,0,1,0.01,1,0,1,0,0,1,0,1,1,1,0,0,0,0,0,0,0,0,0,0,0
0.579253772895907,602,9,0,1,0.01,1,0,1,0,0,1,0,1,1,1,0,0,0,0,0,0,0,0,0,0,0
0.778941262381675,602,10,0,1,0.01,1,0,1,0,0,1,0,1,1,1,0,0,0,0,0,0,0,0,0,0,0
-0.00979039587447075,603,1,0,1,0.01,0,0,0,0,0,0,1,0,0,0,0,0,0,0,1,0,0,0,0,0,0
-1.46840901655964,603,2,0,1,0.01,0,0,0,0,0,0,1,0,0,0,0,0,0,1,0,0,0,0,0,0,0
1.58367857692559,603,3,0,1,0.01,0,0,0,0,0,0,1,0,0,0,0,0,1,0,0,0,0,0,0,0,0
1.77827098819552,603,4,0,1,0.01,0,0,0,0,0,0,1,0,0,0,0,1,0,0,0,0,0,0,0,0,0
-0.628019893378129,603,5,0,1,0.01,0,0,0,0,0,0,1,0,0,0,1,0,0,0,0,0,0,0,0,0,0
-0.63295492296637,603,6,0,1,0.01,0,0,0,0,0,0,1,0,0,0,0,0,0,0,0,0,1,0,0,0,0
0.200610063645181,603,7,0,1,0.01,0,0,0,0,0,0,1,0,0,0,0,0,0,0,0,0,0,1,0,0,0
0.448688463877732,603,8,0,1,0.01,0,0,0,0,0,0,1,0,0,0,0,0,0,0,0,0,0,0,1,0,0
2.44841804726311,603,9,0,1,0.01,0,0,0,0,0,0,1,0,0,0,0,0,0,0,0,0,0,0,0,1,0
0.878646762226597,603,10,0,1,0.01,0,0,0,0,0,0,1,0,0,0,0,0,0,0,0,0,0,0,0,0,1
-0.208710391454919,604,1,0,2,0.0512710963760241,0,1,1,1,1,0,1,0,0,0,0,1,0,0,0,0,0,0,0,0,0
-1.28512667427929,604,2,0,2,0.105170918075648,0,1,1,1,1,0,1,0,0,0,1,0,0,0,0,0,0,0,0,0,0
1.45655241039443,604,3,0,2,0.161834242728283,0,1,1,1,1,0,1,0,0,0,0,0,0,0,0,0,1,0,0,0,0
1.54497653119566,604,4,0,2,0.22140275816017,0,1,1,1,1,0,1,0,0,0,0,0,0,0,0,0,0,1,0,0,0
1.09378876266342,604,5,0,2,0.284025416687741,0,1,1,1,1,0,1,0,0,0,0,0,0,0,0,0,0,0,1,0,0
2.92068526270834,604,6,0,2,0.349858807576003,0,1,1,1,1,0,1,0,0,0,0,0,0,0,0,0,0,0,0,1,0
2.7176957264236,604,7,0,2,0.419067548593257,0,1,1,1,1,0,1,0,0,0,0,0,0,0,0,0,0,0,0,0,1
3.20422237286047,604,8,0,2,0.49182469764127,0,1,1,1,1,0,1,0,0,0,0,0,0,0,0,0,0,0,0,0,0
2.72037082918377,604,9,0,2,0.568312185490169,0,1,1,1,1,0,1,0,0,0,0,0,0,0,0,0,0,0,0,0,0
2.64612227529976,604,10,0,2,0.648721270700128,0,1,1,1,1,0,1,0,0,0,0,0,0,0,0,0,0,0,0,0,0
0.500258273409808,605,1,0,2,0.0512710963760241,0,0,1,0,1,0,0,1,1,0,0,0,0,0,0,0,0,0,0,0,0
0.175322981477528,605,2,0,2,0.105170918075648,0,0,1,0,1,0,0,1,1,0,0,0,0,0,0,0,0,0,0,0,0
0.100549021068738,605,3,0,2,0.161834242728283,0,0,1,0,1,0,0,1,1,0,0,0,0,0,0,0,0,0,0,0,0
1.50951436035421,605,4,0,2,0.22140275816017,0,0,1,0,1,0,0,1,1,0,0,0,0,0,0,0,0,0,0,0,0
1.62322731658668,605,5,0,2,0.284025416687741,0,0,1,0,1,0,0,1,1,0,0,0,0,0,0,0,0,0,0,0,0
1.23286864745874,605,6,0,2,0.349858807576003,0,0,1,0,1,0,0,1,1,0,0,0,0,0,0,0,0,0,0,0,0
1.53379357502613,605,7,0,2,0.419067548593257,0,0,1,0,1,0,0,1,1,0,0,0,0,0,0,0,0,0,0,0,0
2.40109460870574,605,8,0,2,0.49182469764127,0,0,1,0,1,0,0,1,1,0,0,0,0,0,0,0,0,0,0,0,0
2.52350101469292,605,9,0,2,0.568312185490169,0,0,1,0,1,0,0,1,1,0,0,0,0,0,0,0,0,0,0,0,0
3.92360013775981,605,10,0,2,0.648721270700128,0,0,1,0,1,0,0,1,1,0,0,0,0,0,0,0,0,0,0,0,0
0.161406733765238,606,1,0,1,0.01,1,1,0,0,0,1,0,1,0,0,0,0,0,0,0,0,0,0,0,0,0
-1.26117867176312,606,2,0,1,0.01,1,1,0,0,0,1,0,1,0,0,0,0,0,0,0,0,0,0,0,0,0
0.47157673283561,606,3,0,1,0.01,1,1,0,0,0,1,0,1,0,0,0,0,0,0,0,0,0,0,0,0,0
0.39390070613783,606,4,0,1,0.01,1,1,0,0,0,1,0,1,0,0,0,0,0,0,0,0,0,0,0,0,0
0.287277379377807,606,5,0,1,0.01,1,1,0,0,0,1,0,1,0,0,0,0,0,0,0,0,0,0,0,0,0
0.69917653095324,606,6,0,1,0.01,1,1,0,0,0,1,0,1,0,0,0,0,0,0,0,0,0,0,0,0,0
0.459650871579078,606,7,0,1,0.01,1,1,0,0,0,1,0,1,0,0,0,0,0,0,0,0,0,0,0,0,0
-1.07908712552587,606,8,0,1,0.01,1,1,0,0,0,1,0,1,0,0,0,0,0,0,0,0,0,0,0,0,0
0.325596106705226,606,9,0,1,0.01,1,1,0,0,0,1,0,1,0,0,0,0,0,0,0,0,0,0,0,0,0
0.809036444771063,606,10,0,1,0.01,1,1,0,0,0,1,0,1,0,0,0,0,0,0,0,0,0,0,0,0,0
-0.927752786654811,607,1,0,2,0.0512710963760241,1,0,0,1,1,1,0,0,1,1,0,0,0,0,0,0,0,0,0,0,0
-0.877894344566081,607,2,0,2,0.105170918075648,1,0,0,1,1,1,0,0,1,1,0,0,0,0,0,0,0,0,0,0,0
-0.966386807290619,607,3,0,2,0.161834242728283,1,0,0,1,1,1,0,0,1,1,0,0,0,0,0,0,0,0,0,0,0
-1.27237378350277,607,4,0,2,0.22140275816017,1,0,0,1,1,1,0,0,1,1,0,0,0,0,0,0,0,0,0,0,0
1.50749508144774,607,5,0,2,0.284025416687741,1,0,0,1,1,1,0,0,1,1,0,0,0,0,0,0,0,0,0,0,0
1.43888227785945,607,6,0,2,0.349858807576003,1,0,0,1,1,1,0,0,1,1,0,0,0,0,0,0,0,0,0,0,0
4.20356439409147,607,7,0,2,0.419067548593257,1,0,0,1,1,1,0,0,1,1,0,0,0,0,0,0,0,0,0,0,0
1.07427045693108,607,8,0,2,0.49182469764127,1,0,0,1,1,1,0,0,1,1,0,0,0,0,0,0,0,0,0,0,0
2.096110725426,607,9,0,2,0.568312185490169,1,0,0,1,1,1,0,0,1,1,0,0,0,0,0,0,0,0,0,0,0
2.95723152015601,607,10,0,2,0.648721270700128,1,0,0,1,1,1,0,0,1,1,0,0,0,0,0,0,0,0,0,0,0
3.04281936051498,608,1,0,2,0.0512710963760241,1,1,0,0,0,1,1,1,0,1,0,0,0,0,0,1,0,0,0,0,0
0.262159600729332,608,2,0,2,0.105170918075648,1,1,0,0,0,1,1,1,0,1,0,0,0,0,1,0,0,0,0,0,0
-0.728725386273978,608,3,0,2,0.161834242728283,1,1,0,0,0,1,1,1,0,1,0,0,0,1,0,0,0,0,0,0,0
1.1180755550164,608,4,0,2,0.22140275816017,1,1,0,0,0,1,1,1,0,1,0,0,1,0,0,0,0,0,0,0,0
0.485568896054985,608,5,0,2,0.284025416687741,1,1,0,0,0,1,1,1,0,1,0,1,0,0,0,0,0,0,0,0,0
0.390818861353812,608,6,0,2,0.349858807576003,1,1,0,0,0,1,1,1,0,1,1,0,0,0,0,0,0,0,0,0,0
2.79034429440361,608,7,0,2,0.419067548593257,1,1,0,0,0,1,1,1,0,1,0,0,0,0,0,0,1,0,0,0,0
2.12185810123972,608,8,0,2,0.49182469764127,1,1,0,0,0,1,1,1,0,1,0,0,0,0,0,0,0,1,0,0,0
4.1992591084495,608,9,0,2,0.568312185490169,1,1,0,0,0,1,1,1,0,1,0,0,0,0,0,0,0,0,1,0,0
3.62742385550881,608,10,0,2,0.648721270700128,1,1,0,0,0,1,1,1,0,1,0,0,0,0,0,0,0,0,0,1,0
-1.18833934675317,609,1,0,2,0.0512710963760241,0,1,0,0,0,1,0,1,0,0,0,0,0,0,0,0,0,0,0,0,0
-1.19350768044026,609,2,0,2,0.105170918075648,0,1,0,0,0,1,0,1,0,0,0,0,0,0,0,0,0,0,0,0,0
-0.432533701949252,609,3,0,2,0.161834242728283,0,1,0,0,0,1,0,1,0,0,0,0,0,0,0,0,0,0,0,0,0
2.88840860047075,609,4,0,2,0.22140275816017,0,1,0,0,0,1,0,1,0,0,0,0,0,0,0,0,0,0,0,0,0
1.97942558099731,609,5,0,2,0.284025416687741,0,1,0,0,0,1,0,1,0,0,0,0,0,0,0,0,0,0,0,0,0
-0.0817846864586262,609,6,0,2,0.349858807576003,0,1,0,0,0,1,0,1,0,0,0,0,0,0,0,0,0,0,0,0,0
2.62035321916502,609,7,0,2,0.419067548593257,0,1,0,0,0,1,0,1,0,0,0,0,0,0,0,0,0,0,0,0,0
2.35043844680394,609,8,0,2,0.49182469764127,0,1,0,0,0,1,0,1,0,0,0,0,0,0,0,0,0,0,0,0,0
3.43093603525919,609,9,0,2,0.568312185490169,0,1,0,0,0,1,0,1,0,0,0,0,0,0,0,0,0,0,0,0,0
1.65060536365969,609,10,0,2,0.648721270700128,0,1,0,0,0,1,0,1,0,0,0,0,0,0,0,0,0,0,0,0,0
0.439829423324502,610,1,0,1,0.01,0,0,1,1,1,1,1,0,1,1,0,1,0,0,0,0,0,0,0,0,0
-0.646930097325082,610,2,0,1,0.01,0,0,1,1,1,1,1,0,1,1,1,0,0,0,0,0,0,0,0,0,0
1.146956391189,610,3,0,1,0.01,0,0,1,1,1,1,1,0,1,1,0,0,0,0,0,0,1,0,0,0,0
-0.452843338398012,610,4,0,1,0.01,0,0,1,1,1,1,1,0,1,1,0,0,0,0,0,0,0,1,0,0,0
-0.377974417548715,610,5,0,1,0.01,0,0,1,1,1,1,1,0,1,1,0,0,0,0,0,0,0,0,1,0,0
-0.243557631373709,610,6,0,1,0.01,0,0,1,1,1,1,1,0,1,1,0,0,0,0,0,0,0,0,0,1,0
-0.455059448458412,610,7,0,1,0.01,0,0,1,1,1,1,1,0,1,1,0,0,0,0,0,0,0,0,0,0,1
1.17601396383525,610,8,0,1,0.01,0,0,1,1,1,1,1,0,1,1,0,0,0,0,0,0,0,0,0,0,0
0.126920588153811,610,9,0,1,0.01,0,0,1,1,1,1,1,0,1,1,0,0,0,0,0,0,0,0,0,0,0
-1.25270278115815,610,10,0,1,0.01,0,0,1,1,1,1,1,0,1,1,0,0,0,0,0,0,0,0,0,0,0
-0.351282755124795,611,1,0,2,0.0512710963760241,1,0,1,0,0,0,0,1,0,0,0,0,0,0,0,0,0,0,0,0,0
-1.06898703052125,611,2,0,2,0.105170918075648,1,0,1,0,0,0,0,1,0,0,0,0,0,0,0,0,0,0,0,0,0
-0.490644633271518,611,3,0,2,0.161834242728283,1,0,1,0,0,0,0,1,0,0,0,0,0,0,0,0,0,0,0,0,0
-0.254324557710635,611,4,0,2,0.22140275816017,1,0,1,0,0,0,0,1,0,0,0,0,0,0,0,0,0,0,0,0,0
0.238380262282483,611,5,0,2,0.284025416687741,1,0,1,0,0,0,0,1,0,0,0,0,0,0,0,0,0,0,0,0,0
1.29272180082236,611,6,0,2,0.349858807576003,1,0,1,0,0,0,0,1,0,0,0,0,0,0,0,0,0,0,0,0,0
3.44297790700567,611,7,0,2,0.419067548593257,1,0,1,0,0,0,0,1,0,0,0,0,0,0,0,0,0,0,0,0,0
3.81487601926496,611,8,0,2,0.49182469764127,1,0,1,0,0,0,0,1,0,0,0,0,0,0,0,0,0,0,0,0,0
0.760803281015512,611,9,0,2,0.568312185490169,1,0,1,0,0,0,0,1,0,0,0,0,0,0,0,0,0,0,0,0,0
3.08559007905527,611,10,0,2,0.648721270700128,1,0,1,0,0,0,0,1,0,0,0,0,0,0,0,0,0,0,0,0,0
0.0672205015063374,612,1,0,1,0.01,1,1,0,0,1,0,0,1,0,1,0,0,0,0,0,0,0,0,0,0,0
-0.371144158255045,612,2,0,1,0.01,1,1,0,0,1,0,0,1,0,1,0,0,0,0,0,0,0,0,0,0,0
0.220065732141333,612,3,0,1,0.01,1,1,0,0,1,0,0,1,0,1,0,0,0,0,0,0,0,0,0,0,0
0.531243251268152,612,4,0,1,0.01,1,1,0,0,1,0,0,1,0,1,0,0,0,0,0,0,0,0,0,0,0
1.64938244730327,612,5,0,1,0.01,1,1,0,0,1,0,0,1,0,1,0,0,0,0,0,0,0,0,0,0,0
-0.466569065335669,612,6,0,1,0.01,1,1,0,0,1,0,0,1,0,1,0,0,0,0,0,0,0,0,0,0,0
-1.22439135581595,612,7,0,1,0.01,1,1,0,0,1,0,0,1,0,1,0,0,0,0,0,0,0,0,0,0,0
-0.773232523326213,612,8,0,1,0.01,1,1,0,0,1,0,0,1,0,1,0,0,0,0,0,0,0,0,0,0,0
-0.0592961978388218,612,9,0,1,0.01,1,1,0,0,1,0,0,1,0,1,0,0,0,0,0,0,0,0,0,0,0
0.746394030830388,612,10,0,1,0.01,1,1,0,0,1,0,0,1,0,1,0,0,0,0,0,0,0,0,0,0,0
0.585105908843651,613,1,0,1,0.01,0,1,0,0,0,0,1,1,1,0,0,0,0,0,0,0,0,0,0,0,0
-0.850442581069365,613,2,0,1,0.01,0,1,0,0,0,0,1,1,1,0,0,0,0,0,0,0,0,0,0,0,0
0.454652502462055,613,3,0,1,0.01,0,1,0,0,0,0,1,1,1,0,0,0,0,0,0,0,0,0,0,0,0
-0.615229902627288,613,4,0,1,0.01,0,1,0,0,0,0,1,1,1,0,0,0,0,0,0,0,0,0,0,0,0
-1.10526791510443,613,5,0,1,0.01,0,1,0,0,0,0,1,1,1,0,0,0,0,0,0,0,0,0,0,0,0
0.746369513538074,613,6,0,1,0.01,0,1,0,0,0,0,1,1,1,0,0,0,0,0,0,0,0,0,0,0,0
-0.552947949120154,613,7,0,1,0.01,0,1,0,0,0,0,1,1,1,0,0,0,0,0,0,0,0,0,0,0,0
0.111515374350259,613,8,0,1,0.01,0,1,0,0,0,0,1,1,1,0,0,0,0,0,0,0,0,0,0,0,0
0.480596686745145,613,9,0,1,0.01,0,1,0,0,0,0,1,1,1,0,0,0,0,0,0,0,0,0,0,0,0
-0.762759395693076,613,10,0,1,0.01,0,1,0,0,0,0,1,1,1,0,0,0,0,0,0,0,0,0,0,0,0
0.215745432533349,614,1,0,2,0.0512710963760241,1,0,1,1,0,0,1,1,1,1,0,0,1,0,0,0,0,0,0,0,0
1.36147603607367,614,2,0,2,0.105170918075648,1,0,1,1,0,0,1,1,1,1,0,1,0,0,0,0,0,0,0,0,0
1.26875944649714,614,3,0,2,0.161834242728283,1,0,1,1,0,0,1,1,1,1,1,0,0,0,0,0,0,0,0,0,0
0.569493781631042,614,4,0,2,0.22140275816017,1,0,1,1,0,0,1,1,1,1,0,0,0,0,0,0,1,0,0,0,0
2.92066847937892,614,5,0,2,0.284025416687741,1,0,1,1,0,0,1,1,1,1,0,0,0,0,0,0,0,1,0,0,0
-0.597026569518337,614,6,0,2,0.349858807576003,1,0,1,1,0,0,1,1,1,1,0,0,0,0,0,0,0,0,1,0,0
0.891255629559087,614,7,0,2,0.419067548593257,1,0,1,1,0,0,1,1,1,1,0,0,0,0,0,0,0,0,0,1,0
2.31328726354131,614,8,0,2,0.49182469764127,1,0,1,1,0,0,1,1,1,1,0,0,0,0,0,0,0,0,0,0,1
2.98670501578509,614,9,0,2,0.568312185490169,1,0,1,1,0,0,1,1,1,1,0,0,0,0,0,0,0,0,0,0,0
3.11402480035613,614,10,0,2,0.648721270700128,1,0,1,1,0,0,1,1,1,1,0,0,0,0,0,0,0,0,0,0,0
1.59741231524048,615,1,0,2,0.0512710963760241,0,1,0,1,1,0,1,0,0,1,0,0,0,0,0,0,0,0,0,0,0
1.26690834928824,615,2,0,2,0.105170918075648,0,1,0,1,1,0,1,0,0,1,0,0,0,0,0,0,0,0,0,0,0
-0.765310518820798,615,3,0,2,0.161834242728283,0,1,0,1,1,0,1,0,0,1,0,0,0,0,0,0,0,0,0,0,0
1.72232078055295,615,4,0,2,0.22140275816017,0,1,0,1,1,0,1,0,0,1,0,0,0,0,0,0,0,0,0,0,0
3.03094996188706,615,5,0,2,0.284025416687741,0,1,0,1,1,0,1,0,0,1,0,0,0,0,0,0,0,0,0,0,0
0.760519959835818,615,6,0,2,0.349858807576003,0,1,0,1,1,0,1,0,0,1,0,0,0,0,0,0,0,0,0,0,0
3.18029363182227,615,7,0,2,0.419067548593257,0,1,0,1,1,0,1,0,0,1,0,0,0,0,0,0,0,0,0,0,0
2.91417246266292,615,8,0,2,0.49182469764127,0,1,0,1,1,0,1,0,0,1,0,0,0,0,0,0,0,0,0,0,0
4.51758716047041,615,9,0,2,0.568312185490169,0,1,0,1,1,0,1,0,0,1,0,0,0,0,0,0,0,0,0,0,0
3.18233748308703,615,10,0,2,0.648721270700128,0,1,0,1,1,0,1,0,0,1,0,0,0,0,0,0,0,0,0,0,0
1.03197487386581,616,1,0,2,0.0512710963760241,0,1,0,0,1,0,0,1,1,1,0,0,0,0,0,0,0,0,0,0,0
0.278568574920418,616,2,0,2,0.105170918075648,0,1,0,0,1,0,0,1,1,1,0,0,0,0,0,0,0,0,0,0,0
2.8463912479503,616,3,0,2,0.161834242728283,0,1,0,0,1,0,0,1,1,1,0,0,0,0,0,0,0,0,0,0,0
2.17005973481277,616,4,0,2,0.22140275816017,0,1,0,0,1,0,0,1,1,1,0,0,0,0,0,0,0,0,0,0,0
3.16803213828074,616,5,0,2,0.284025416687741,0,1,0,0,1,0,0,1,1,1,0,0,0,0,0,0,0,0,0,0,0
1.97222362582886,616,6,0,2,0.349858807576003,0,1,0,0,1,0,0,1,1,1,0,0,0,0,0,0,0,0,0,0,0
1.83475752541487,616,7,0,2,0.419067548593257,0,1,0,0,1,0,0,1,1,1,0,0,0,0,0,0,0,0,0,0,0
3.36049982010936,616,8,0,2,0.49182469764127,0,1,0,0,1,0,0,1,1,1,0,0,0,0,0,0,0,0,0,0,0
1.90902949398467,616,9,0,2,0.568312185490169,0,1,0,0,1,0,0,1,1,1,0,0,0,0,0,0,0,0,0,0,0
5.44955241308643,616,10,0,2,0.648721270700128,0,1,0,0,1,0,0,1,1,1,0,0,0,0,0,0,0,0,0,0,0
-0.777750360462626,617,1,0,2,0.0512710963760241,1,1,0,0,0,1,1,1,0,0,0,0,0,0,0,0,0,0,0,0,0
1.30154794344709,617,2,0,2,0.105170918075648,1,1,0,0,0,1,1,1,0,0,0,0,0,0,0,0,0,0,0,0,0
0.41835331413543,617,3,0,2,0.161834242728283,1,1,0,0,0,1,1,1,0,0,0,0,0,0,0,0,0,0,0,0,0
1.85140875848569,617,4,0,2,0.22140275816017,1,1,0,0,0,1,1,1,0,0,0,0,0,0,0,0,0,0,0,0,0
1.49742651220885,617,5,0,2,0.284025416687741,1,1,0,0,0,1,1,1,0,0,0,0,0,0,0,0,0,0,0,0,0
0.471651944636405,617,6,0,2,0.349858807576003,1,1,0,0,0,1,1,1,0,0,0,0,0,0,0,0,0,0,0,0,0
0.29778735830086,617,7,0,2,0.419067548593257,1,1,0,0,0,1,1,1,0,0,0,0,0,0,0,0,0,0,0,0,0
0.580077492716029,617,8,0,2,0.49182469764127,1,1,0,0,0,1,1,1,0,0,0,0,0,0,0,0,0,0,0,0,0
4.36111705203435,617,9,0,2,0.568312185490169,1,1,0,0,0,1,1,1,0,0,0,0,0,0,0,0,0,0,0,0,0
3.22910183098998,617,10,0,2,0.648721270700128,1,1,0,0,0,1,1,1,0,0,0,0,0,0,0,0,0,0,0,0,0
0.254059731042501,618,1,0,1,0.01,0,1,1,0,1,1,0,0,0,1,0,0,0,0,0,0,0,0,0,0,0
0.449412046651187,618,2,0,1,0.01,0,1,1,0,1,1,0,0,0,1,0,0,0,0,0,0,0,0,0,0,0
-1.29346697106379,618,3,0,1,0.01,0,1,1,0,1,1,0,0,0,1,0,0,0,0,0,0,0,0,0,0,0
-0.428356663686107,618,4,0,1,0.01,0,1,1,0,1,1,0,0,0,1,0,0,0,0,0,0,0,0,0,0,0
0.948832396856547,618,5,0,1,0.01,0,1,1,0,1,1,0,0,0,1,0,0,0,0,0,0,0,0,0,0,0
-0.575497568332586,618,6,0,1,0.01,0,1,1,0,1,1,0,0,0,1,0,0,0,0,0,0,0,0,0,0,0
0.383554488657106,618,7,0,1,0.01,0,1,1,0,1,1,0,0,0,1,0,0,0,0,0,0,0,0,0,0,0
0.387586375397211,618,8,0,1,0.01,0,1,1,0,1,1,0,0,0,1,0,0,0,0,0,0,0,0,0,0,0
1.41328637400917,618,9,0,1,0.01,0,1,1,0,1,1,0,0,0,1,0,0,0,0,0,0,0,0,0,0,0
0.0893390914945227,618,10,0,1,0.01,0,1,1,0,1,1,0,0,0,1,0,0,0,0,0,0,0,0,0,0,0
0.473604235928221,619,1,0,1,0.01,0,1,1,0,1,0,0,0,0,1,0,0,0,0,0,0,0,0,0,0,0
2.88780561434169,619,2,0,1,0.01,0,1,1,0,1,0,0,0,0,1,0,0,0,0,0,0,0,0,0,0,0
-1.02075757274159,619,3,0,1,0.01,0,1,1,0,1,0,0,0,0,1,0,0,0,0,0,0,0,0,0,0,0
-0.560913299504574,619,4,0,1,0.01,0,1,1,0,1,0,0,0,0,1,0,0,0,0,0,0,0,0,0,0,0
-0.528249817735013,619,5,0,1,0.01,0,1,1,0,1,0,0,0,0,1,0,0,0,0,0,0,0,0,0,0,0
0.605560727942497,619,6,0,1,0.01,0,1,1,0,1,0,0,0,0,1,0,0,0,0,0,0,0,0,0,0,0
1.5715260556366,619,7,0,1,0.01,0,1,1,0,1,0,0,0,0,1,0,0,0,0,0,0,0,0,0,0,0
0.260191378916996,619,8,0,1,0.01,0,1,1,0,1,0,0,0,0,1,0,0,0,0,0,0,0,0,0,0,0
1.53197891233116,619,9,0,1,0.01,0,1,1,0,1,0,0,0,0,1,0,0,0,0,0,0,0,0,0,0,0
1.32057229096617,619,10,0,1,0.01,0,1,1,0,1,0,0,0,0,1,0,0,0,0,0,0,0,0,0,0,0
0.980247952760993,620,1,0,1,0.01,0,0,0,0,0,1,1,0,1,0,0,0,0,0,0,0,0,0,0,0,0
1.09970316682011,620,2,0,1,0.01,0,0,0,0,0,1,1,0,1,0,0,0,0,0,0,0,0,0,0,0,0
-0.387965775403137,620,3,0,1,0.01,0,0,0,0,0,1,1,0,1,0,0,0,0,0,0,0,0,0,0,0,0
2.1631015510182,620,4,0,1,0.01,0,0,0,0,0,1,1,0,1,0,0,0,0,0,0,0,0,0,0,0,0
1.19773897750191,620,5,0,1,0.01,0,0,0,0,0,1,1,0,1,0,0,0,0,0,0,0,0,0,0,0,0
-0.477924922508721,620,6,0,1,0.01,0,0,0,0,0,1,1,0,1,0,0,0,0,0,0,0,0,0,0,0,0
-0.62086219387546,620,7,0,1,0.01,0,0,0,0,0,1,1,0,1,0,0,0,0,0,0,0,0,0,0,0,0
-1.31238457770875,620,8,0,1,0.01,0,0,0,0,0,1,1,0,1,0,0,0,0,0,0,0,0,0,0,0,0
-1.46183797133744,620,9,0,1,0.01,0,0,0,0,0,1,1,0,1,0,0,0,0,0,0,0,0,0,0,0,0
1.16649965861432,620,10,0,1,0.01,0,0,0,0,0,1,1,0,1,0,0,0,0,0,0,0,0,0,0,0,0
-0.602664798201541,621,1,0,3,0.127496851579376,1,0,0,1,0,1,0,0,1,1,0,0,0,0,0,0,0,0,0,0,0
2.64294838219243,621,2,0,3,0.271249150321405,1,0,0,1,0,1,0,0,1,1,0,0,0,0,0,0,0,0,0,0,0
3.11558171627397,621,3,0,3,0.43332941456034,1,0,0,1,0,1,0,0,1,1,0,0,0,0,0,0,0,0,0,0,0
3.43167638145144,621,4,0,3,0.616074402192893,1,0,0,1,0,1,0,0,1,1,0,0,0,0,0,0,0,0,0,0,0
4.90962763782073,621,5,0,3,0.822118800390509,1,0,0,1,0,1,0,0,1,1,0,0,0,0,0,0,0,0,0,0,0
5.93123144136085,621,6,0,3,1.05443321064389,1,0,0,1,0,1,0,0,1,1,0,0,0,0,0,0,0,0,0,0,0
7.45691183689555,621,7,0,3,1.31636697678109,1,0,0,1,0,1,0,0,1,1,0,0,0,0,0,0,0,0,0,0,0
7.71524165020781,621,8,0,3,1.61169647342312,1,0,0,1,0,1,0,0,1,1,0,0,0,0,0,0,0,0,0,0,0
12.0578329575217,621,9,0,3,1.94467955106552,1,0,0,1,0,1,0,0,1,1,0,0,0,0,0,0,0,0,0,0,0
10.5296851075938,621,10,0,3,2.32011692273655,1,0,0,1,0,1,0,0,1,1,0,0,0,0,0,0,0,0,0,0,0
0.705383722307885,622,1,0,2,0.0512710963760241,1,0,0,1,1,1,0,0,1,1,0,0,0,0,0,0,0,0,0,0,0
1.18162227725735,622,2,0,2,0.105170918075648,1,0,0,1,1,1,0,0,1,1,0,0,0,0,0,0,0,0,0,0,0
0.832092553032713,622,3,0,2,0.161834242728283,1,0,0,1,1,1,0,0,1,1,0,0,0,0,0,0,0,0,0,0,0
-0.758854850600165,622,4,0,2,0.22140275816017,1,0,0,1,1,1,0,0,1,1,0,0,0,0,0,0,0,0,0,0,0
1.64876825081846,622,5,0,2,0.284025416687741,1,0,0,1,1,1,0,0,1,1,0,0,0,0,0,0,0,0,0,0,0
1.68216281164919,622,6,0,2,0.349858807576003,1,0,0,1,1,1,0,0,1,1,0,0,0,0,0,0,0,0,0,0,0
2.32621502014319,622,7,0,2,0.419067548593257,1,0,0,1,1,1,0,0,1,1,0,0,0,0,0,0,0,0,0,0,0
1.67778987648252,622,8,0,2,0.49182469764127,1,0,0,1,1,1,0,0,1,1,0,0,0,0,0,0,0,0,0,0,0
2.12194931395765,622,9,0,2,0.568312185490169,1,0,0,1,1,1,0,0,1,1,0,0,0,0,0,0,0,0,0,0,0
3.71503669661168,622,10,0,2,0.648721270700128,1,0,0,1,1,1,0,0,1,1,0,0,0,0,0,0,0,0,0,0,0
-0.403891104859092,623,1,0,1,0.01,0,1,0,0,0,1,1,0,1,1,0,1,0,0,0,0,0,0,0,0,0
-0.427077743310494,623,2,0,1,0.01,0,1,0,0,0,1,1,0,1,1,1,0,0,0,0,0,0,0,0,0,0
-0.698388159527102,623,3,0,1,0.01,0,1,0,0,0,1,1,0,1,1,0,0,0,0,0,0,1,0,0,0,0
0.195214971302596,623,4,0,1,0.01,0,1,0,0,0,1,1,0,1,1,0,0,0,0,0,0,0,1,0,0,0
1.21946306032975,623,5,0,1,0.01,0,1,0,0,0,1,1,0,1,1,0,0,0,0,0,0,0,0,1,0,0
-0.600577560890149,623,6,0,1,0.01,0,1,0,0,0,1,1,0,1,1,0,0,0,0,0,0,0,0,0,1,0
-0.637701960462294,623,7,0,1,0.01,0,1,0,0,0,1,1,0,1,1,0,0,0,0,0,0,0,0,0,0,1
1.43350220686405,623,8,0,1,0.01,0,1,0,0,0,1,1,0,1,1,0,0,0,0,0,0,0,0,0,0,0
-0.0625172423881624,623,9,0,1,0.01,0,1,0,0,0,1,1,0,1,1,0,0,0,0,0,0,0,0,0,0,0
0.505976359378112,623,10,0,1,0.01,0,1,0,0,0,1,1,0,1,1,0,0,0,0,0,0,0,0,0,0,0
0.540337366444073,624,1,0,1,0.01,1,1,1,1,1,0,0,0,1,1,0,0,0,0,0,0,0,0,0,0,0
0.301264155422571,624,2,0,1,0.01,1,1,1,1,1,0,0,0,1,1,0,0,0,0,0,0,0,0,0,0,0
1.72187923105262,624,3,0,1,0.01,1,1,1,1,1,0,0,0,1,1,0,0,0,0,0,0,0,0,0,0,0
-0.050401586013121,624,4,0,1,0.01,1,1,1,1,1,0,0,0,1,1,0,0,0,0,0,0,0,0,0,0,0
0.629992283241202,624,5,0,1,0.01,1,1,1,1,1,0,0,0,1,1,0,0,0,0,0,0,0,0,0,0,0
0.31834728304856,624,6,0,1,0.01,1,1,1,1,1,0,0,0,1,1,0,0,0,0,0,0,0,0,0,0,0
1.88026482867543,624,7,0,1,0.01,1,1,1,1,1,0,0,0,1,1,0,0,0,0,0,0,0,0,0,0,0
-0.707238062988487,624,8,0,1,0.01,1,1,1,1,1,0,0,0,1,1,0,0,0,0,0,0,0,0,0,0,0
1.00586398537272,624,9,0,1,0.01,1,1,1,1,1,0,0,0,1,1,0,0,0,0,0,0,0,0,0,0,0
-0.3409223561094,624,10,0,1,0.01,1,1,1,1,1,0,0,0,1,1,0,0,0,0,0,0,0,0,0,0,0
-0.962925752187082,625,1,0,1,0.01,1,1,1,1,0,0,0,1,0,1,0,0,0,0,0,0,0,0,0,0,0
1.06143652979104,625,2,0,1,0.01,1,1,1,1,0,0,0,1,0,1,0,0,0,0,0,0,0,0,0,0,0
-0.415450338626821,625,3,0,1,0.01,1,1,1,1,0,0,0,1,0,1,0,0,0,0,0,0,0,0,0,0,0
0.28368616603671,625,4,0,1,0.01,1,1,1,1,0,0,0,1,0,1,0,0,0,0,0,0,0,0,0,0,0
0.908428081105878,625,5,0,1,0.01,1,1,1,1,0,0,0,1,0,1,0,0,0,0,0,0,0,0,0,0,0
-0.437972994159521,625,6,0,1,0.01,1,1,1,1,0,0,0,1,0,1,0,0,0,0,0,0,0,0,0,0,0
-0.230122032343991,625,7,0,1,0.01,1,1,1,1,0,0,0,1,0,1,0,0,0,0,0,0,0,0,0,0,0
-1.09300218011348,625,8,0,1,0.01,1,1,1,1,0,0,0,1,0,1,0,0,0,0,0,0,0,0,0,0,0
1.72574217107468,625,9,0,1,0.01,1,1,1,1,0,0,0,1,0,1,0,0,0,0,0,0,0,0,0,0,0
-0.504261909426011,625,10,0,1,0.01,1,1,1,1,0,0,0,1,0,1,0,0,0,0,0,0,0,0,0,0,0
1.61625233130452,626,1,0,2,0.0512710963760241,0,0,0,1,1,0,0,0,0,0,0,0,0,0,0,0,0,0,0,0,0
1.04514634882866,626,2,0,2,0.105170918075648,0,0,0,1,1,0,0,0,0,0,0,0,0,0,0,0,0,0,0,0,0
0.630872984378693,626,3,0,2,0.161834242728283,0,0,0,1,1,0,0,0,0,0,0,0,0,0,0,0,0,0,0,0,0
1.27512045631425,626,4,0,2,0.22140275816017,0,0,0,1,1,0,0,0,0,0,0,0,0,0,0,0,0,0,0,0,0
1.31872111315315,626,5,0,2,0.284025416687741,0,0,0,1,1,0,0,0,0,0,0,0,0,0,0,0,0,0,0,0,0
-0.111180142107519,626,6,0,2,0.349858807576003,0,0,0,1,1,0,0,0,0,0,0,0,0,0,0,0,0,0,0,0,0
1.33802973193516,626,7,0,2,0.419067548593257,0,0,0,1,1,0,0,0,0,0,0,0,0,0,0,0,0,0,0,0,0
2.56522214200083,626,8,0,2,0.49182469764127,0,0,0,1,1,0,0,0,0,0,0,0,0,0,0,0,0,0,0,0,0
4.46633170490964,626,9,0,2,0.568312185490169,0,0,0,1,1,0,0,0,0,0,0,0,0,0,0,0,0,0,0,0,0
3.6627856090343,626,10,0,2,0.648721270700128,0,0,0,1,1,0,0,0,0,0,0,0,0,0,0,0,0,0,0,0,0
1.53855397060071,627,1,0,1,0.01,0,0,1,0,1,1,1,1,1,1,0,0,0,0,0,0,0,0,0,0,0
0.0716759533368699,627,2,0,1,0.01,0,0,1,0,1,1,1,1,1,1,0,0,0,0,0,0,0,0,0,0,0
0.0584306879312253,627,3,0,1,0.01,0,0,1,0,1,1,1,1,1,1,0,0,0,0,0,0,0,0,0,0,0
1.94282901200676,627,4,0,1,0.01,0,0,1,0,1,1,1,1,1,1,0,0,0,0,0,0,0,0,0,0,0
0.842707135348389,627,5,0,1,0.01,0,0,1,0,1,1,1,1,1,1,0,0,0,0,0,0,0,0,0,0,0
0.779824065333799,627,6,0,1,0.01,0,0,1,0,1,1,1,1,1,1,0,0,0,0,0,0,0,0,0,0,0
-0.799790214290612,627,7,0,1,0.01,0,0,1,0,1,1,1,1,1,1,0,0,0,0,0,0,0,0,0,0,0
-0.411453873537221,627,8,0,1,0.01,0,0,1,0,1,1,1,1,1,1,0,0,0,0,0,0,0,0,0,0,0
-0.102438457599656,627,9,0,1,0.01,0,0,1,0,1,1,1,1,1,1,0,0,0,0,0,0,0,0,0,0,0
1.08550378643091,627,10,0,1,0.01,0,0,1,0,1,1,1,1,1,1,0,0,0,0,0,0,0,0,0,0,0
-0.391047926253212,628,1,0,1,0.01,0,0,0,1,0,1,0,1,1,1,0,0,0,0,0,0,0,0,0,0,0
0.347891138837967,628,2,0,1,0.01,0,0,0,1,0,1,0,1,1,1,0,0,0,0,0,0,0,0,0,0,0
0.13199167832439,628,3,0,1,0.01,0,0,0,1,0,1,0,1,1,1,0,0,0,0,0,0,0,0,0,0,0
0.014889804540556,628,4,0,1,0.01,0,0,0,1,0,1,0,1,1,1,0,0,0,0,0,0,0,0,0,0,0
1.27901666630258,628,5,0,1,0.01,0,0,0,1,0,1,0,1,1,1,0,0,0,0,0,0,0,0,0,0,0
0.487249571384412,628,6,0,1,0.01,0,0,0,1,0,1,0,1,1,1,0,0,0,0,0,0,0,0,0,0,0
0.346174435484749,628,7,0,1,0.01,0,0,0,1,0,1,0,1,1,1,0,0,0,0,0,0,0,0,0,0,0
-0.262867336697436,628,8,0,1,0.01,0,0,0,1,0,1,0,1,1,1,0,0,0,0,0,0,0,0,0,0,0
-0.420001469973162,628,9,0,1,0.01,0,0,0,1,0,1,0,1,1,1,0,0,0,0,0,0,0,0,0,0,0
-0.0142765251222577,628,10,0,1,0.01,0,0,0,1,0,1,0,1,1,1,0,0,0,0,0,0,0,0,0,0,0
0.696015944956518,629,1,0,2,0.0512710963760241,0,1,0,1,0,1,1,0,1,1,0,0,0,0,0,0,0,0,0,0,0
1.49896091970514,629,2,0,2,0.105170918075648,0,1,0,1,0,1,1,0,1,1,0,0,0,0,0,0,0,0,0,0,0
-0.766237580348882,629,3,0,2,0.161834242728283,0,1,0,1,0,1,1,0,1,1,0,0,0,0,0,0,0,0,0,0,0
-0.33196911520774,629,4,0,2,0.22140275816017,0,1,0,1,0,1,1,0,1,1,0,0,0,0,0,0,0,0,0,0,0
1.48515754618846,629,5,0,2,0.284025416687741,0,1,0,1,0,1,1,0,1,1,0,0,0,0,0,0,0,0,0,0,0
1.01778191447012,629,6,0,2,0.349858807576003,0,1,0,1,0,1,1,0,1,1,0,0,0,0,0,0,0,0,0,0,0
1.3019031784213,629,7,0,2,0.419067548593257,0,1,0,1,0,1,1,0,1,1,0,0,0,0,0,0,0,0,0,0,0
3.76851334982951,629,8,0,2,0.49182469764127,0,1,0,1,0,1,1,0,1,1,0,0,0,0,0,0,0,0,0,0,0
2.81198559307322,629,9,0,2,0.568312185490169,0,1,0,1,0,1,1,0,1,1,0,0,0,0,0,0,0,0,0,0,0
2.77233476881191,629,10,0,2,0.648721270700128,0,1,0,1,0,1,1,0,1,1,0,0,0,0,0,0,0,0,0,0,0
-0.191804637366073,630,1,0,1,0.01,1,0,0,0,1,0,0,0,0,0,0,0,0,0,0,0,0,0,0,0,0
-0.946970535524856,630,2,0,1,0.01,1,0,0,0,1,0,0,0,0,0,0,0,0,0,0,0,0,0,0,0,0
0.291476626446691,630,3,0,1,0.01,1,0,0,0,1,0,0,0,0,0,0,0,0,0,0,0,0,0,0,0,0
-0.0846325063665136,630,4,0,1,0.01,1,0,0,0,1,0,0,0,0,0,0,0,0,0,0,0,0,0,0,0,0
0.499550933779004,630,5,0,1,0.01,1,0,0,0,1,0,0,0,0,0,0,0,0,0,0,0,0,0,0,0,0
-0.81731534823674,630,6,0,1,0.01,1,0,0,0,1,0,0,0,0,0,0,0,0,0,0,0,0,0,0,0,0
-1.07523437037932,630,7,0,1,0.01,1,0,0,0,1,0,0,0,0,0,0,0,0,0,0,0,0,0,0,0,0
-0.408092883823308,630,8,0,1,0.01,1,0,0,0,1,0,0,0,0,0,0,0,0,0,0,0,0,0,0,0,0
-0.0584534220752266,630,9,0,1,0.01,1,0,0,0,1,0,0,0,0,0,0,0,0,0,0,0,0,0,0,0,0
-1.59989324154322,630,10,0,1,0.01,1,0,0,0,1,0,0,0,0,0,0,0,0,0,0,0,0,0,0,0,0
0.377128194160987,631,1,0,2,0.0512710963760241,1,0,0,1,1,0,1,0,1,1,0,0,0,0,0,0,0,0,0,0,0
0.146325286490768,631,2,0,2,0.105170918075648,1,0,0,1,1,0,1,0,1,1,0,0,0,0,0,0,0,0,0,0,0
-0.400792366117115,631,3,0,2,0.161834242728283,1,0,0,1,1,0,1,0,1,1,0,0,0,0,0,0,0,0,0,0,0
0.6578873417757,631,4,0,2,0.22140275816017,1,0,0,1,1,0,1,0,1,1,0,0,0,0,0,0,0,0,0,0,0
0.513287875761085,631,5,0,2,0.284025416687741,1,0,0,1,1,0,1,0,1,1,0,0,0,0,0,0,0,0,0,0,0
1.47370231276888,631,6,0,2,0.349858807576003,1,0,0,1,1,0,1,0,1,1,0,0,0,0,0,0,0,0,0,0,0
2.32956545275474,631,7,0,2,0.419067548593257,1,0,0,1,1,0,1,0,1,1,0,0,0,0,0,0,0,0,0,0,0
1.32440191608094,631,8,0,2,0.49182469764127,1,0,0,1,1,0,1,0,1,1,0,0,0,0,0,0,0,0,0,0,0
2.25692977967939,631,9,0,2,0.568312185490169,1,0,0,1,1,0,1,0,1,1,0,0,0,0,0,0,0,0,0,0,0
2.54209722775688,631,10,0,2,0.648721270700128,1,0,0,1,1,0,1,0,1,1,0,0,0,0,0,0,0,0,0,0,0
-0.491746430527389,632,1,0,1,0.01,1,0,1,1,1,0,1,0,1,1,0,0,0,0,0,0,0,0,0,0,0
1.40289257979799,632,2,0,1,0.01,1,0,1,1,1,0,1,0,1,1,0,0,0,0,0,0,0,0,0,0,0
1.0212491964542,632,3,0,1,0.01,1,0,1,1,1,0,1,0,1,1,0,0,0,0,0,0,0,0,0,0,0
0.321452670417076,632,4,0,1,0.01,1,0,1,1,1,0,1,0,1,1,0,0,0,0,0,0,0,0,0,0,0
0.160217049148309,632,5,0,1,0.01,1,0,1,1,1,0,1,0,1,1,0,0,0,0,0,0,0,0,0,0,0
0.988215892292005,632,6,0,1,0.01,1,0,1,1,1,0,1,0,1,1,0,0,0,0,0,0,0,0,0,0,0
0.531667044117973,632,7,0,1,0.01,1,0,1,1,1,0,1,0,1,1,0,0,0,0,0,0,0,0,0,0,0
0.460552717493027,632,8,0,1,0.01,1,0,1,1,1,0,1,0,1,1,0,0,0,0,0,0,0,0,0,0,0
-1.91209479114309,632,9,0,1,0.01,1,0,1,1,1,0,1,0,1,1,0,0,0,0,0,0,0,0,0,0,0
1.77420977608784,632,10,0,1,0.01,1,0,1,1,1,0,1,0,1,1,0,0,0,0,0,0,0,0,0,0,0
0.764918201031282,633,1,0,1,0.01,1,0,0,1,1,1,1,0,1,1,0,0,0,1,0,0,0,0,0,0,0
-1.49669474067602,633,2,0,1,0.01,1,0,0,1,1,1,1,0,1,1,0,0,1,0,0,0,0,0,0,0,0
-0.242526229988363,633,3,0,1,0.01,1,0,0,1,1,1,1,0,1,1,0,1,0,0,0,0,0,0,0,0,0
0.566954450902515,633,4,0,1,0.01,1,0,0,1,1,1,1,0,1,1,1,0,0,0,0,0,0,0,0,0,0
-1.12331792530495,633,5,0,1,0.01,1,0,0,1,1,1,1,0,1,1,0,0,0,0,0,0,1,0,0,0,0
-0.161664293849945,633,6,0,1,0.01,1,0,0,1,1,1,1,0,1,1,0,0,0,0,0,0,0,1,0,0,0
-0.380513816017961,633,7,0,1,0.01,1,0,0,1,1,1,1,0,1,1,0,0,0,0,0,0,0,0,1,0,0
0.319060973858583,633,8,0,1,0.01,1,0,0,1,1,1,1,0,1,1,0,0,0,0,0,0,0,0,0,1,0
-0.535507131328414,633,9,0,1,0.01,1,0,0,1,1,1,1,0,1,1,0,0,0,0,0,0,0,0,0,0,1
-1.38677167486966,633,10,0,1,0.01,1,0,0,1,1,1,1,0,1,1,0,0,0,0,0,0,0,0,0,0,0
1.22499224269779,634,1,0,2,0.0512710963760241,0,0,0,0,1,0,1,0,0,0,0,0,0,0,0,0,0,0,0,0,0
-0.404776565249122,634,2,0,2,0.105170918075648,0,0,0,0,1,0,1,0,0,0,0,0,0,0,0,0,0,0,0,0,0
-0.055286032727473,634,3,0,2,0.161834242728283,0,0,0,0,1,0,1,0,0,0,0,0,0,0,0,0,0,0,0,0,0
-0.522509180888306,634,4,0,2,0.22140275816017,0,0,0,0,1,0,1,0,0,0,0,0,0,0,0,0,0,0,0,0,0
2.27452565319533,634,5,0,2,0.284025416687741,0,0,0,0,1,0,1,0,0,0,0,0,0,0,0,0,0,0,0,0,0
2.38047634908457,634,6,0,2,0.349858807576003,0,0,0,0,1,0,1,0,0,0,0,0,0,0,0,0,0,0,0,0,0
2.99159182436561,634,7,0,2,0.419067548593257,0,0,0,0,1,0,1,0,0,0,0,0,0,0,0,0,0,0,0,0,0
4.17966746807163,634,8,0,2,0.49182469764127,0,0,0,0,1,0,1,0,0,0,0,0,0,0,0,0,0,0,0,0,0
3.42831835186081,634,9,0,2,0.568312185490169,0,0,0,0,1,0,1,0,0,0,0,0,0,0,0,0,0,0,0,0,0
2.06379295179532,634,10,0,2,0.648721270700128,0,0,0,0,1,0,1,0,0,0,0,0,0,0,0,0,0,0,0,0,0
1.41792123215356,635,1,0,2,0.0512710963760241,1,1,0,0,1,1,0,1,1,1,0,0,0,0,1,0,0,0,0,0,0
1.60721604394152,635,2,0,2,0.105170918075648,1,1,0,0,1,1,0,1,1,1,0,0,0,1,0,0,0,0,0,0,0
0.506603907337654,635,3,0,2,0.161834242728283,1,1,0,0,1,1,0,1,1,1,0,0,1,0,0,0,0,0,0,0,0
0.912076633013176,635,4,0,2,0.22140275816017,1,1,0,0,1,1,0,1,1,1,0,1,0,0,0,0,0,0,0,0,0
1.51357523988524,635,5,0,2,0.284025416687741,1,1,0,0,1,1,0,1,1,1,1,0,0,0,0,0,0,0,0,0,0
2.19486479448606,635,6,0,2,0.349858807576003,1,1,0,0,1,1,0,1,1,1,0,0,0,0,0,0,1,0,0,0,0
3.24539505991411,635,7,0,2,0.419067548593257,1,1,0,0,1,1,0,1,1,1,0,0,0,0,0,0,0,1,0,0,0
2.68867368775761,635,8,0,2,0.49182469764127,1,1,0,0,1,1,0,1,1,1,0,0,0,0,0,0,0,0,1,0,0
2.30990798918422,635,9,0,2,0.568312185490169,1,1,0,0,1,1,0,1,1,1,0,0,0,0,0,0,0,0,0,1,0
0.941237622367388,635,10,0,2,0.648721270700128,1,1,0,0,1,1,0,1,1,1,0,0,0,0,0,0,0,0,0,0,1
-0.31595586884932,636,1,0,2,0.0512710963760241,1,0,1,1,0,1,1,0,1,0,0,0,0,0,0,0,0,0,0,0,0
0.456182322890918,636,2,0,2,0.105170918075648,1,0,1,1,0,1,1,0,1,0,0,0,0,0,0,0,0,0,0,0,0
0.842942281355239,636,3,0,2,0.161834242728283,1,0,1,1,0,1,1,0,1,0,0,0,0,0,0,0,0,0,0,0,0
1.5758920459448,636,4,0,2,0.22140275816017,1,0,1,1,0,1,1,0,1,0,0,0,0,0,0,0,0,0,0,0,0
1.12817527095241,636,5,0,2,0.284025416687741,1,0,1,1,0,1,1,0,1,0,0,0,0,0,0,0,0,0,0,0,0
1.16210109924378,636,6,0,2,0.349858807576003,1,0,1,1,0,1,1,0,1,0,0,0,0,0,0,0,0,0,0,0,0
1.70052874547169,636,7,0,2,0.419067548593257,1,0,1,1,0,1,1,0,1,0,0,0,0,0,0,0,0,0,0,0,0
3.28660075683663,636,8,0,2,0.49182469764127,1,0,1,1,0,1,1,0,1,0,0,0,0,0,0,0,0,0,0,0,0
2.23495637419086,636,9,0,2,0.568312185490169,1,0,1,1,0,1,1,0,1,0,0,0,0,0,0,0,0,0,0,0,0
3.93981217397547,636,10,0,2,0.648721270700128,1,0,1,1,0,1,1,0,1,0,0,0,0,0,0,0,0,0,0,0,0
-1.13245311619695,637,1,0,1,0.01,0,1,0,0,1,1,1,0,1,1,0,0,0,0,1,0,0,0,0,0,0
-1.26781443851152,637,2,0,1,0.01,0,1,0,0,1,1,1,0,1,1,0,0,0,1,0,0,0,0,0,0,0
0.750075374200567,637,3,0,1,0.01,0,1,0,0,1,1,1,0,1,1,0,0,1,0,0,0,0,0,0,0,0
1.68094009800346,637,4,0,1,0.01,0,1,0,0,1,1,1,0,1,1,0,1,0,0,0,0,0,0,0,0,0
-1.03442776333657,637,5,0,1,0.01,0,1,0,0,1,1,1,0,1,1,1,0,0,0,0,0,0,0,0,0,0
-0.727459517516007,637,6,0,1,0.01,0,1,0,0,1,1,1,0,1,1,0,0,0,0,0,0,1,0,0,0,0
0.185427566293625,637,7,0,1,0.01,0,1,0,0,1,1,1,0,1,1,0,0,0,0,0,0,0,1,0,0,0
-1.93842982364506,637,8,0,1,0.01,0,1,0,0,1,1,1,0,1,1,0,0,0,0,0,0,0,0,1,0,0
0.705605728377807,637,9,0,1,0.01,0,1,0,0,1,1,1,0,1,1,0,0,0,0,0,0,0,0,0,1,0
-0.221819048159418,637,10,0,1,0.01,0,1,0,0,1,1,1,0,1,1,0,0,0,0,0,0,0,0,0,0,1
1.32724516027285,638,1,0,3,0.127496851579376,0,1,0,1,1,1,1,0,1,0,0,0,0,0,0,1,0,0,0,0,0
1.12976149632448,638,2,0,3,0.271249150321405,0,1,0,1,1,1,1,0,1,0,0,0,0,0,1,0,0,0,0,0,0
1.04016331362469,638,3,0,3,0.43332941456034,0,1,0,1,1,1,1,0,1,0,0,0,0,1,0,0,0,0,0,0,0
4.95792757466796,638,4,0,3,0.616074402192893,0,1,0,1,1,1,1,0,1,0,0,0,1,0,0,0,0,0,0,0,0
3.05655281391069,638,5,0,3,0.822118800390509,0,1,0,1,1,1,1,0,1,0,0,1,0,0,0,0,0,0,0,0,0
6.85335741207482,638,6,0,3,1.05443321064389,0,1,0,1,1,1,1,0,1,0,1,0,0,0,0,0,0,0,0,0,0
6.3452879610702,638,7,0,3,1.31636697678109,0,1,0,1,1,1,1,0,1,0,0,0,0,0,0,0,1,0,0,0,0
8.96271428999556,638,8,0,3,1.61169647342312,0,1,0,1,1,1,1,0,1,0,0,0,0,0,0,0,0,1,0,0,0
9.04253003853203,638,9,0,3,1.94467955106552,0,1,0,1,1,1,1,0,1,0,0,0,0,0,0,0,0,0,1,0,0
12.6340188672277,638,10,0,3,2.32011692273655,0,1,0,1,1,1,1,0,1,0,0,0,0,0,0,0,0,0,0,1,0
-1.87532388433493,639,1,0,2,0.0512710963760241,1,1,0,1,1,1,1,0,0,1,0,0,0,0,0,0,0,0,0,0,0
2.5670673915894,639,2,0,2,0.105170918075648,1,1,0,1,1,1,1,0,0,1,0,0,0,0,0,0,0,0,0,0,0
1.64350076780197,639,3,0,2,0.161834242728283,1,1,0,1,1,1,1,0,0,1,0,0,0,0,0,0,0,0,0,0,0
0.589223257484113,639,4,0,2,0.22140275816017,1,1,0,1,1,1,1,0,0,1,0,0,0,0,0,0,0,0,0,0,0
3.09784010381168,639,5,0,2,0.284025416687741,1,1,0,1,1,1,1,0,0,1,0,0,0,0,0,0,0,0,0,0,0
2.76675677111425,639,6,0,2,0.349858807576003,1,1,0,1,1,1,1,0,0,1,0,0,0,0,0,0,0,0,0,0,0
4.07404802788083,639,7,0,2,0.419067548593257,1,1,0,1,1,1,1,0,0,1,0,0,0,0,0,0,0,0,0,0,0
0.859935788281613,639,8,0,2,0.49182469764127,1,1,0,1,1,1,1,0,0,1,0,0,0,0,0,0,0,0,0,0,0
2.20138302694923,639,9,0,2,0.568312185490169,1,1,0,1,1,1,1,0,0,1,0,0,0,0,0,0,0,0,0,0,0
3.95938628062566,639,10,0,2,0.648721270700128,1,1,0,1,1,1,1,0,0,1,0,0,0,0,0,0,0,0,0,0,0
0.852508981478666,640,1,0,1,0.01,0,0,1,1,1,0,0,0,0,0,0,0,0,0,0,0,0,0,0,0,0
0.271376445808683,640,2,0,1,0.01,0,0,1,1,1,0,0,0,0,0,0,0,0,0,0,0,0,0,0,0,0
0.827299369624836,640,3,0,1,0.01,0,0,1,1,1,0,0,0,0,0,0,0,0,0,0,0,0,0,0,0,0
0.162826162899148,640,4,0,1,0.01,0,0,1,1,1,0,0,0,0,0,0,0,0,0,0,0,0,0,0,0,0
0.0392036617801526,640,5,0,1,0.01,0,0,1,1,1,0,0,0,0,0,0,0,0,0,0,0,0,0,0,0,0
-2.0188083068538,640,6,0,1,0.01,0,0,1,1,1,0,0,0,0,0,0,0,0,0,0,0,0,0,0,0,0
-0.924145061904839,640,7,0,1,0.01,0,0,1,1,1,0,0,0,0,0,0,0,0,0,0,0,0,0,0,0,0
0.797146726436297,640,8,0,1,0.01,0,0,1,1,1,0,0,0,0,0,0,0,0,0,0,0,0,0,0,0,0
0.621707030972901,640,9,0,1,0.01,0,0,1,1,1,0,0,0,0,0,0,0,0,0,0,0,0,0,0,0,0
-1.04836681405262,640,10,0,1,0.01,0,0,1,1,1,0,0,0,0,0,0,0,0,0,0,0,0,0,0,0,0
-0.912145868259661,641,1,0,1,0.01,1,1,0,1,0,0,0,0,1,1,0,0,0,0,0,0,0,0,0,0,0
1.20500868662472,641,2,0,1,0.01,1,1,0,1,0,0,0,0,1,1,0,0,0,0,0,0,0,0,0,0,0
0.167853391007541,641,3,0,1,0.01,1,1,0,1,0,0,0,0,1,1,0,0,0,0,0,0,0,0,0,0,0
-0.526614458447434,641,4,0,1,0.01,1,1,0,1,0,0,0,0,1,1,0,0,0,0,0,0,0,0,0,0,0
1.68763481010964,641,5,0,1,0.01,1,1,0,1,0,0,0,0,1,1,0,0,0,0,0,0,0,0,0,0,0
0.0677179934621905,641,6,0,1,0.01,1,1,0,1,0,0,0,0,1,1,0,0,0,0,0,0,0,0,0,0,0
0.491340917825901,641,7,0,1,0.01,1,1,0,1,0,0,0,0,1,1,0,0,0,0,0,0,0,0,0,0,0
-2.140747998325,641,8,0,1,0.01,1,1,0,1,0,0,0,0,1,1,0,0,0,0,0,0,0,0,0,0,0
-1.67468470801059,641,9,0,1,0.01,1,1,0,1,0,0,0,0,1,1,0,0,0,0,0,0,0,0,0,0,0
0.127627079259803,641,10,0,1,0.01,1,1,0,1,0,0,0,0,1,1,0,0,0,0,0,0,0,0,0,0,0
3.7757512533189,642,1,0,3,0.127496851579376,0,1,0,1,0,0,1,0,0,0,0,0,0,0,0,0,0,0,0,0,0
2.83373056353395,642,2,0,3,0.271249150321405,0,1,0,1,0,0,1,0,0,0,0,0,0,0,0,0,0,0,0,0,0
5.54225635155325,642,3,0,3,0.43332941456034,0,1,0,1,0,0,1,0,0,0,0,0,0,0,0,0,0,0,0,0,0
2.53862355934955,642,4,0,3,0.616074402192893,0,1,0,1,0,0,1,0,0,0,0,0,0,0,0,0,0,0,0,0,0
4.70704753058015,642,5,0,3,0.822118800390509,0,1,0,1,0,0,1,0,0,0,0,0,0,0,0,0,0,0,0,0,0
4.38239167399864,642,6,0,3,1.05443321064389,0,1,0,1,0,0,1,0,0,0,0,0,0,0,0,0,0,0,0,0,0
8.40730431546937,642,7,0,3,1.31636697678109,0,1,0,1,0,0,1,0,0,0,0,0,0,0,0,0,0,0,0,0,0
9.09206237146009,642,8,0,3,1.61169647342312,0,1,0,1,0,0,1,0,0,0,0,0,0,0,0,0,0,0,0,0,0
10.2800968751494,642,9,0,3,1.94467955106552,0,1,0,1,0,0,1,0,0,0,0,0,0,0,0,0,0,0,0,0,0
12.2387047764515,642,10,0,3,2.32011692273655,0,1,0,1,0,0,1,0,0,0,0,0,0,0,0,0,0,0,0,0,0
-3.37972096441386,643,1,0,2,0.0512710963760241,0,1,1,0,1,1,1,0,0,0,0,0,0,0,0,0,0,0,0,0,0
-0.370951699213113,643,2,0,2,0.105170918075648,0,1,1,0,1,1,1,0,0,0,0,0,0,0,0,0,0,0,0,0,0
1.80612698144545,643,3,0,2,0.161834242728283,0,1,1,0,1,1,1,0,0,0,0,0,0,0,0,0,0,0,0,0,0
-0.166586926826836,643,4,0,2,0.22140275816017,0,1,1,0,1,1,1,0,0,0,0,0,0,0,0,0,0,0,0,0,0
0.00605682639051719,643,5,0,2,0.284025416687741,0,1,1,0,1,1,1,0,0,0,0,0,0,0,0,0,0,0,0,0,0
2.26728437064882,643,6,0,2,0.349858807576003,0,1,1,0,1,1,1,0,0,0,0,0,0,0,0,0,0,0,0,0,0
1.28184867300133,643,7,0,2,0.419067548593257,0,1,1,0,1,1,1,0,0,0,0,0,0,0,0,0,0,0,0,0,0
3.69408346647563,643,8,0,2,0.49182469764127,0,1,1,0,1,1,1,0,0,0,0,0,0,0,0,0,0,0,0,0,0
2.11631972882862,643,9,0,2,0.568312185490169,0,1,1,0,1,1,1,0,0,0,0,0,0,0,0,0,0,0,0,0,0
1.68616391369098,643,10,0,2,0.648721270700128,0,1,1,0,1,1,1,0,0,0,0,0,0,0,0,0,0,0,0,0,0
1.312306071324,644,1,0,2,0.0512710963760241,1,1,0,0,0,0,1,1,0,0,0,0,0,0,0,0,0,0,0,0,0
-0.0991797583729581,644,2,0,2,0.105170918075648,1,1,0,0,0,0,1,1,0,0,0,0,0,0,0,0,0,0,0,0,0
0.574214592092498,644,3,0,2,0.161834242728283,1,1,0,0,0,0,1,1,0,0,0,0,0,0,0,0,0,0,0,0,0
0.0977035774230086,644,4,0,2,0.22140275816017,1,1,0,0,0,0,1,1,0,0,0,0,0,0,0,0,0,0,0,0,0
2.53530383508442,644,5,0,2,0.284025416687741,1,1,0,0,0,0,1,1,0,0,0,0,0,0,0,0,0,0,0,0,0
1.49947130036514,644,6,0,2,0.349858807576003,1,1,0,0,0,0,1,1,0,0,0,0,0,0,0,0,0,0,0,0,0
0.552602626899199,644,7,0,2,0.419067548593257,1,1,0,0,0,0,1,1,0,0,0,0,0,0,0,0,0,0,0,0,0
1.69214524854633,644,8,0,2,0.49182469764127,1,1,0,0,0,0,1,1,0,0,0,0,0,0,0,0,0,0,0,0,0
2.14376946383527,644,9,0,2,0.568312185490169,1,1,0,0,0,0,1,1,0,0,0,0,0,0,0,0,0,0,0,0,0
3.20699367097259,644,10,0,2,0.648721270700128,1,1,0,0,0,0,1,1,0,0,0,0,0,0,0,0,0,0,0,0,0
0.430013223866341,645,1,0,2,0.0512710963760241,1,0,0,1,1,1,0,0,1,0,0,0,0,0,0,0,0,0,0,0,0
0.178394292928901,645,2,0,2,0.105170918075648,1,0,0,1,1,1,0,0,1,0,0,0,0,0,0,0,0,0,0,0,0
0.602147492724614,645,3,0,2,0.161834242728283,1,0,0,1,1,1,0,0,1,0,0,0,0,0,0,0,0,0,0,0,0
1.00206960356109,645,4,0,2,0.22140275816017,1,0,0,1,1,1,0,0,1,0,0,0,0,0,0,0,0,0,0,0,0
1.04032941779643,645,5,0,2,0.284025416687741,1,0,0,1,1,1,0,0,1,0,0,0,0,0,0,0,0,0,0,0,0
0.758061575261341,645,6,0,2,0.349858807576003,1,0,0,1,1,1,0,0,1,0,0,0,0,0,0,0,0,0,0,0,0
1.52543540311259,645,7,0,2,0.419067548593257,1,0,0,1,1,1,0,0,1,0,0,0,0,0,0,0,0,0,0,0,0
3.3729467012238,645,8,0,2,0.49182469764127,1,0,0,1,1,1,0,0,1,0,0,0,0,0,0,0,0,0,0,0,0
1.35236172053017,645,9,0,2,0.568312185490169,1,0,0,1,1,1,0,0,1,0,0,0,0,0,0,0,0,0,0,0,0
3.10128342762734,645,10,0,2,0.648721270700128,1,0,0,1,1,1,0,0,1,0,0,0,0,0,0,0,0,0,0,0,0
-0.0386763588300428,646,1,0,1,0.01,0,1,0,1,0,0,1,1,0,1,0,0,0,0,0,0,0,0,0,0,0
2.75136646763241,646,2,0,1,0.01,0,1,0,1,0,0,1,1,0,1,0,0,0,0,0,0,0,0,0,0,0
0.241663160819824,646,3,0,1,0.01,0,1,0,1,0,0,1,1,0,1,0,0,0,0,0,0,0,0,0,0,0
0.459805408070693,646,4,0,1,0.01,0,1,0,1,0,0,1,1,0,1,0,0,0,0,0,0,0,0,0,0,0
1.9088862148213,646,5,0,1,0.01,0,1,0,1,0,0,1,1,0,1,0,0,0,0,0,0,0,0,0,0,0
2.07132076014117,646,6,0,1,0.01,0,1,0,1,0,0,1,1,0,1,0,0,0,0,0,0,0,0,0,0,0
-1.60919722833386,646,7,0,1,0.01,0,1,0,1,0,0,1,1,0,1,0,0,0,0,0,0,0,0,0,0,0
0.157738667198119,646,8,0,1,0.01,0,1,0,1,0,0,1,1,0,1,0,0,0,0,0,0,0,0,0,0,0
-1.92811955455583,646,9,0,1,0.01,0,1,0,1,0,0,1,1,0,1,0,0,0,0,0,0,0,0,0,0,0
0.358525424057101,646,10,0,1,0.01,0,1,0,1,0,0,1,1,0,1,0,0,0,0,0,0,0,0,0,0,0
2.20927478601233,647,1,0,3,0.127496851579376,0,0,0,0,0,1,1,1,1,1,0,0,0,0,0,0,0,0,0,0,0
2.20987932633708,647,2,0,3,0.271249150321405,0,0,0,0,0,1,1,1,1,1,0,0,0,0,0,0,0,0,0,0,0
3.05890733653618,647,3,0,3,0.43332941456034,0,0,0,0,0,1,1,1,1,1,0,0,0,0,0,0,0,0,0,0,0
3.86201531598946,647,4,0,3,0.616074402192893,0,0,0,0,0,1,1,1,1,1,0,0,0,0,0,0,0,0,0,0,0
4.06097495399911,647,5,0,3,0.822118800390509,0,0,0,0,0,1,1,1,1,1,0,0,0,0,0,0,0,0,0,0,0
6.03745902140101,647,6,0,3,1.05443321064389,0,0,0,0,0,1,1,1,1,1,0,0,0,0,0,0,0,0,0,0,0
5.60775869734309,647,7,0,3,1.31636697678109,0,0,0,0,0,1,1,1,1,1,0,0,0,0,0,0,0,0,0,0,0
7.50489945940063,647,8,0,3,1.61169647342312,0,0,0,0,0,1,1,1,1,1,0,0,0,0,0,0,0,0,0,0,0
8.72697234566672,647,9,0,3,1.94467955106552,0,0,0,0,0,1,1,1,1,1,0,0,0,0,0,0,0,0,0,0,0
11.2961587233602,647,10,0,3,2.32011692273655,0,0,0,0,0,1,1,1,1,1,0,0,0,0,0,0,0,0,0,0,0
1.17772241079913,648,1,0,1,0.01,1,1,1,1,0,0,1,0,1,0,0,0,0,0,0,0,0,0,0,0,0
-0.485888359261891,648,2,0,1,0.01,1,1,1,1,0,0,1,0,1,0,0,0,0,0,0,0,0,0,0,0,0
-0.261832966754055,648,3,0,1,0.01,1,1,1,1,0,0,1,0,1,0,0,0,0,0,0,0,0,0,0,0,0
-0.00679486320797856,648,4,0,1,0.01,1,1,1,1,0,0,1,0,1,0,0,0,0,0,0,0,0,0,0,0,0
-0.377285366536725,648,5,0,1,0.01,1,1,1,1,0,0,1,0,1,0,0,0,0,0,0,0,0,0,0,0,0
0.379235001469573,648,6,0,1,0.01,1,1,1,1,0,0,1,0,1,0,0,0,0,0,0,0,0,0,0,0,0
0.0104172716297652,648,7,0,1,0.01,1,1,1,1,0,0,1,0,1,0,0,0,0,0,0,0,0,0,0,0,0
2.067107719117,648,8,0,1,0.01,1,1,1,1,0,0,1,0,1,0,0,0,0,0,0,0,0,0,0,0,0
1.61335041280539,648,9,0,1,0.01,1,1,1,1,0,0,1,0,1,0,0,0,0,0,0,0,0,0,0,0,0
-1.47410318761891,648,10,0,1,0.01,1,1,1,1,0,0,1,0,1,0,0,0,0,0,0,0,0,0,0,0,0
1.28560113314046,649,1,0,1,0.01,0,1,0,0,0,1,1,0,1,1,0,0,0,0,0,0,0,0,0,0,0
-0.15153419038916,649,2,0,1,0.01,0,1,0,0,0,1,1,0,1,1,0,0,0,0,0,0,0,0,0,0,0
-0.502092331641912,649,3,0,1,0.01,0,1,0,0,0,1,1,0,1,1,0,0,0,0,0,0,0,0,0,0,0
-0.450476663484782,649,4,0,1,0.01,0,1,0,0,0,1,1,0,1,1,0,0,0,0,0,0,0,0,0,0,0
-0.734770555446591,649,5,0,1,0.01,0,1,0,0,0,1,1,0,1,1,0,0,0,0,0,0,0,0,0,0,0
0.602546311234912,649,6,0,1,0.01,0,1,0,0,0,1,1,0,1,1,0,0,0,0,0,0,0,0,0,0,0
-1.69405855608812,649,7,0,1,0.01,0,1,0,0,0,1,1,0,1,1,0,0,0,0,0,0,0,0,0,0,0
0.498400578700568,649,8,0,1,0.01,0,1,0,0,0,1,1,0,1,1,0,0,0,0,0,0,0,0,0,0,0
0.27440807645967,649,9,0,1,0.01,0,1,0,0,0,1,1,0,1,1,0,0,0,0,0,0,0,0,0,0,0
0.774936327428903,649,10,0,1,0.01,0,1,0,0,0,1,1,0,1,1,0,0,0,0,0,0,0,0,0,0,0
2.47559962915458,650,1,0,2,0.0512710963760241,1,0,1,0,1,0,1,0,0,0,0,0,0,0,0,0,0,0,0,0,0
0.532310904281871,650,2,0,2,0.105170918075648,1,0,1,0,1,0,1,0,0,0,0,0,0,0,0,0,0,0,0,0,0
0.797057393178333,650,3,0,2,0.161834242728283,1,0,1,0,1,0,1,0,0,0,0,0,0,0,0,0,0,0,0,0,0
2.31997858115766,650,4,0,2,0.22140275816017,1,0,1,0,1,0,1,0,0,0,0,0,0,0,0,0,0,0,0,0,0
0.385777541243706,650,5,0,2,0.284025416687741,1,0,1,0,1,0,1,0,0,0,0,0,0,0,0,0,0,0,0,0,0
1.56341850424523,650,6,0,2,0.349858807576003,1,0,1,0,1,0,1,0,0,0,0,0,0,0,0,0,0,0,0,0,0
3.46781467437252,650,7,0,2,0.419067548593257,1,0,1,0,1,0,1,0,0,0,0,0,0,0,0,0,0,0,0,0,0
5.87209898061592,650,8,0,2,0.49182469764127,1,0,1,0,1,0,1,0,0,0,0,0,0,0,0,0,0,0,0,0,0
2.59825746229522,650,9,0,2,0.568312185490169,1,0,1,0,1,0,1,0,0,0,0,0,0,0,0,0,0,0,0,0,0
4.25263690687707,650,10,0,2,0.648721270700128,1,0,1,0,1,0,1,0,0,0,0,0,0,0,0,0,0,0,0,0,0
-0.214420486838815,651,1,0,1,0.01,1,1,0,1,1,0,1,1,0,0,0,1,0,0,0,0,0,0,0,0,0
-0.446276056274575,651,2,0,1,0.01,1,1,0,1,1,0,1,1,0,0,1,0,0,0,0,0,0,0,0,0,0
1.37767779221489,651,3,0,1,0.01,1,1,0,1,1,0,1,1,0,0,0,0,0,0,0,0,1,0,0,0,0
-0.0269075923225083,651,4,0,1,0.01,1,1,0,1,1,0,1,1,0,0,0,0,0,0,0,0,0,1,0,0,0
1.08079276882211,651,5,0,1,0.01,1,1,0,1,1,0,1,1,0,0,0,0,0,0,0,0,0,0,1,0,0
-1.30821669874898,651,6,0,1,0.01,1,1,0,1,1,0,1,1,0,0,0,0,0,0,0,0,0,0,0,1,0
-0.226490429085058,651,7,0,1,0.01,1,1,0,1,1,0,1,1,0,0,0,0,0,0,0,0,0,0,0,0,1
0.316194035517334,651,8,0,1,0.01,1,1,0,1,1,0,1,1,0,0,0,0,0,0,0,0,0,0,0,0,0
0.415960079552817,651,9,0,1,0.01,1,1,0,1,1,0,1,1,0,0,0,0,0,0,0,0,0,0,0,0,0
0.60826604812955,651,10,0,1,0.01,1,1,0,1,1,0,1,1,0,0,0,0,0,0,0,0,0,0,0,0,0
-0.87315012260258,652,1,0,1,0.01,0,1,0,0,0,0,0,0,0,0,0,0,0,0,0,0,0,0,0,0,0
-0.575215551532894,652,2,0,1,0.01,0,1,0,0,0,0,0,0,0,0,0,0,0,0,0,0,0,0,0,0,0
-0.047238960503389,652,3,0,1,0.01,0,1,0,0,0,0,0,0,0,0,0,0,0,0,0,0,0,0,0,0,0
-2.1709843396433,652,4,0,1,0.01,0,1,0,0,0,0,0,0,0,0,0,0,0,0,0,0,0,0,0,0,0
0.330643500789469,652,5,0,1,0.01,0,1,0,0,0,0,0,0,0,0,0,0,0,0,0,0,0,0,0,0,0
-0.756989879468714,652,6,0,1,0.01,0,1,0,0,0,0,0,0,0,0,0,0,0,0,0,0,0,0,0,0,0
1.73341679634577,652,7,0,1,0.01,0,1,0,0,0,0,0,0,0,0,0,0,0,0,0,0,0,0,0,0,0
1.73068101235469,652,8,0,1,0.01,0,1,0,0,0,0,0,0,0,0,0,0,0,0,0,0,0,0,0,0,0
0.991190327750775,652,9,0,1,0.01,0,1,0,0,0,0,0,0,0,0,0,0,0,0,0,0,0,0,0,0,0
-0.626810176728356,652,10,0,1,0.01,0,1,0,0,0,0,0,0,0,0,0,0,0,0,0,0,0,0,0,0,0
0.155989729847447,653,1,0,1,0.01,1,0,0,1,0,1,0,0,1,1,0,0,0,0,0,0,0,0,0,0,0
0.772987541956087,653,2,0,1,0.01,1,0,0,1,0,1,0,0,1,1,0,0,0,0,0,0,0,0,0,0,0
0.321261790094977,653,3,0,1,0.01,1,0,0,1,0,1,0,0,1,1,0,0,0,0,0,0,0,0,0,0,0
-0.583480249206386,653,4,0,1,0.01,1,0,0,1,0,1,0,0,1,1,0,0,0,0,0,0,0,0,0,0,0
-1.66310359508706,653,5,0,1,0.01,1,0,0,1,0,1,0,0,1,1,0,0,0,0,0,0,0,0,0,0,0
-0.608195563247088,653,6,0,1,0.01,1,0,0,1,0,1,0,0,1,1,0,0,0,0,0,0,0,0,0,0,0
0.733272315415255,653,7,0,1,0.01,1,0,0,1,0,1,0,0,1,1,0,0,0,0,0,0,0,0,0,0,0
0.586952048284055,653,8,0,1,0.01,1,0,0,1,0,1,0,0,1,1,0,0,0,0,0,0,0,0,0,0,0
0.134667657301334,653,9,0,1,0.01,1,0,0,1,0,1,0,0,1,1,0,0,0,0,0,0,0,0,0,0,0
-0.950378101451384,653,10,0,1,0.01,1,0,0,1,0,1,0,0,1,1,0,0,0,0,0,0,0,0,0,0,0
0.0365349046935267,654,1,0,1,0.01,0,0,1,0,0,1,1,1,1,0,0,0,0,0,0,0,0,0,0,0,0
0.114044745959615,654,2,0,1,0.01,0,0,1,0,0,1,1,1,1,0,0,0,0,0,0,0,0,0,0,0,0
1.97538237296521,654,3,0,1,0.01,0,0,1,0,0,1,1,1,1,0,0,0,0,0,0,0,0,0,0,0,0
-0.623582131067959,654,4,0,1,0.01,0,0,1,0,0,1,1,1,1,0,0,0,0,0,0,0,0,0,0,0,0
-0.674062486978491,654,5,0,1,0.01,0,0,1,0,0,1,1,1,1,0,0,0,0,0,0,0,0,0,0,0,0
0.794423612965166,654,6,0,1,0.01,0,0,1,0,0,1,1,1,1,0,0,0,0,0,0,0,0,0,0,0,0
0.17295889907493,654,7,0,1,0.01,0,0,1,0,0,1,1,1,1,0,0,0,0,0,0,0,0,0,0,0,0
0.506744021815503,654,8,0,1,0.01,0,0,1,0,0,1,1,1,1,0,0,0,0,0,0,0,0,0,0,0,0
-0.380057922103657,654,9,0,1,0.01,0,0,1,0,0,1,1,1,1,0,0,0,0,0,0,0,0,0,0,0,0
-0.220423849393906,654,10,0,1,0.01,0,0,1,0,0,1,1,1,1,0,0,0,0,0,0,0,0,0,0,0,0
0.465448756700614,655,1,0,1,0.01,1,0,1,0,1,0,0,1,0,0,0,0,0,0,0,0,0,0,0,0,0
0.482056979843539,655,2,0,1,0.01,1,0,1,0,1,0,0,1,0,0,0,0,0,0,0,0,0,0,0,0,0
0.542171085650823,655,3,0,1,0.01,1,0,1,0,1,0,0,1,0,0,0,0,0,0,0,0,0,0,0,0,0
-0.643587376461732,655,4,0,1,0.01,1,0,1,0,1,0,0,1,0,0,0,0,0,0,0,0,0,0,0,0,0
-0.968815068601899,655,5,0,1,0.01,1,0,1,0,1,0,0,1,0,0,0,0,0,0,0,0,0,0,0,0,0
-0.905685036377998,655,6,0,1,0.01,1,0,1,0,1,0,0,1,0,0,0,0,0,0,0,0,0,0,0,0,0
-0.632105728565908,655,7,0,1,0.01,1,0,1,0,1,0,0,1,0,0,0,0,0,0,0,0,0,0,0,0,0
1.42109346883204,655,8,0,1,0.01,1,0,1,0,1,0,0,1,0,0,0,0,0,0,0,0,0,0,0,0,0
0.529703572877022,655,9,0,1,0.01,1,0,1,0,1,0,0,1,0,0,0,0,0,0,0,0,0,0,0,0,0
0.142680260634957,655,10,0,1,0.01,1,0,1,0,1,0,0,1,0,0,0,0,0,0,0,0,0,0,0,0,0
-0.338759661139697,656,1,0,1,0.01,1,1,0,1,1,1,0,0,0,1,0,0,0,0,0,0,0,0,0,0,0
2.04240476338084,656,2,0,1,0.01,1,1,0,1,1,1,0,0,0,1,0,0,0,0,0,0,0,0,0,0,0
-1.21736220967709,656,3,0,1,0.01,1,1,0,1,1,1,0,0,0,1,0,0,0,0,0,0,0,0,0,0,0
-0.708004928214634,656,4,0,1,0.01,1,1,0,1,1,1,0,0,0,1,0,0,0,0,0,0,0,0,0,0,0
0.0449240743153144,656,5,0,1,0.01,1,1,0,1,1,1,0,0,0,1,0,0,0,0,0,0,0,0,0,0,0
1.56644774522172,656,6,0,1,0.01,1,1,0,1,1,1,0,0,0,1,0,0,0,0,0,0,0,0,0,0,0
0.511666753366057,656,7,0,1,0.01,1,1,0,1,1,1,0,0,0,1,0,0,0,0,0,0,0,0,0,0,0
-0.554104202272094,656,8,0,1,0.01,1,1,0,1,1,1,0,0,0,1,0,0,0,0,0,0,0,0,0,0,0
-0.023473756663824,656,9,0,1,0.01,1,1,0,1,1,1,0,0,0,1,0,0,0,0,0,0,0,0,0,0,0
-0.0203187516967293,656,10,0,1,0.01,1,1,0,1,1,1,0,0,0,1,0,0,0,0,0,0,0,0,0,0,0
0.533459807133933,657,1,0,1,0.01,0,1,0,1,1,0,1,1,0,1,1,0,0,0,0,0,0,0,0,0,0
0.581754710698498,657,2,0,1,0.01,0,1,0,1,1,0,1,1,0,1,0,0,0,0,0,0,1,0,0,0,0
-0.122156269512952,657,3,0,1,0.01,0,1,0,1,1,0,1,1,0,1,0,0,0,0,0,0,0,1,0,0,0
1.12119196061227,657,4,0,1,0.01,0,1,0,1,1,0,1,1,0,1,0,0,0,0,0,0,0,0,1,0,0
-1.35474763775669,657,5,0,1,0.01,0,1,0,1,1,0,1,1,0,1,0,0,0,0,0,0,0,0,0,1,0
0.436594186285186,657,6,0,1,0.01,0,1,0,1,1,0,1,1,0,1,0,0,0,0,0,0,0,0,0,0,1
-1.40447921111493,657,7,0,1,0.01,0,1,0,1,1,0,1,1,0,1,0,0,0,0,0,0,0,0,0,0,0
-2.00583624889428,657,8,0,1,0.01,0,1,0,1,1,0,1,1,0,1,0,0,0,0,0,0,0,0,0,0,0
0.327379851757851,657,9,0,1,0.01,0,1,0,1,1,0,1,1,0,1,0,0,0,0,0,0,0,0,0,0,0
-0.611361694011723,657,10,0,1,0.01,0,1,0,1,1,0,1,1,0,1,0,0,0,0,0,0,0,0,0,0,0
0.0714072488262915,658,1,0,1,0.01,1,0,0,1,0,0,1,1,0,1,0,0,0,0,0,0,0,0,0,0,0
0.492395949968973,658,2,0,1,0.01,1,0,0,1,0,0,1,1,0,1,0,0,0,0,0,0,0,0,0,0,0
0.314831566570046,658,3,0,1,0.01,1,0,0,1,0,0,1,1,0,1,0,0,0,0,0,0,0,0,0,0,0
0.0127586258671697,658,4,0,1,0.01,1,0,0,1,0,0,1,1,0,1,0,0,0,0,0,0,0,0,0,0,0
-0.990494571058801,658,5,0,1,0.01,1,0,0,1,0,0,1,1,0,1,0,0,0,0,0,0,0,0,0,0,0
-1.95875288468515,658,6,0,1,0.01,1,0,0,1,0,0,1,1,0,1,0,0,0,0,0,0,0,0,0,0,0
0.461094813001453,658,7,0,1,0.01,1,0,0,1,0,0,1,1,0,1,0,0,0,0,0,0,0,0,0,0,0
-0.0127575811715693,658,8,0,1,0.01,1,0,0,1,0,0,1,1,0,1,0,0,0,0,0,0,0,0,0,0,0
-0.564988535497503,658,9,0,1,0.01,1,0,0,1,0,0,1,1,0,1,0,0,0,0,0,0,0,0,0,0,0
-0.404097147404358,658,10,0,1,0.01,1,0,0,1,0,0,1,1,0,1,0,0,0,0,0,0,0,0,0,0,0
0.974068850989484,659,1,0,2,0.0512710963760241,1,0,1,1,0,0,1,0,0,0,0,0,0,0,0,0,0,0,0,0,0
0.402923519280972,659,2,0,2,0.105170918075648,1,0,1,1,0,0,1,0,0,0,0,0,0,0,0,0,0,0,0,0,0
-0.748168331103887,659,3,0,2,0.161834242728283,1,0,1,1,0,0,1,0,0,0,0,0,0,0,0,1,0,0,0,0,0
1.07575685309531,659,4,0,2,0.22140275816017,1,0,1,1,0,0,1,0,0,0,0,0,0,0,1,0,0,0,0,0,0
3.26356209664175,659,5,0,2,0.284025416687741,1,0,1,1,0,0,1,0,0,0,0,0,0,1,0,0,0,0,0,0,0
2.58597560485258,659,6,0,2,0.349858807576003,1,0,1,1,0,0,1,0,0,0,0,0,1,0,0,0,0,0,0,0,0
2.25371125826017,659,7,0,2,0.419067548593257,1,0,1,1,0,0,1,0,0,0,0,1,0,0,0,0,0,0,0,0,0
2.93323399898164,659,8,0,2,0.49182469764127,1,0,1,1,0,0,1,0,0,0,1,0,0,0,0,0,0,0,0,0,0
1.80460656725259,659,9,0,2,0.568312185490169,1,0,1,1,0,0,1,0,0,0,0,0,0,0,0,0,1,0,0,0,0
3.39612906159559,659,10,0,2,0.648721270700128,1,0,1,1,0,0,1,0,0,0,0,0,0,0,0,0,0,1,0,0,0
1.45919535716414,660,1,0,2,0.0512710963760241,1,1,0,0,0,0,0,1,1,0,0,0,0,0,0,0,0,0,0,0,0
0.860340288483731,660,2,0,2,0.105170918075648,1,1,0,0,0,0,0,1,1,0,0,0,0,0,0,0,0,0,0,0,0
-1.36804836895952,660,3,0,2,0.161834242728283,1,1,0,0,0,0,0,1,1,0,0,0,0,0,0,0,0,0,0,0,0
1.18202464476153,660,4,0,2,0.22140275816017,1,1,0,0,0,0,0,1,1,0,0,0,0,0,0,0,0,0,0,0,0
1.83775953327364,660,5,0,2,0.284025416687741,1,1,0,0,0,0,0,1,1,0,0,0,0,0,0,0,0,0,0,0,0
1.95808373070208,660,6,0,2,0.349858807576003,1,1,0,0,0,0,0,1,1,0,0,0,0,0,0,0,0,0,0,0,0
3.00375001658016,660,7,0,2,0.419067548593257,1,1,0,0,0,0,0,1,1,0,0,0,0,0,0,0,0,0,0,0,0
1.2467735054913,660,8,0,2,0.49182469764127,1,1,0,0,0,0,0,1,1,0,0,0,0,0,0,0,0,0,0,0,0
0.602320983879668,660,9,0,2,0.568312185490169,1,1,0,0,0,0,0,1,1,0,0,0,0,0,0,0,0,0,0,0,0
1.83102001252417,660,10,0,2,0.648721270700128,1,1,0,0,0,0,0,1,1,0,0,0,0,0,0,0,0,0,0,0,0
0.761081133149723,661,1,0,2,0.0512710963760241,0,0,1,1,0,0,0,1,0,1,0,0,0,0,0,0,0,0,0,0,0
0.0345179851147177,661,2,0,2,0.105170918075648,0,0,1,1,0,0,0,1,0,1,0,0,0,0,0,0,0,0,0,0,0
-0.538361387424327,661,3,0,2,0.161834242728283,0,0,1,1,0,0,0,1,0,1,0,0,0,0,0,0,0,0,0,0,0
1.25212092404284,661,4,0,2,0.22140275816017,0,0,1,1,0,0,0,1,0,1,0,0,0,0,0,0,0,0,0,0,0
2.34484007130945,661,5,0,2,0.284025416687741,0,0,1,1,0,0,0,1,0,1,0,0,0,0,0,0,0,0,0,0,0
1.37037479738986,661,6,0,2,0.349858807576003,0,0,1,1,0,0,0,1,0,1,0,0,0,0,0,0,0,0,0,0,0
0.990267145537585,661,7,0,2,0.419067548593257,0,0,1,1,0,0,0,1,0,1,0,0,0,0,0,0,0,0,0,0,0
1.79409820921668,661,8,0,2,0.49182469764127,0,0,1,1,0,0,0,1,0,1,0,0,0,0,0,0,0,0,0,0,0
2.34745652616735,661,9,0,2,0.568312185490169,0,0,1,1,0,0,0,1,0,1,0,0,0,0,0,0,0,0,0,0,0
3.51181564585302,661,10,0,2,0.648721270700128,0,0,1,1,0,0,0,1,0,1,0,0,0,0,0,0,0,0,0,0,0
-0.350503501922582,662,1,0,2,0.0512710963760241,1,0,0,0,1,0,0,0,1,1,0,0,0,0,0,0,0,0,0,0,0
1.48953517789427,662,2,0,2,0.105170918075648,1,0,0,0,1,0,0,0,1,1,0,0,0,0,0,0,0,0,0,0,0
1.03327799473267,662,3,0,2,0.161834242728283,1,0,0,0,1,0,0,0,1,1,0,0,0,0,0,0,0,0,0,0,0
0.624240879617709,662,4,0,2,0.22140275816017,1,0,0,0,1,0,0,0,1,1,0,0,0,0,0,0,0,0,0,0,0
1.08509035115737,662,5,0,2,0.284025416687741,1,0,0,0,1,0,0,0,1,1,0,0,0,0,0,0,0,0,0,0,0
2.7844823030459,662,6,0,2,0.349858807576003,1,0,0,0,1,0,0,0,1,1,0,0,0,0,0,0,0,0,0,0,0
1.31840403662301,662,7,0,2,0.419067548593257,1,0,0,0,1,0,0,0,1,1,0,0,0,0,0,0,0,0,0,0,0
1.93932687754145,662,8,0,2,0.49182469764127,1,0,0,0,1,0,0,0,1,1,0,0,0,0,0,0,0,0,0,0,0
1.07192611703014,662,9,0,2,0.568312185490169,1,0,0,0,1,0,0,0,1,1,0,0,0,0,0,0,0,0,0,0,0
3.98182281551119,662,10,0,2,0.648721270700128,1,0,0,0,1,0,0,0,1,1,0,0,0,0,0,0,0,0,0,0,0
1.65268911792789,663,1,0,2,0.0512710963760241,1,1,1,1,0,0,1,1,1,1,0,0,0,0,0,0,0,0,0,0,0
1.37610625759778,663,2,0,2,0.105170918075648,1,1,1,1,0,0,1,1,1,1,0,0,0,0,0,0,0,0,0,0,0
2.51734767736554,663,3,0,2,0.161834242728283,1,1,1,1,0,0,1,1,1,1,0,0,0,0,0,0,0,0,0,0,0
0.407386465693183,663,4,0,2,0.22140275816017,1,1,1,1,0,0,1,1,1,1,0,0,0,0,0,0,0,0,0,0,0
2.00044807793122,663,5,0,2,0.284025416687741,1,1,1,1,0,0,1,1,1,1,0,0,0,0,0,0,0,0,0,0,0
1.56900392572506,663,6,0,2,0.349858807576003,1,1,1,1,0,0,1,1,1,1,0,0,0,0,0,0,0,0,0,0,0
0.811511514527881,663,7,0,2,0.419067548593257,1,1,1,1,0,0,1,1,1,1,0,0,0,0,0,0,0,0,0,0,0
3.1929756477202,663,8,0,2,0.49182469764127,1,1,1,1,0,0,1,1,1,1,0,0,0,0,0,0,0,0,0,0,0
2.40804430575484,663,9,0,2,0.568312185490169,1,1,1,1,0,0,1,1,1,1,0,0,0,0,0,0,0,0,0,0,0
3.49582554653571,663,10,0,2,0.648721270700128,1,1,1,1,0,0,1,1,1,1,0,0,0,0,0,0,0,0,0,0,0
0.19661877187064,664,1,0,2,0.0512710963760241,0,0,0,0,1,0,1,0,1,0,0,0,0,0,0,0,0,0,0,0,0
0.704115174418866,664,2,0,2,0.105170918075648,0,0,0,0,1,0,1,0,1,0,0,0,0,0,0,0,0,0,0,0,0
-0.0262490410228768,664,3,0,2,0.161834242728283,0,0,0,0,1,0,1,0,1,0,0,0,0,0,0,0,0,0,0,0,0
-0.0967551714910053,664,4,0,2,0.22140275816017,0,0,0,0,1,0,1,0,1,0,0,0,0,0,0,0,0,0,0,0,0
1.36594759401068,664,5,0,2,0.284025416687741,0,0,0,0,1,0,1,0,1,0,0,0,0,0,0,0,0,0,0,0,0
2.60902762097663,664,6,0,2,0.349858807576003,0,0,0,0,1,0,1,0,1,0,0,0,0,0,0,0,0,0,0,0,0
4.02812712979456,664,7,0,2,0.419067548593257,0,0,0,0,1,0,1,0,1,0,0,0,0,0,0,0,0,0,0,0,0
1.33985967200121,664,8,0,2,0.49182469764127,0,0,0,0,1,0,1,0,1,0,0,0,0,0,0,0,0,0,0,0,0
4.46145836555407,664,9,0,2,0.568312185490169,0,0,0,0,1,0,1,0,1,0,0,0,0,0,0,0,0,0,0,0,0
5.05052808392469,664,10,0,2,0.648721270700128,0,0,0,0,1,0,1,0,1,0,0,0,0,0,0,0,0,0,0,0,0
-0.550264910012006,665,1,0,1,0.01,0,0,1,0,1,1,1,1,0,1,0,0,0,0,0,0,0,0,0,0,0
0.392051794601116,665,2,0,1,0.01,0,0,1,0,1,1,1,1,0,1,0,0,0,0,0,0,0,0,0,0,0
-0.490472034275928,665,3,0,1,0.01,0,0,1,0,1,1,1,1,0,1,0,0,0,0,0,0,0,0,0,0,0
-0.27110016345577,665,4,0,1,0.01,0,0,1,0,1,1,1,1,0,1,0,0,0,0,0,0,0,0,0,0,0
-1.25756186946234,665,5,0,1,0.01,0,0,1,0,1,1,1,1,0,1,0,0,0,0,0,0,0,0,0,0,0
-0.616946752395315,665,6,0,1,0.01,0,0,1,0,1,1,1,1,0,1,0,0,0,0,0,0,0,0,0,0,0
-0.456051425574594,665,7,0,1,0.01,0,0,1,0,1,1,1,1,0,1,0,0,0,0,0,0,0,0,0,0,0
-0.276651197767386,665,8,0,1,0.01,0,0,1,0,1,1,1,1,0,1,0,0,0,0,0,0,0,0,0,0,0
0.37058986607573,665,9,0,1,0.01,0,0,1,0,1,1,1,1,0,1,0,0,0,0,0,0,0,0,0,0,0
-0.215652386231281,665,10,0,1,0.01,0,0,1,0,1,1,1,1,0,1,0,0,0,0,0,0,0,0,0,0,0
1.5931743702219,666,1,0,2,0.0512710963760241,0,1,0,0,1,1,0,1,0,1,0,0,0,0,0,0,0,0,0,0,0
1.13541434060277,666,2,0,2,0.105170918075648,0,1,0,0,1,1,0,1,0,1,0,0,0,0,0,0,0,0,0,0,0
2.51032482122882,666,3,0,2,0.161834242728283,0,1,0,0,1,1,0,1,0,1,0,0,0,0,0,0,0,0,0,0,0
0.767301632728158,666,4,0,2,0.22140275816017,0,1,0,0,1,1,0,1,0,1,0,0,0,0,0,0,0,0,0,0,0
0.592678112011497,666,5,0,2,0.284025416687741,0,1,0,0,1,1,0,1,0,1,0,0,0,0,0,0,0,0,0,0,0
4.03049386547839,666,6,0,2,0.349858807576003,0,1,0,0,1,1,0,1,0,1,0,0,0,0,0,0,0,0,0,0,0
1.21458965875679,666,7,0,2,0.419067548593257,0,1,0,0,1,1,0,1,0,1,0,0,0,0,0,0,0,0,0,0,0
2.01537811491617,666,8,0,2,0.49182469764127,0,1,0,0,1,1,0,1,0,1,0,0,0,0,0,0,0,0,0,0,0
3.38319047905769,666,9,0,2,0.568312185490169,0,1,0,0,1,1,0,1,0,1,0,0,0,0,0,0,0,0,0,0,0
4.44636126727136,666,10,0,2,0.648721270700128,0,1,0,0,1,1,0,1,0,1,0,0,0,0,0,0,0,0,0,0,0
-0.881632093830127,667,1,0,2,0.0512710963760241,0,1,0,1,0,0,0,1,0,0,0,0,0,0,0,0,0,0,0,0,0
-0.407839095685758,667,2,0,2,0.105170918075648,0,1,0,1,0,0,0,1,0,0,0,0,0,0,0,0,0,0,0,0,0
-0.204444655155841,667,3,0,2,0.161834242728283,0,1,0,1,0,0,0,1,0,0,0,0,0,0,0,0,0,0,0,0,0
1.72466045913201,667,4,0,2,0.22140275816017,0,1,0,1,0,0,0,1,0,0,0,0,0,0,0,0,0,0,0,0,0
1.97456384255951,667,5,0,2,0.284025416687741,0,1,0,1,0,0,0,1,0,0,0,0,0,0,0,0,0,0,0,0,0
1.05125639713103,667,6,0,2,0.349858807576003,0,1,0,1,0,0,0,1,0,0,0,0,0,0,0,0,0,0,0,0,0
2.55222121646886,667,7,0,2,0.419067548593257,0,1,0,1,0,0,0,1,0,0,0,0,0,0,0,0,0,0,0,0,0
3.08766555901996,667,8,0,2,0.49182469764127,0,1,0,1,0,0,0,1,0,0,0,0,0,0,0,0,0,0,0,0,0
1.55717877861435,667,9,0,2,0.568312185490169,0,1,0,1,0,0,0,1,0,0,0,0,0,0,0,0,0,0,0,0,0
3.22337650117686,667,10,0,2,0.648721270700128,0,1,0,1,0,0,0,1,0,0,0,0,0,0,0,0,0,0,0,0,0
0.460525846692085,668,1,0,1,0.01,1,0,1,1,1,0,1,0,0,1,0,0,1,0,0,0,0,0,0,0,0
-0.0501550155511786,668,2,0,1,0.01,1,0,1,1,1,0,1,0,0,1,0,1,0,0,0,0,0,0,0,0,0
-0.235278970162703,668,3,0,1,0.01,1,0,1,1,1,0,1,0,0,1,1,0,0,0,0,0,0,0,0,0,0
-0.344519116063611,668,4,0,1,0.01,1,0,1,1,1,0,1,0,0,1,0,0,0,0,0,0,1,0,0,0,0
-1.35456707305331,668,5,0,1,0.01,1,0,1,1,1,0,1,0,0,1,0,0,0,0,0,0,0,1,0,0,0
0.605627470617693,668,6,0,1,0.01,1,0,1,1,1,0,1,0,0,1,0,0,0,0,0,0,0,0,1,0,0
-0.175611353427393,668,7,0,1,0.01,1,0,1,1,1,0,1,0,0,1,0,0,0,0,0,0,0,0,0,1,0
-0.364932956775328,668,8,0,1,0.01,1,0,1,1,1,0,1,0,0,1,0,0,0,0,0,0,0,0,0,0,1
0.168542771894637,668,9,0,1,0.01,1,0,1,1,1,0,1,0,0,1,0,0,0,0,0,0,0,0,0,0,0
0.343363292031106,668,10,0,1,0.01,1,0,1,1,1,0,1,0,0,1,0,0,0,0,0,0,0,0,0,0,0
1.72402117808563,669,1,0,2,0.0512710963760241,1,0,0,1,0,0,0,0,0,1,0,0,0,0,0,0,0,0,0,0,0
0.574631397549363,669,2,0,2,0.105170918075648,1,0,0,1,0,0,0,0,0,1,0,0,0,0,0,0,0,0,0,0,0
-0.313315761658574,669,3,0,2,0.161834242728283,1,0,0,1,0,0,0,0,0,1,0,0,0,0,0,0,0,0,0,0,0
1.88971662295351,669,4,0,2,0.22140275816017,1,0,0,1,0,0,0,0,0,1,0,0,0,0,0,0,0,0,0,0,0
1.39411178370595,669,5,0,2,0.284025416687741,1,0,0,1,0,0,0,0,0,1,0,0,0,0,0,0,0,0,0,0,0
-1.12596478533784,669,6,0,2,0.349858807576003,1,0,0,1,0,0,0,0,0,1,0,0,0,0,0,0,0,0,0,0,0
1.99457618657597,669,7,0,2,0.419067548593257,1,0,0,1,0,0,0,0,0,1,0,0,0,0,0,0,0,0,0,0,0
0.967426232194122,669,8,0,2,0.49182469764127,1,0,0,1,0,0,0,0,0,1,0,0,0,0,0,0,0,0,0,0,0
2.62028895492991,669,9,0,2,0.568312185490169,1,0,0,1,0,0,0,0,0,1,0,0,0,0,0,0,0,0,0,0,0
1.850151617594,669,10,0,2,0.648721270700128,1,0,0,1,0,0,0,0,0,1,0,0,0,0,0,0,0,0,0,0,0
1.4837188788933,670,1,0,2,0.0512710963760241,1,0,0,0,1,0,0,0,0,0,0,0,0,0,0,0,0,0,0,0,0
1.44021796663189,670,2,0,2,0.105170918075648,1,0,0,0,1,0,0,0,0,0,0,0,0,0,0,0,0,0,0,0,0
0.440786214987938,670,3,0,2,0.161834242728283,1,0,0,0,1,0,0,0,0,0,0,0,0,0,0,0,0,0,0,0,0
-0.329172805942532,670,4,0,2,0.22140275816017,1,0,0,0,1,0,0,0,0,0,0,0,0,0,0,0,0,0,0,0,0
1.16635772385254,670,5,0,2,0.284025416687741,1,0,0,0,1,0,0,0,0,0,0,0,0,0,0,0,0,0,0,0,0
1.03367912370249,670,6,0,2,0.349858807576003,1,0,0,0,1,0,0,0,0,0,0,0,0,0,0,0,0,0,0,0,0
2.77523617638767,670,7,0,2,0.419067548593257,1,0,0,0,1,0,0,0,0,0,0,0,0,0,0,0,0,0,0,0,0
2.33570618272944,670,8,0,2,0.49182469764127,1,0,0,0,1,0,0,0,0,0,0,0,0,0,0,0,0,0,0,0,0
4.03804292454327,670,9,0,2,0.568312185490169,1,0,0,0,1,0,0,0,0,0,0,0,0,0,0,0,0,0,0,0,0
3.6684978395092,670,10,0,2,0.648721270700128,1,0,0,0,1,0,0,0,0,0,0,0,0,0,0,0,0,0,0,0,0
-0.149924563582657,671,1,0,2,0.0512710963760241,0,0,0,1,1,0,0,0,1,1,0,0,0,0,0,0,0,0,0,0,0
1.40286207339311,671,2,0,2,0.105170918075648,0,0,0,1,1,0,0,0,1,1,0,0,0,0,0,0,0,0,0,0,0
1.64368906509962,671,3,0,2,0.161834242728283,0,0,0,1,1,0,0,0,1,1,0,0,0,0,0,0,0,0,0,0,0
-0.706765892282147,671,4,0,2,0.22140275816017,0,0,0,1,1,0,0,0,1,1,0,0,0,0,0,0,0,0,0,0,0
2.63977308191517,671,5,0,2,0.284025416687741,0,0,0,1,1,0,0,0,1,1,0,0,0,0,0,0,0,0,0,0,0
1.84457467435394,671,6,0,2,0.349858807576003,0,0,0,1,1,0,0,0,1,1,0,0,0,0,0,0,0,0,0,0,0
3.06594448240926,671,7,0,2,0.419067548593257,0,0,0,1,1,0,0,0,1,1,0,0,0,0,0,0,0,0,0,0,0
2.01189296189534,671,8,0,2,0.49182469764127,0,0,0,1,1,0,0,0,1,1,0,0,0,0,0,0,0,0,0,0,0
3.50848782961736,671,9,0,2,0.568312185490169,0,0,0,1,1,0,0,0,1,1,0,0,0,0,0,0,0,0,0,0,0
3.92961278165345,671,10,0,2,0.648721270700128,0,0,0,1,1,0,0,0,1,1,0,0,0,0,0,0,0,0,0,0,0
0.584584008351719,672,1,0,2,0.0512710963760241,0,1,1,0,1,1,1,0,0,1,0,0,0,0,0,0,0,0,0,0,0
0.515449568878272,672,2,0,2,0.105170918075648,0,1,1,0,1,1,1,0,0,1,0,0,0,0,0,0,0,0,0,0,0
2.580361350931,672,3,0,2,0.161834242728283,0,1,1,0,1,1,1,0,0,1,0,0,0,0,0,0,0,0,0,0,0
0.883475016993876,672,4,0,2,0.22140275816017,0,1,1,0,1,1,1,0,0,1,0,0,0,0,0,0,0,0,0,0,0
0.631561987057488,672,5,0,2,0.284025416687741,0,1,1,0,1,1,1,0,0,1,0,0,0,0,0,0,0,0,0,0,0
-0.76372538773201,672,6,0,2,0.349858807576003,0,1,1,0,1,1,1,0,0,1,0,0,0,0,0,0,0,0,0,0,0
1.95983442155796,672,7,0,2,0.419067548593257,0,1,1,0,1,1,1,0,0,1,0,0,0,0,0,0,0,0,0,0,0
1.59566515644085,672,8,0,2,0.49182469764127,0,1,1,0,1,1,1,0,0,1,0,0,0,0,0,0,0,0,0,0,0
2.68123713202759,672,9,0,2,0.568312185490169,0,1,1,0,1,1,1,0,0,1,0,0,0,0,0,0,0,0,0,0,0
3.90642079187031,672,10,0,2,0.648721270700128,0,1,1,0,1,1,1,0,0,1,0,0,0,0,0,0,0,0,0,0,0
0.882648399393015,673,1,0,1,0.01,0,1,1,0,1,0,1,1,1,0,1,0,0,0,0,0,0,0,0,0,0
0.924104747349196,673,2,0,1,0.01,0,1,1,0,1,0,1,1,1,0,0,0,0,0,0,0,1,0,0,0,0
-0.256299810419528,673,3,0,1,0.01,0,1,1,0,1,0,1,1,1,0,0,0,0,0,0,0,0,1,0,0,0
1.00767831244251,673,4,0,1,0.01,0,1,1,0,1,0,1,1,1,0,0,0,0,0,0,0,0,0,1,0,0
-1.56855152216599,673,5,0,1,0.01,0,1,1,0,1,0,1,1,1,0,0,0,0,0,0,0,0,0,0,1,0
0.954602348550863,673,6,0,1,0.01,0,1,1,0,1,0,1,1,1,0,0,0,0,0,0,0,0,0,0,0,1
-0.617765858151666,673,7,0,1,0.01,0,1,1,0,1,0,1,1,1,0,0,0,0,0,0,0,0,0,0,0,0
-0.245417522291921,673,8,0,1,0.01,0,1,1,0,1,0,1,1,1,0,0,0,0,0,0,0,0,0,0,0,0
-0.131641671081107,673,9,0,1,0.01,0,1,1,0,1,0,1,1,1,0,0,0,0,0,0,0,0,0,0,0,0
0.477255280211516,673,10,0,1,0.01,0,1,1,0,1,0,1,1,1,0,0,0,0,0,0,0,0,0,0,0,0
-1.35898008832611,674,1,0,1,0.01,0,1,0,0,1,0,0,0,1,1,0,0,0,1,0,0,0,0,0,0,0
0.379848664159416,674,2,0,1,0.01,0,1,0,0,1,0,0,0,1,1,0,0,1,0,0,0,0,0,0,0,0
-0.906580095180773,674,3,0,1,0.01,0,1,0,0,1,0,0,0,1,1,0,1,0,0,0,0,0,0,0,0,0
-2.11651373082506,674,4,0,1,0.01,0,1,0,0,1,0,0,0,1,1,1,0,0,0,0,0,0,0,0,0,0
-0.7735024332533,674,5,0,1,0.01,0,1,0,0,1,0,0,0,1,1,0,0,0,0,0,0,1,0,0,0,0
0.610959900897332,674,6,0,1,0.01,0,1,0,0,1,0,0,0,1,1,0,0,0,0,0,0,0,1,0,0,0
1.44202582491198,674,7,0,1,0.01,0,1,0,0,1,0,0,0,1,1,0,0,0,0,0,0,0,0,1,0,0
1.36357492393988,674,8,0,1,0.01,0,1,0,0,1,0,0,0,1,1,0,0,0,0,0,0,0,0,0,1,0
1.7633361682229,674,9,0,1,0.01,0,1,0,0,1,0,0,0,1,1,0,0,0,0,0,0,0,0,0,0,1
0.0540384409666506,674,10,0,1,0.01,0,1,0,0,1,0,0,0,1,1,0,0,0,0,0,0,0,0,0,0,0
1.22874403307433,675,1,0,1,0.01,0,1,0,1,1,0,0,1,1,1,1,0,0,0,0,0,0,0,0,0,0
-1.813695124294,675,2,0,1,0.01,0,1,0,1,1,0,0,1,1,1,0,0,0,0,0,0,1,0,0,0,0
-1.80296202912444,675,3,0,1,0.01,0,1,0,1,1,0,0,1,1,1,0,0,0,0,0,0,0,1,0,0,0
-0.640528012988831,675,4,0,1,0.01,0,1,0,1,1,0,0,1,1,1,0,0,0,0,0,0,0,0,1,0,0
0.897374139695727,675,5,0,1,0.01,0,1,0,1,1,0,0,1,1,1,0,0,0,0,0,0,0,0,0,1,0
0.805659903132027,675,6,0,1,0.01,0,1,0,1,1,0,0,1,1,1,0,0,0,0,0,0,0,0,0,0,1
0.213835745501209,675,7,0,1,0.01,0,1,0,1,1,0,0,1,1,1,0,0,0,0,0,0,0,0,0,0,0
-2.49428709948786,675,8,0,1,0.01,0,1,0,1,1,0,0,1,1,1,0,0,0,0,0,0,0,0,0,0,0
0.0871245036317285,675,9,0,1,0.01,0,1,0,1,1,0,0,1,1,1,0,0,0,0,0,0,0,0,0,0,0
-0.41454301992533,675,10,0,1,0.01,0,1,0,1,1,0,0,1,1,1,0,0,0,0,0,0,0,0,0,0,0
0.512778757168803,676,1,0,1,0.01,1,1,0,0,1,0,0,0,0,0,0,0,0,0,0,0,0,0,0,0,0
0.114273144255114,676,2,0,1,0.01,1,1,0,0,1,0,0,0,0,0,0,0,0,0,0,0,0,0,0,0,0
-1.57996412127026,676,3,0,1,0.01,1,1,0,0,1,0,0,0,0,0,0,0,0,0,0,0,0,0,0,0,0
-0.395099427502421,676,4,0,1,0.01,1,1,0,0,1,0,0,0,0,0,0,0,0,0,0,0,0,0,0,0,0
-0.285390005838746,676,5,0,1,0.01,1,1,0,0,1,0,0,0,0,0,0,0,0,0,0,0,0,0,0,0,0
-0.491520465716832,676,6,0,1,0.01,1,1,0,0,1,0,0,0,0,0,0,0,0,0,0,0,0,0,0,0,0
-0.0108109333710925,676,7,0,1,0.01,1,1,0,0,1,0,0,0,0,0,0,0,0,0,0,0,0,0,0,0,0
0.0710413213754439,676,8,0,1,0.01,1,1,0,0,1,0,0,0,0,0,0,0,0,0,0,0,0,0,0,0,0
-0.661917508544754,676,9,0,1,0.01,1,1,0,0,1,0,0,0,0,0,0,0,0,0,0,0,0,0,0,0,0
0.166547674638587,676,10,0,1,0.01,1,1,0,0,1,0,0,0,0,0,0,0,0,0,0,0,0,0,0,0,0
0.0750446942016165,677,1,0,3,0.127496851579376,1,0,0,0,1,0,1,0,1,0,0,0,0,0,0,0,0,0,0,0,0
2.34369018699625,677,2,0,3,0.271249150321405,1,0,0,0,1,0,1,0,1,0,0,0,0,0,0,0,0,0,0,0,0
1.46294046192385,677,3,0,3,0.43332941456034,1,0,0,0,1,0,1,0,1,0,0,0,0,0,0,0,0,0,0,0,0
3.0975439122047,677,4,0,3,0.616074402192893,1,0,0,0,1,0,1,0,1,0,0,0,0,0,0,1,0,0,0,0,0
3.07949748586556,677,5,0,3,0.822118800390509,1,0,0,0,1,0,1,0,1,0,0,0,0,0,1,0,0,0,0,0,0
5.396020419921,677,6,0,3,1.05443321064389,1,0,0,0,1,0,1,0,1,0,0,0,0,1,0,0,0,0,0,0,0
8.49298335564968,677,7,0,3,1.31636697678109,1,0,0,0,1,0,1,0,1,0,0,0,1,0,0,0,0,0,0,0,0
6.96485095456205,677,8,0,3,1.61169647342312,1,0,0,0,1,0,1,0,1,0,0,1,0,0,0,0,0,0,0,0,0
10.3336597703559,677,9,0,3,1.94467955106552,1,0,0,0,1,0,1,0,1,0,1,0,0,0,0,0,0,0,0,0,0
11.3820565542313,677,10,0,3,2.32011692273655,1,0,0,0,1,0,1,0,1,0,0,0,0,0,0,0,1,0,0,0,0
0.931896476760137,678,1,0,2,0.0512710963760241,1,0,1,0,1,1,1,1,1,0,0,0,0,0,0,0,0,0,0,0,0
0.738401863084216,678,2,0,2,0.105170918075648,1,0,1,0,1,1,1,1,1,0,0,0,0,0,0,0,0,0,0,0,0
2.2528159055235,678,3,0,2,0.161834242728283,1,0,1,0,1,1,1,1,1,0,0,0,0,0,0,0,0,0,0,0,0
0.71706641364506,678,4,0,2,0.22140275816017,1,0,1,0,1,1,1,1,1,0,0,0,0,0,0,0,0,0,0,0,0
0.933336770003626,678,5,0,2,0.284025416687741,1,0,1,0,1,1,1,1,1,0,0,0,0,0,0,0,0,0,0,0,0
1.89879065292485,678,6,0,2,0.349858807576003,1,0,1,0,1,1,1,1,1,0,0,0,0,0,0,0,0,0,0,0,0
0.809057222348993,678,7,0,2,0.419067548593257,1,0,1,0,1,1,1,1,1,0,0,0,0,0,0,0,0,0,0,0,0
3.40328643780466,678,8,0,2,0.49182469764127,1,0,1,0,1,1,1,1,1,0,0,0,0,0,0,0,0,0,0,0,0
3.5691649602355,678,9,0,2,0.568312185490169,1,0,1,0,1,1,1,1,1,0,0,0,0,0,0,0,0,0,0,0,0
3.30422653110083,678,10,0,2,0.648721270700128,1,0,1,0,1,1,1,1,1,0,0,0,0,0,0,0,0,0,0,0,0
-0.225766525545227,679,1,0,1,0.01,0,0,0,1,1,0,0,0,1,0,0,0,0,0,0,0,0,0,0,0,0
0.331106753559319,679,2,0,1,0.01,0,0,0,1,1,0,0,0,1,0,0,0,0,0,0,0,0,0,0,0,0
0.381183801706541,679,3,0,1,0.01,0,0,0,1,1,0,0,0,1,0,0,0,0,0,0,0,0,0,0,0,0
-2.22040297997883,679,4,0,1,0.01,0,0,0,1,1,0,0,0,1,0,0,0,0,0,0,0,0,0,0,0,0
0.0868528942066676,679,5,0,1,0.01,0,0,0,1,1,0,0,0,1,0,0,0,0,0,0,0,0,0,0,0,0
0.667175923616083,679,6,0,1,0.01,0,0,0,1,1,0,0,0,1,0,0,0,0,0,0,0,0,0,0,0,0
-1.36367221462372,679,7,0,1,0.01,0,0,0,1,1,0,0,0,1,0,0,0,0,0,0,0,0,0,0,0,0
0.112934805636494,679,8,0,1,0.01,0,0,0,1,1,0,0,0,1,0,0,0,0,0,0,0,0,0,0,0,0
-0.228822850495845,679,9,0,1,0.01,0,0,0,1,1,0,0,0,1,0,0,0,0,0,0,0,0,0,0,0,0
0.144176970209171,679,10,0,1,0.01,0,0,0,1,1,0,0,0,1,0,0,0,0,0,0,0,0,0,0,0,0
-0.0657015495475038,680,1,0,3,0.127496851579376,0,0,0,1,0,0,0,1,0,1,0,0,0,0,0,0,0,0,0,0,0
2.75070041801468,680,2,0,3,0.271249150321405,0,0,0,1,0,0,0,1,0,1,0,0,0,0,0,0,0,0,0,0,0
3.97259455499038,680,3,0,3,0.43332941456034,0,0,0,1,0,0,0,1,0,1,0,0,0,0,0,1,0,0,0,0,0
3.01082908461756,680,4,0,3,0.616074402192893,0,0,0,1,0,0,0,1,0,1,0,0,0,0,1,0,0,0,0,0,0
4.73490903874523,680,5,0,3,0.822118800390509,0,0,0,1,0,0,0,1,0,1,0,0,0,1,0,0,0,0,0,0,0
5.93554088427154,680,6,0,3,1.05443321064389,0,0,0,1,0,0,0,1,0,1,0,0,1,0,0,0,0,0,0,0,0
4.58961626187413,680,7,0,3,1.31636697678109,0,0,0,1,0,0,0,1,0,1,0,1,0,0,0,0,0,0,0,0,0
7.26511056243674,680,8,0,3,1.61169647342312,0,0,0,1,0,0,0,1,0,1,1,0,0,0,0,0,0,0,0,0,0
11.449500425869,680,9,0,3,1.94467955106552,0,0,0,1,0,0,0,1,0,1,0,0,0,0,0,0,1,0,0,0,0
10.2595623580875,680,10,0,3,2.32011692273655,0,0,0,1,0,0,0,1,0,1,0,0,0,0,0,0,0,1,0,0,0
1.52698929341878,681,1,0,2,0.0512710963760241,0,1,1,1,1,1,0,1,1,0,0,0,0,0,0,0,0,0,0,0,0
1.2567722850823,681,2,0,2,0.105170918075648,0,1,1,1,1,1,0,1,1,0,0,0,0,0,0,1,0,0,0,0,0
0.195804579574908,681,3,0,2,0.161834242728283,0,1,1,1,1,1,0,1,1,0,0,0,0,0,1,0,0,0,0,0,0
0.830127995401769,681,4,0,2,0.22140275816017,0,1,1,1,1,1,0,1,1,0,0,0,0,1,0,0,0,0,0,0,0
2.57239159374296,681,5,0,2,0.284025416687741,0,1,1,1,1,1,0,1,1,0,0,0,1,0,0,0,0,0,0,0,0
2.15598607401656,681,6,0,2,0.349858807576003,0,1,1,1,1,1,0,1,1,0,0,1,0,0,0,0,0,0,0,0,0
2.59818810203281,681,7,0,2,0.419067548593257,0,1,1,1,1,1,0,1,1,0,1,0,0,0,0,0,0,0,0,0,0
2.30471818180024,681,8,0,2,0.49182469764127,0,1,1,1,1,1,0,1,1,0,0,0,0,0,0,0,1,0,0,0,0
2.46134563600058,681,9,0,2,0.568312185490169,0,1,1,1,1,1,0,1,1,0,0,0,0,0,0,0,0,1,0,0,0
1.54746748960282,681,10,0,2,0.648721270700128,0,1,1,1,1,1,0,1,1,0,0,0,0,0,0,0,0,0,1,0,0
-0.624826666963244,682,1,0,1,0.01,0,1,0,0,1,0,0,0,1,1,0,0,0,0,0,0,0,0,0,0,0
1.55424011022897,682,2,0,1,0.01,0,1,0,0,1,0,0,0,1,1,0,0,0,0,0,0,0,0,0,0,0
1.0833737665234,682,3,0,1,0.01,0,1,0,0,1,0,0,0,1,1,0,0,0,0,0,0,0,0,0,0,0
0.0269136666995606,682,4,0,1,0.01,0,1,0,0,1,0,0,0,1,1,0,0,0,0,0,0,0,0,0,0,0
-0.313225385957233,682,5,0,1,0.01,0,1,0,0,1,0,0,0,1,1,0,0,0,0,0,0,0,0,0,0,0
1.01598833891228,682,6,0,1,0.01,0,1,0,0,1,0,0,0,1,1,0,0,0,0,0,0,0,0,0,0,0
0.347824487500953,682,7,0,1,0.01,0,1,0,0,1,0,0,0,1,1,0,0,0,0,0,0,0,0,0,0,0
-0.563354389085187,682,8,0,1,0.01,0,1,0,0,1,0,0,0,1,1,0,0,0,0,0,0,0,0,0,0,0
0.451252243984022,682,9,0,1,0.01,0,1,0,0,1,0,0,0,1,1,0,0,0,0,0,0,0,0,0,0,0
0.408128946612279,682,10,0,1,0.01,0,1,0,0,1,0,0,0,1,1,0,0,0,0,0,0,0,0,0,0,0
-1.13703807353498,683,1,0,1,0.01,1,1,1,1,0,0,0,1,0,1,0,0,0,0,0,0,0,0,0,0,0
0.905743851860821,683,2,0,1,0.01,1,1,1,1,0,0,0,1,0,1,0,0,0,0,0,0,0,0,0,0,0
-1.93421867866757,683,3,0,1,0.01,1,1,1,1,0,0,0,1,0,1,0,0,0,0,0,0,0,0,0,0,0
-0.864861678349306,683,4,0,1,0.01,1,1,1,1,0,0,0,1,0,1,0,0,0,0,0,0,0,0,0,0,0
1.48673213360401,683,5,0,1,0.01,1,1,1,1,0,0,0,1,0,1,0,0,0,0,0,0,0,0,0,0,0
-0.105548768158489,683,6,0,1,0.01,1,1,1,1,0,0,0,1,0,1,0,0,0,0,0,0,0,0,0,0,0
1.40912777054184,683,7,0,1,0.01,1,1,1,1,0,0,0,1,0,1,0,0,0,0,0,0,0,0,0,0,0
1.23439613604554,683,8,0,1,0.01,1,1,1,1,0,0,0,1,0,1,0,0,0,0,0,0,0,0,0,0,0
0.555902070308737,683,9,0,1,0.01,1,1,1,1,0,0,0,1,0,1,0,0,0,0,0,0,0,0,0,0,0
-0.85163506240194,683,10,0,1,0.01,1,1,1,1,0,0,0,1,0,1,0,0,0,0,0,0,0,0,0,0,0
-0.0124373851116361,684,1,0,1,0.01,1,1,1,0,0,1,0,1,1,1,0,0,0,0,0,0,0,0,0,0,0
0.404089767657708,684,2,0,1,0.01,1,1,1,0,0,1,0,1,1,1,0,0,0,0,0,0,0,0,0,0,0
0.77063504298002,684,3,0,1,0.01,1,1,1,0,0,1,0,1,1,1,0,0,0,0,0,0,0,0,0,0,0
1.62508446367788,684,4,0,1,0.01,1,1,1,0,0,1,0,1,1,1,0,0,0,0,0,0,0,0,0,0,0
0.772009383924697,684,5,0,1,0.01,1,1,1,0,0,1,0,1,1,1,0,0,0,0,0,0,0,0,0,0,0
-0.643486476805879,684,6,0,1,0.01,1,1,1,0,0,1,0,1,1,1,0,0,0,0,0,0,0,0,0,0,0
-1.07069411311977,684,7,0,1,0.01,1,1,1,0,0,1,0,1,1,1,0,0,0,0,0,0,0,0,0,0,0
0.662792962174733,684,8,0,1,0.01,1,1,1,0,0,1,0,1,1,1,0,0,0,0,0,0,0,0,0,0,0
-0.209460871393101,684,9,0,1,0.01,1,1,1,0,0,1,0,1,1,1,0,0,0,0,0,0,0,0,0,0,0
0.178114400804712,684,10,0,1,0.01,1,1,1,0,0,1,0,1,1,1,0,0,0,0,0,0,0,0,0,0,0
0.266974046184459,685,1,0,1,0.01,1,0,1,1,1,1,1,1,0,1,0,0,0,1,0,0,0,0,0,0,0
0.303434935160053,685,2,0,1,0.01,1,0,1,1,1,1,1,1,0,1,0,0,1,0,0,0,0,0,0,0,0
0.502173014448259,685,3,0,1,0.01,1,0,1,1,1,1,1,1,0,1,0,1,0,0,0,0,0,0,0,0,0
1.31898154237483,685,4,0,1,0.01,1,0,1,1,1,1,1,1,0,1,1,0,0,0,0,0,0,0,0,0,0
1.28212491498625,685,5,0,1,0.01,1,0,1,1,1,1,1,1,0,1,0,0,0,0,0,0,1,0,0,0,0
-0.964449241326038,685,6,0,1,0.01,1,0,1,1,1,1,1,1,0,1,0,0,0,0,0,0,0,1,0,0,0
0.406865904173105,685,7,0,1,0.01,1,0,1,1,1,1,1,1,0,1,0,0,0,0,0,0,0,0,1,0,0
-0.886605084586832,685,8,0,1,0.01,1,0,1,1,1,1,1,1,0,1,0,0,0,0,0,0,0,0,0,1,0
0.32355230440573,685,9,0,1,0.01,1,0,1,1,1,1,1,1,0,1,0,0,0,0,0,0,0,0,0,0,1
-0.223742209166214,685,10,0,1,0.01,1,0,1,1,1,1,1,1,0,1,0,0,0,0,0,0,0,0,0,0,0
-1.97059007526133,686,1,0,1,0.01,1,1,1,0,0,1,0,1,0,1,0,0,0,0,0,0,0,0,0,0,0
-2.42470168161786,686,2,0,1,0.01,1,1,1,0,0,1,0,1,0,1,0,0,0,0,0,0,0,0,0,0,0
0.10327149367194,686,3,0,1,0.01,1,1,1,0,0,1,0,1,0,1,0,0,0,0,0,0,0,0,0,0,0
0.126980820749,686,4,0,1,0.01,1,1,1,0,0,1,0,1,0,1,0,0,0,0,0,0,0,0,0,0,0
1.10414750938696,686,5,0,1,0.01,1,1,1,0,0,1,0,1,0,1,0,0,0,0,0,0,0,0,0,0,0
0.886934262159043,686,6,0,1,0.01,1,1,1,0,0,1,0,1,0,1,0,0,0,0,0,0,0,0,0,0,0
1.40700723345983,686,7,0,1,0.01,1,1,1,0,0,1,0,1,0,1,0,0,0,0,0,0,0,0,0,0,0
0.354475843593545,686,8,0,1,0.01,1,1,1,0,0,1,0,1,0,1,0,0,0,0,0,0,0,0,0,0,0
0.186496188610062,686,9,0,1,0.01,1,1,1,0,0,1,0,1,0,1,0,0,0,0,0,0,0,0,0,0,0
-0.955067241042279,686,10,0,1,0.01,1,1,1,0,0,1,0,1,0,1,0,0,0,0,0,0,0,0,0,0,0
-1.66871917750864,687,1,0,2,0.0512710963760241,1,1,1,1,1,1,1,1,1,0,0,0,0,0,0,0,0,0,0,0,0
2.26003742726374,687,2,0,2,0.105170918075648,1,1,1,1,1,1,1,1,1,0,0,0,0,0,0,0,0,0,0,0,0
-1.37423657994208,687,3,0,2,0.161834242728283,1,1,1,1,1,1,1,1,1,0,0,0,0,0,0,0,0,0,0,0,0
0.935219325220156,687,4,0,2,0.22140275816017,1,1,1,1,1,1,1,1,1,0,0,0,0,0,0,0,0,0,0,0,0
2.43644235587656,687,5,0,2,0.284025416687741,1,1,1,1,1,1,1,1,1,0,0,0,0,0,0,0,0,0,0,0,0
2.37085644141537,687,6,0,2,0.349858807576003,1,1,1,1,1,1,1,1,1,0,0,0,0,0,0,0,0,0,0,0,0
4.46613064257698,687,7,0,2,0.419067548593257,1,1,1,1,1,1,1,1,1,0,0,0,0,0,0,0,0,0,0,0,0
2.51396893758771,687,8,0,2,0.49182469764127,1,1,1,1,1,1,1,1,1,0,0,0,0,0,0,0,0,0,0,0,0
2.27765565454374,687,9,0,2,0.568312185490169,1,1,1,1,1,1,1,1,1,0,0,0,0,0,0,0,0,0,0,0,0
4.74126742176102,687,10,0,2,0.648721270700128,1,1,1,1,1,1,1,1,1,0,0,0,0,0,0,0,0,0,0,0,0
-0.924087795524651,688,1,0,1,0.01,1,0,1,0,1,0,0,1,0,1,0,0,1,0,0,0,0,0,0,0,0
-2.19059562149859,688,2,0,1,0.01,1,0,1,0,1,0,0,1,0,1,0,1,0,0,0,0,0,0,0,0,0
1.60902350295592,688,3,0,1,0.01,1,0,1,0,1,0,0,1,0,1,1,0,0,0,0,0,0,0,0,0,0
-1.04587262454491,688,4,0,1,0.01,1,0,1,0,1,0,0,1,0,1,0,0,0,0,0,0,1,0,0,0,0
-0.345507407489291,688,5,0,1,0.01,1,0,1,0,1,0,0,1,0,1,0,0,0,0,0,0,0,1,0,0,0
-0.877839913885552,688,6,0,1,0.01,1,0,1,0,1,0,0,1,0,1,0,0,0,0,0,0,0,0,1,0,0
-0.254311937884238,688,7,0,1,0.01,1,0,1,0,1,0,0,1,0,1,0,0,0,0,0,0,0,0,0,1,0
-0.427927246717907,688,8,0,1,0.01,1,0,1,0,1,0,0,1,0,1,0,0,0,0,0,0,0,0,0,0,1
0.506959637786592,688,9,0,1,0.01,1,0,1,0,1,0,0,1,0,1,0,0,0,0,0,0,0,0,0,0,0
0.491027126624048,688,10,0,1,0.01,1,0,1,0,1,0,0,1,0,1,0,0,0,0,0,0,0,0,0,0,0
-0.756057036339611,689,1,0,2,0.0512710963760241,1,0,0,0,1,0,0,1,0,0,0,0,0,0,1,0,0,0,0,0,0
0.657783840147327,689,2,0,2,0.105170918075648,1,0,0,0,1,0,0,1,0,0,0,0,0,1,0,0,0,0,0,0,0
2.07264855479163,689,3,0,2,0.161834242728283,1,0,0,0,1,0,0,1,0,0,0,0,1,0,0,0,0,0,0,0,0
0.670668858179783,689,4,0,2,0.22140275816017,1,0,0,0,1,0,0,1,0,0,0,1,0,0,0,0,0,0,0,0,0
2.10398118394302,689,5,0,2,0.284025416687741,1,0,0,0,1,0,0,1,0,0,1,0,0,0,0,0,0,0,0,0,0
1.62825478167638,689,6,0,2,0.349858807576003,1,0,0,0,1,0,0,1,0,0,0,0,0,0,0,0,1,0,0,0,0
0.973611726528809,689,7,0,2,0.419067548593257,1,0,0,0,1,0,0,1,0,0,0,0,0,0,0,0,0,1,0,0,0
2.67010515271935,689,8,0,2,0.49182469764127,1,0,0,0,1,0,0,1,0,0,0,0,0,0,0,0,0,0,1,0,0
2.02972068802351,689,9,0,2,0.568312185490169,1,0,0,0,1,0,0,1,0,0,0,0,0,0,0,0,0,0,0,1,0
2.33859026635218,689,10,0,2,0.648721270700128,1,0,0,0,1,0,0,1,0,0,0,0,0,0,0,0,0,0,0,0,1
0.708624177673136,690,1,0,1,0.01,1,1,1,1,1,0,1,0,0,0,0,0,0,0,0,0,0,0,0,0,0
-0.450701135729789,690,2,0,1,0.01,1,1,1,1,1,0,1,0,0,0,0,0,0,0,0,0,0,0,0,0,0
0.198520567334581,690,3,0,1,0.01,1,1,1,1,1,0,1,0,0,0,0,0,0,0,0,0,0,0,0,0,0
1.36566972918257,690,4,0,1,0.01,1,1,1,1,1,0,1,0,0,0,0,0,0,0,0,0,0,0,0,0,0
0.291255013776996,690,5,0,1,0.01,1,1,1,1,1,0,1,0,0,0,0,0,0,0,0,0,0,0,0,0,0
-1.14117729349365,690,6,0,1,0.01,1,1,1,1,1,0,1,0,0,0,0,0,0,0,0,0,0,0,0,0,0
0.722562658153586,690,7,0,1,0.01,1,1,1,1,1,0,1,0,0,0,0,0,0,0,0,0,0,0,0,0,0
-0.199301062725825,690,8,0,1,0.01,1,1,1,1,1,0,1,0,0,0,0,0,0,0,0,0,0,0,0,0,0
0.862724445321969,690,9,0,1,0.01,1,1,1,1,1,0,1,0,0,0,0,0,0,0,0,0,0,0,0,0,0
0.504622431737093,690,10,0,1,0.01,1,1,1,1,1,0,1,0,0,0,0,0,0,0,0,0,0,0,0,0,0
0.0797520350015647,691,1,0,1,0.01,1,1,1,1,1,1,0,0,0,0,0,0,0,1,0,0,0,0,0,0,0
1.27462817430746,691,2,0,1,0.01,1,1,1,1,1,1,0,0,0,0,0,0,1,0,0,0,0,0,0,0,0
0.377935353921833,691,3,0,1,0.01,1,1,1,1,1,1,0,0,0,0,0,1,0,0,0,0,0,0,0,0,0
1.58274737038967,691,4,0,1,0.01,1,1,1,1,1,1,0,0,0,0,1,0,0,0,0,0,0,0,0,0,0
-1.493664816552,691,5,0,1,0.01,1,1,1,1,1,1,0,0,0,0,0,0,0,0,0,0,1,0,0,0,0
0.502969185820906,691,6,0,1,0.01,1,1,1,1,1,1,0,0,0,0,0,0,0,0,0,0,0,1,0,0,0
-0.221646917250915,691,7,0,1,0.01,1,1,1,1,1,1,0,0,0,0,0,0,0,0,0,0,0,0,1,0,0
-0.960554104429898,691,8,0,1,0.01,1,1,1,1,1,1,0,0,0,0,0,0,0,0,0,0,0,0,0,1,0
-0.820463926533503,691,9,0,1,0.01,1,1,1,1,1,1,0,0,0,0,0,0,0,0,0,0,0,0,0,0,1
-1.61722374347281,691,10,0,1,0.01,1,1,1,1,1,1,0,0,0,0,0,0,0,0,0,0,0,0,0,0,0
1.08430458578848,692,1,0,2,0.0512710963760241,1,1,1,0,0,1,1,0,1,0,0,0,0,0,0,0,0,0,0,0,0
2.1827313681642,692,2,0,2,0.105170918075648,1,1,1,0,0,1,1,0,1,0,0,0,0,0,0,0,0,0,0,0,0
2.31735293773186,692,3,0,2,0.161834242728283,1,1,1,0,0,1,1,0,1,0,0,0,0,0,0,0,0,0,0,0,0
1.06586508224056,692,4,0,2,0.22140275816017,1,1,1,0,0,1,1,0,1,0,0,0,0,0,0,0,0,0,0,0,0
1.50304862109563,692,5,0,2,0.284025416687741,1,1,1,0,0,1,1,0,1,0,0,0,0,0,0,0,0,0,0,0,0
2.53220927015671,692,6,0,2,0.349858807576003,1,1,1,0,0,1,1,0,1,0,0,0,0,0,0,0,0,0,0,0,0
2.71082058085886,692,7,0,2,0.419067548593257,1,1,1,0,0,1,1,0,1,0,0,0,0,0,0,0,0,0,0,0,0
3.1969564021707,692,8,0,2,0.49182469764127,1,1,1,0,0,1,1,0,1,0,0,0,0,0,0,0,0,0,0,0,0
2.25497338578734,692,9,0,2,0.568312185490169,1,1,1,0,0,1,1,0,1,0,0,0,0,0,0,0,0,0,0,0,0
4.20825013260359,692,10,0,2,0.648721270700128,1,1,1,0,0,1,1,0,1,0,0,0,0,0,0,0,0,0,0,0,0
1.04132749586902,693,1,0,2,0.0512710963760241,0,0,0,1,0,0,1,1,0,1,0,0,0,0,0,0,0,0,0,0,0
-0.365180452175032,693,2,0,2,0.105170918075648,0,0,0,1,0,0,1,1,0,1,0,0,0,0,0,0,0,0,0,0,0
1.41182016439527,693,3,0,2,0.161834242728283,0,0,0,1,0,0,1,1,0,1,0,0,0,0,0,0,0,0,0,0,0
1.68947705324969,693,4,0,2,0.22140275816017,0,0,0,1,0,0,1,1,0,1,0,0,0,0,0,0,0,0,0,0,0
3.25471014925417,693,5,0,2,0.284025416687741,0,0,0,1,0,0,1,1,0,1,0,0,0,0,0,0,0,0,0,0,0
1.78622490658833,693,6,0,2,0.349858807576003,0,0,0,1,0,0,1,1,0,1,0,0,0,0,0,0,0,0,0,0,0
1.605296220199,693,7,0,2,0.419067548593257,0,0,0,1,0,0,1,1,0,1,0,0,0,0,0,0,0,0,0,0,0
1.65086242007701,693,8,0,2,0.49182469764127,0,0,0,1,0,0,1,1,0,1,0,0,0,0,0,0,0,0,0,0,0
1.48581783295405,693,9,0,2,0.568312185490169,0,0,0,1,0,0,1,1,0,1,0,0,0,0,0,0,0,0,0,0,0
2.599086784031,693,10,0,2,0.648721270700128,0,0,0,1,0,0,1,1,0,1,0,0,0,0,0,0,0,0,0,0,0
0.835490307022867,694,1,0,3,0.127496851579376,1,1,1,0,1,1,0,1,0,0,0,0,0,0,0,0,0,0,0,0,0
1.43648968750973,694,2,0,3,0.271249150321405,1,1,1,0,1,1,0,1,0,0,0,0,0,0,0,0,0,0,0,0,0
2.93899044278333,694,3,0,3,0.43332941456034,1,1,1,0,1,1,0,1,0,0,0,0,0,0,0,0,0,0,0,0,0
2.08687152853455,694,4,0,3,0.616074402192893,1,1,1,0,1,1,0,1,0,0,0,0,0,0,0,0,0,0,0,0,0
6.32904899694651,694,5,0,3,0.822118800390509,1,1,1,0,1,1,0,1,0,0,0,0,0,0,0,0,0,0,0,0,0
7.23364890079338,694,6,0,3,1.05443321064389,1,1,1,0,1,1,0,1,0,0,0,0,0,0,0,0,0,0,0,0,0
6.23928512514494,694,7,0,3,1.31636697678109,1,1,1,0,1,1,0,1,0,0,0,0,0,0,0,0,0,0,0,0,0
7.25585015848547,694,8,0,3,1.61169647342312,1,1,1,0,1,1,0,1,0,0,0,0,0,0,0,0,0,0,0,0,0
9.28101850302299,694,9,0,3,1.94467955106552,1,1,1,0,1,1,0,1,0,0,0,0,0,0,0,0,0,0,0,0,0
11.8698133126113,694,10,0,3,2.32011692273655,1,1,1,0,1,1,0,1,0,0,0,0,0,0,0,0,0,0,0,0,0
-1.69826275609852,695,1,0,2,0.0512710963760241,1,0,1,1,1,1,1,1,1,0,0,0,0,0,0,0,0,0,0,0,0
0.458228987457933,695,2,0,2,0.105170918075648,1,0,1,1,1,1,1,1,1,0,0,0,0,0,0,0,0,0,0,0,0
1.47365959249871,695,3,0,2,0.161834242728283,1,0,1,1,1,1,1,1,1,0,0,0,0,0,0,0,0,0,0,0,0
1.16048982165475,695,4,0,2,0.22140275816017,1,0,1,1,1,1,1,1,1,0,0,0,0,0,0,0,0,0,0,0,0
0.346909576616737,695,5,0,2,0.284025416687741,1,0,1,1,1,1,1,1,1,0,0,0,0,0,0,0,0,0,0,0,0
2.34417040892791,695,6,0,2,0.349858807576003,1,0,1,1,1,1,1,1,1,0,0,0,0,0,0,0,0,0,0,0,0
3.68257504216205,695,7,0,2,0.419067548593257,1,0,1,1,1,1,1,1,1,0,0,0,0,0,0,0,0,0,0,0,0
2.43308038052648,695,8,0,2,0.49182469764127,1,0,1,1,1,1,1,1,1,0,0,0,0,0,0,0,0,0,0,0,0
3.94332559438629,695,9,0,2,0.568312185490169,1,0,1,1,1,1,1,1,1,0,0,0,0,0,0,0,0,0,0,0,0
2.63918694813333,695,10,0,2,0.648721270700128,1,0,1,1,1,1,1,1,1,0,0,0,0,0,0,0,0,0,0,0,0
0.398531331445671,696,1,0,3,0.127496851579376,1,0,0,1,1,0,1,0,0,0,0,0,0,0,0,0,0,0,0,0,0
0.847385175308939,696,2,0,3,0.271249150321405,1,0,0,1,1,0,1,0,0,0,0,0,0,0,0,0,0,0,0,0,0
1.45357418008006,696,3,0,3,0.43332941456034,1,0,0,1,1,0,1,0,0,0,0,0,0,0,0,0,0,0,0,0,0
3.20366125475375,696,4,0,3,0.616074402192893,1,0,0,1,1,0,1,0,0,0,0,0,0,0,0,0,0,0,0,0,0
4.58392602489186,696,5,0,3,0.822118800390509,1,0,0,1,1,0,1,0,0,0,0,0,0,0,0,1,0,0,0,0,0
4.50653626038854,696,6,0,3,1.05443321064389,1,0,0,1,1,0,1,0,0,0,0,0,0,0,1,0,0,0,0,0,0
6.85917931868553,696,7,0,3,1.31636697678109,1,0,0,1,1,0,1,0,0,0,0,0,0,1,0,0,0,0,0,0,0
7.84071795261053,696,8,0,3,1.61169647342312,1,0,0,1,1,0,1,0,0,0,0,0,1,0,0,0,0,0,0,0,0
9.00861191720406,696,9,0,3,1.94467955106552,1,0,0,1,1,0,1,0,0,0,0,1,0,0,0,0,0,0,0,0,0
10.8797443356777,696,10,0,3,2.32011692273655,1,0,0,1,1,0,1,0,0,0,1,0,0,0,0,0,0,0,0,0,0
0.144916991722576,697,1,0,2,0.0512710963760241,1,0,0,0,0,1,1,1,0,1,0,0,0,0,0,0,0,0,0,0,0
-0.748660165960102,697,2,0,2,0.105170918075648,1,0,0,0,0,1,1,1,0,1,0,0,0,0,0,0,0,0,0,0,0
0.995391480045099,697,3,0,2,0.161834242728283,1,0,0,0,0,1,1,1,0,1,0,0,0,0,0,0,0,0,0,0,0
0.368822721634864,697,4,0,2,0.22140275816017,1,0,0,0,0,1,1,1,0,1,0,0,0,0,0,0,0,0,0,0,0
2.85304066319303,697,5,0,2,0.284025416687741,1,0,0,0,0,1,1,1,0,1,0,0,0,0,0,0,0,0,0,0,0
2.01044956541721,697,6,0,2,0.349858807576003,1,0,0,0,0,1,1,1,0,1,0,0,0,0,0,0,0,0,0,0,0
0.159399334671318,697,7,0,2,0.419067548593257,1,0,0,0,0,1,1,1,0,1,0,0,0,0,0,0,0,0,0,0,0
4.02334225952618,697,8,0,2,0.49182469764127,1,0,0,0,0,1,1,1,0,1,0,0,0,0,0,0,0,0,0,0,0
2.83713767213631,697,9,0,2,0.568312185490169,1,0,0,0,0,1,1,1,0,1,0,0,0,0,0,0,0,0,0,0,0
2.56016381533738,697,10,0,2,0.648721270700128,1,0,0,0,0,1,1,1,0,1,0,0,0,0,0,0,0,0,0,0,0
0.826361765527629,698,1,0,2,0.0512710963760241,0,1,1,1,0,1,0,0,0,1,0,0,0,0,0,0,0,0,0,0,0
-1.46807119804389,698,2,0,2,0.105170918075648,0,1,1,1,0,1,0,0,0,1,0,0,0,0,0,1,0,0,0,0,0
1.26724516621692,698,3,0,2,0.161834242728283,0,1,1,1,0,1,0,0,0,1,0,0,0,0,1,0,0,0,0,0,0
1.28938013385517,698,4,0,2,0.22140275816017,0,1,1,1,0,1,0,0,0,1,0,0,0,1,0,0,0,0,0,0,0
1.43319372767222,698,5,0,2,0.284025416687741,0,1,1,1,0,1,0,0,0,1,0,0,1,0,0,0,0,0,0,0,0
-0.40469369630531,698,6,0,2,0.349858807576003,0,1,1,1,0,1,0,0,0,1,0,1,0,0,0,0,0,0,0,0,0
2.08685912614457,698,7,0,2,0.419067548593257,0,1,1,1,0,1,0,0,0,1,1,0,0,0,0,0,0,0,0,0,0
3.78918093975269,698,8,0,2,0.49182469764127,0,1,1,1,0,1,0,0,0,1,0,0,0,0,0,0,1,0,0,0,0
2.11333129750252,698,9,0,2,0.568312185490169,0,1,1,1,0,1,0,0,0,1,0,0,0,0,0,0,0,1,0,0,0
4.882372664424,698,10,0,2,0.648721270700128,0,1,1,1,0,1,0,0,0,1,0,0,0,0,0,0,0,0,1,0,0
-0.261703573403263,699,1,0,2,0.0512710963760241,1,1,0,0,0,0,0,0,0,1,0,0,0,0,0,0,0,0,0,0,0
1.38672667782783,699,2,0,2,0.105170918075648,1,1,0,0,0,0,0,0,0,1,0,0,0,0,0,0,0,0,0,0,0
2.11084664279697,699,3,0,2,0.161834242728283,1,1,0,0,0,0,0,0,0,1,0,0,0,0,0,0,0,0,0,0,0
1.28551023556054,699,4,0,2,0.22140275816017,1,1,0,0,0,0,0,0,0,1,0,0,0,0,0,0,0,0,0,0,0
2.71199373449506,699,5,0,2,0.284025416687741,1,1,0,0,0,0,0,0,0,1,0,0,0,0,0,0,0,0,0,0,0
2.90001528853478,699,6,0,2,0.349858807576003,1,1,0,0,0,0,0,0,0,1,0,0,0,0,0,0,0,0,0,0,0
2.33289315967778,699,7,0,2,0.419067548593257,1,1,0,0,0,0,0,0,0,1,0,0,0,0,0,0,0,0,0,0,0
0.694901834300214,699,8,0,2,0.49182469764127,1,1,0,0,0,0,0,0,0,1,0,0,0,0,0,0,0,0,0,0,0
2.25251155560242,699,9,0,2,0.568312185490169,1,1,0,0,0,0,0,0,0,1,0,0,0,0,0,0,0,0,0,0,0
1.83172761626656,699,10,0,2,0.648721270700128,1,1,0,0,0,0,0,0,0,1,0,0,0,0,0,0,0,0,0,0,0
-0.600964647274777,700,1,0,1,0.01,0,0,0,1,1,0,0,1,0,1,0,0,0,0,0,0,0,0,0,0,0
-0.20413356110914,700,2,0,1,0.01,0,0,0,1,1,0,0,1,0,1,0,0,0,0,0,0,0,0,0,0,0
-0.0213040819310618,700,3,0,1,0.01,0,0,0,1,1,0,0,1,0,1,0,0,0,0,0,0,0,0,0,0,0
-0.157671116595469,700,4,0,1,0.01,0,0,0,1,1,0,0,1,0,1,0,0,0,0,0,0,0,0,0,0,0
1.01109962181694,700,5,0,1,0.01,0,0,0,1,1,0,0,1,0,1,0,0,0,0,0,0,0,0,0,0,0
0.339234070647046,700,6,0,1,0.01,0,0,0,1,1,0,0,1,0,1,0,0,0,0,0,0,0,0,0,0,0
-2.09332002877986,700,7,0,1,0.01,0,0,0,1,1,0,0,1,0,1,0,0,0,0,0,0,0,0,0,0,0
-0.862590873967293,700,8,0,1,0.01,0,0,0,1,1,0,0,1,0,1,0,0,0,0,0,0,0,0,0,0,0
0.270840775305649,700,9,0,1,0.01,0,0,0,1,1,0,0,1,0,1,0,0,0,0,0,0,0,0,0,0,0
0.845534333278743,700,10,0,1,0.01,0,0,0,1,1,0,0,1,0,1,0,0,0,0,0,0,0,0,0,0,0
-0.777256597065739,701,1,0,2,0.0512710963760241,1,1,1,1,1,1,1,0,0,1,0,0,0,0,0,0,0,0,0,0,0
2.08129242866228,701,2,0,2,0.105170918075648,1,1,1,1,1,1,1,0,0,1,0,0,0,0,0,0,0,0,0,0,0
1.89493785335636,701,3,0,2,0.161834242728283,1,1,1,1,1,1,1,0,0,1,0,0,0,0,0,0,0,0,0,0,0
0.662184914233185,701,4,0,2,0.22140275816017,1,1,1,1,1,1,1,0,0,1,0,0,0,0,0,0,0,0,0,0,0
2.00476860278135,701,5,0,2,0.284025416687741,1,1,1,1,1,1,1,0,0,1,0,0,0,0,0,1,0,0,0,0,0
3.65171783174967,701,6,0,2,0.349858807576003,1,1,1,1,1,1,1,0,0,1,0,0,0,0,1,0,0,0,0,0,0
1.57485395284768,701,7,0,2,0.419067548593257,1,1,1,1,1,1,1,0,0,1,0,0,0,1,0,0,0,0,0,0,0
2.68927154732741,701,8,0,2,0.49182469764127,1,1,1,1,1,1,1,0,0,1,0,0,1,0,0,0,0,0,0,0,0
3.67752923158791,701,9,0,2,0.568312185490169,1,1,1,1,1,1,1,0,0,1,0,1,0,0,0,0,0,0,0,0,0
2.88232055498815,701,10,0,2,0.648721270700128,1,1,1,1,1,1,1,0,0,1,1,0,0,0,0,0,0,0,0,0,0
-1.10297183968905,702,1,0,2,0.0512710963760241,0,0,0,1,0,1,0,1,1,1,0,0,0,0,0,0,0,0,0,0,0
-1.04455876039073,702,2,0,2,0.105170918075648,0,0,0,1,0,1,0,1,1,1,0,0,0,0,0,0,0,0,0,0,0
2.09964121321185,702,3,0,2,0.161834242728283,0,0,0,1,0,1,0,1,1,1,0,0,0,0,0,0,0,0,0,0,0
-0.109799585259556,702,4,0,2,0.22140275816017,0,0,0,1,0,1,0,1,1,1,0,0,0,0,0,0,0,0,0,0,0
-0.612558305329113,702,5,0,2,0.284025416687741,0,0,0,1,0,1,0,1,1,1,0,0,0,0,0,0,0,0,0,0,0
2.90278167874515,702,6,0,2,0.349858807576003,0,0,0,1,0,1,0,1,1,1,0,0,0,0,0,0,0,0,0,0,0
2.80056747583007,702,7,0,2,0.419067548593257,0,0,0,1,0,1,0,1,1,1,0,0,0,0,0,0,0,0,0,0,0
2.84657668006276,702,8,0,2,0.49182469764127,0,0,0,1,0,1,0,1,1,1,0,0,0,0,0,0,0,0,0,0,0
1.61883694295759,702,9,0,2,0.568312185490169,0,0,0,1,0,1,0,1,1,1,0,0,0,0,0,0,0,0,0,0,0
2.94927041779501,702,10,0,2,0.648721270700128,0,0,0,1,0,1,0,1,1,1,0,0,0,0,0,0,0,0,0,0,0
-1.65921340320644,703,1,0,1,0.01,0,1,1,0,0,1,0,0,1,0,0,0,0,0,0,0,0,0,0,0,0
0.542822588318557,703,2,0,1,0.01,0,1,1,0,0,1,0,0,1,0,0,0,0,0,0,0,0,0,0,0,0
-1.768425381358,703,3,0,1,0.01,0,1,1,0,0,1,0,0,1,0,0,0,0,0,0,0,0,0,0,0,0
0.0381562909480229,703,4,0,1,0.01,0,1,1,0,0,1,0,0,1,0,0,0,0,0,0,0,0,0,0,0,0
0.240712742481329,703,5,0,1,0.01,0,1,1,0,0,1,0,0,1,0,0,0,0,0,0,0,0,0,0,0,0
0.142742511599792,703,6,0,1,0.01,0,1,1,0,0,1,0,0,1,0,0,0,0,0,0,0,0,0,0,0,0
1.82559260477787,703,7,0,1,0.01,0,1,1,0,0,1,0,0,1,0,0,0,0,0,0,0,0,0,0,0,0
0.787794453673904,703,8,0,1,0.01,0,1,1,0,0,1,0,0,1,0,0,0,0,0,0,0,0,0,0,0,0
-0.0774050542123596,703,9,0,1,0.01,0,1,1,0,0,1,0,0,1,0,0,0,0,0,0,0,0,0,0,0,0
-0.338844031380533,703,10,0,1,0.01,0,1,1,0,0,1,0,0,1,0,0,0,0,0,0,0,0,0,0,0,0
0.412148139281356,704,1,0,2,0.0512710963760241,0,0,0,1,1,0,0,1,1,1,0,0,0,0,0,0,0,0,0,0,0
-0.131414301011224,704,2,0,2,0.105170918075648,0,0,0,1,1,0,0,1,1,1,0,0,0,0,0,0,0,0,0,0,0
2.71817544977218,704,3,0,2,0.161834242728283,0,0,0,1,1,0,0,1,1,1,0,0,0,0,0,0,0,0,0,0,0
-1.25913844095274,704,4,0,2,0.22140275816017,0,0,0,1,1,0,0,1,1,1,0,0,0,0,0,1,0,0,0,0,0
2.12637546708181,704,5,0,2,0.284025416687741,0,0,0,1,1,0,0,1,1,1,0,0,0,0,1,0,0,0,0,0,0
1.28429212899151,704,6,0,2,0.349858807576003,0,0,0,1,1,0,0,1,1,1,0,0,0,1,0,0,0,0,0,0,0
1.18607705436652,704,7,0,2,0.419067548593257,0,0,0,1,1,0,0,1,1,1,0,0,1,0,0,0,0,0,0,0,0
2.60617655552975,704,8,0,2,0.49182469764127,0,0,0,1,1,0,0,1,1,1,0,1,0,0,0,0,0,0,0,0,0
4.4280901216333,704,9,0,2,0.568312185490169,0,0,0,1,1,0,0,1,1,1,1,0,0,0,0,0,0,0,0,0,0
0.534554253362593,704,10,0,2,0.648721270700128,0,0,0,1,1,0,0,1,1,1,0,0,0,0,0,0,1,0,0,0,0
-0.413182490622552,705,1,0,1,0.01,0,1,1,0,1,1,1,0,1,1,0,0,0,0,0,0,0,0,0,0,0
-0.639555868429693,705,2,0,1,0.01,0,1,1,0,1,1,1,0,1,1,0,0,0,0,0,0,0,0,0,0,0
-0.605906852129818,705,3,0,1,0.01,0,1,1,0,1,1,1,0,1,1,0,0,0,0,0,0,0,0,0,0,0
1.11106596332028,705,4,0,1,0.01,0,1,1,0,1,1,1,0,1,1,0,0,0,0,0,0,0,0,0,0,0
-0.735318635471567,705,5,0,1,0.01,0,1,1,0,1,1,1,0,1,1,0,0,0,0,0,0,0,0,0,0,0
-0.358638696947286,705,6,0,1,0.01,0,1,1,0,1,1,1,0,1,1,0,0,0,0,0,0,0,0,0,0,0
0.405354422552387,705,7,0,1,0.01,0,1,1,0,1,1,1,0,1,1,0,0,0,0,0,0,0,0,0,0,0
-1.53206552901811,705,8,0,1,0.01,0,1,1,0,1,1,1,0,1,1,0,0,0,0,0,0,0,0,0,0,0
0.228078917358762,705,9,0,1,0.01,0,1,1,0,1,1,1,0,1,1,0,0,0,0,0,0,0,0,0,0,0
0.384076515604679,705,10,0,1,0.01,0,1,1,0,1,1,1,0,1,1,0,0,0,0,0,0,0,0,0,0,0
1.08861898563884,706,1,0,1,0.01,1,1,1,0,1,1,0,1,1,0,0,0,0,0,0,0,0,0,0,0,0
-0.118123676926689,706,2,0,1,0.01,1,1,1,0,1,1,0,1,1,0,0,0,0,0,0,0,0,0,0,0,0
0.630186295516382,706,3,0,1,0.01,1,1,1,0,1,1,0,1,1,0,0,0,0,0,0,0,0,0,0,0,0
-0.812487761190642,706,4,0,1,0.01,1,1,1,0,1,1,0,1,1,0,0,0,0,0,0,0,0,0,0,0,0
0.115127055534655,706,5,0,1,0.01,1,1,1,0,1,1,0,1,1,0,0,0,0,0,0,0,0,0,0,0,0
-0.387267592742554,706,6,0,1,0.01,1,1,1,0,1,1,0,1,1,0,0,0,0,0,0,0,0,0,0,0,0
-1.62838162581216,706,7,0,1,0.01,1,1,1,0,1,1,0,1,1,0,0,0,0,0,0,0,0,0,0,0,0
-0.543287481843051,706,8,0,1,0.01,1,1,1,0,1,1,0,1,1,0,0,0,0,0,0,0,0,0,0,0,0
1.05780709315298,706,9,0,1,0.01,1,1,1,0,1,1,0,1,1,0,0,0,0,0,0,0,0,0,0,0,0
-1.62314846400331,706,10,0,1,0.01,1,1,1,0,1,1,0,1,1,0,0,0,0,0,0,0,0,0,0,0,0
-0.125356817688277,707,1,0,1,0.01,0,1,0,0,1,0,0,1,0,0,0,0,0,0,0,0,0,0,0,0,0
1.0130887146799,707,2,0,1,0.01,0,1,0,0,1,0,0,1,0,0,0,0,0,0,0,0,0,0,0,0,0
0.878102988709939,707,3,0,1,0.01,0,1,0,0,1,0,0,1,0,0,0,0,0,0,0,0,0,0,0,0,0
1.15523638960846,707,4,0,1,0.01,0,1,0,0,1,0,0,1,0,0,0,0,0,0,0,0,0,0,0,0,0
1.02826769013856,707,5,0,1,0.01,0,1,0,0,1,0,0,1,0,0,0,0,0,0,0,0,0,0,0,0,0
-0.302543557331673,707,6,0,1,0.01,0,1,0,0,1,0,0,1,0,0,0,0,0,0,0,0,0,0,0,0,0
-0.00235914760523326,707,7,0,1,0.01,0,1,0,0,1,0,0,1,0,0,0,0,0,0,0,0,0,0,0,0,0
0.573583781243711,707,8,0,1,0.01,0,1,0,0,1,0,0,1,0,0,0,0,0,0,0,0,0,0,0,0,0
0.1377583738322,707,9,0,1,0.01,0,1,0,0,1,0,0,1,0,0,0,0,0,0,0,0,0,0,0,0,0
-0.516576766987484,707,10,0,1,0.01,0,1,0,0,1,0,0,1,0,0,0,0,0,0,0,0,0,0,0,0,0
-0.491991980586855,708,1,0,2,0.0512710963760241,1,0,0,0,0,1,0,1,0,0,0,0,0,0,0,0,0,0,0,0,0
-0.777379540256375,708,2,0,2,0.105170918075648,1,0,0,0,0,1,0,1,0,0,0,0,0,0,0,0,0,0,0,0,0
0.95839412868601,708,3,0,2,0.161834242728283,1,0,0,0,0,1,0,1,0,0,0,0,0,0,0,0,0,0,0,0,0
0.976306593497509,708,4,0,2,0.22140275816017,1,0,0,0,0,1,0,1,0,0,0,0,0,0,0,0,0,0,0,0,0
2.06414999332709,708,5,0,2,0.284025416687741,1,0,0,0,0,1,0,1,0,0,0,0,0,0,0,0,0,0,0,0,0
1.10811453370056,708,6,0,2,0.349858807576003,1,0,0,0,0,1,0,1,0,0,0,0,0,0,0,0,0,0,0,0,0
2.03159537515419,708,7,0,2,0.419067548593257,1,0,0,0,0,1,0,1,0,0,0,0,0,0,0,0,0,0,0,0,0
2.57333659601573,708,8,0,2,0.49182469764127,1,0,0,0,0,1,0,1,0,0,0,0,0,0,0,0,0,0,0,0,0
2.53680732096208,708,9,0,2,0.568312185490169,1,0,0,0,0,1,0,1,0,0,0,0,0,0,0,0,0,0,0,0,0
2.83171386431718,708,10,0,2,0.648721270700128,1,0,0,0,0,1,0,1,0,0,0,0,0,0,0,0,0,0,0,0,0
3.90053762008237,709,1,0,1,0.01,0,1,1,0,1,0,1,0,0,0,0,0,0,0,0,0,0,0,0,0,0
0.273909309664069,709,2,0,1,0.01,0,1,1,0,1,0,1,0,0,0,0,0,0,0,0,0,0,0,0,0,0
1.66351710185472,709,3,0,1,0.01,0,1,1,0,1,0,1,0,0,0,0,0,0,0,0,0,0,0,0,0,0
-0.167369284542846,709,4,0,1,0.01,0,1,1,0,1,0,1,0,0,0,0,0,0,0,0,0,0,0,0,0,0
-0.054537334199505,709,5,0,1,0.01,0,1,1,0,1,0,1,0,0,0,0,0,0,0,0,0,0,0,0,0,0
1.82888951495931,709,6,0,1,0.01,0,1,1,0,1,0,1,0,0,0,0,0,0,0,0,0,0,0,0,0,0
0.199952340683359,709,7,0,1,0.01,0,1,1,0,1,0,1,0,0,0,0,0,0,0,0,0,0,0,0,0,0
0.774511606695241,709,8,0,1,0.01,0,1,1,0,1,0,1,0,0,0,0,0,0,0,0,0,0,0,0,0,0
-0.664690473389681,709,9,0,1,0.01,0,1,1,0,1,0,1,0,0,0,0,0,0,0,0,0,0,0,0,0,0
-0.0341242944596731,709,10,0,1,0.01,0,1,1,0,1,0,1,0,0,0,0,0,0,0,0,0,0,0,0,0,0
1.62625151670339,710,1,0,3,0.127496851579376,1,1,0,1,1,1,1,0,1,1,0,0,1,0,0,0,0,0,0,0,0
0.736817282808556,710,2,0,3,0.271249150321405,1,1,0,1,1,1,1,0,1,1,0,1,0,0,0,0,0,0,0,0,0
2.02079079428729,710,3,0,3,0.43332941456034,1,1,0,1,1,1,1,0,1,1,1,0,0,0,0,0,0,0,0,0,0
2.10635737946646,710,4,0,3,0.616074402192893,1,1,0,1,1,1,1,0,1,1,0,0,0,0,0,0,1,0,0,0,0
3.72476356171703,710,5,0,3,0.822118800390509,1,1,0,1,1,1,1,0,1,1,0,0,0,0,0,0,0,1,0,0,0
4.69576948668259,710,6,0,3,1.05443321064389,1,1,0,1,1,1,1,0,1,1,0,0,0,0,0,0,0,0,1,0,0
5.22274012620833,710,7,0,3,1.31636697678109,1,1,0,1,1,1,1,0,1,1,0,0,0,0,0,0,0,0,0,1,0
10.3524786312221,710,8,0,3,1.61169647342312,1,1,0,1,1,1,1,0,1,1,0,0,0,0,0,0,0,0,0,0,1
9.75207749157314,710,9,0,3,1.94467955106552,1,1,0,1,1,1,1,0,1,1,0,0,0,0,0,0,0,0,0,0,0
11.2594503429045,710,10,0,3,2.32011692273655,1,1,0,1,1,1,1,0,1,1,0,0,0,0,0,0,0,0,0,0,0
-0.307476767730101,711,1,0,1,0.01,0,1,1,1,0,1,0,1,1,1,0,0,0,0,0,0,0,0,0,0,0
0.57016428681598,711,2,0,1,0.01,0,1,1,1,0,1,0,1,1,1,0,0,0,0,0,0,0,0,0,0,0
1.74235988566474,711,3,0,1,0.01,0,1,1,1,0,1,0,1,1,1,0,0,0,0,0,0,0,0,0,0,0
0.653578756984297,711,4,0,1,0.01,0,1,1,1,0,1,0,1,1,1,0,0,0,0,0,0,0,0,0,0,0
-0.806855524059094,711,5,0,1,0.01,0,1,1,1,0,1,0,1,1,1,0,0,0,0,0,0,0,0,0,0,0
-0.892654638888694,711,6,0,1,0.01,0,1,1,1,0,1,0,1,1,1,0,0,0,0,0,0,0,0,0,0,0
-0.245463899784858,711,7,0,1,0.01,0,1,1,1,0,1,0,1,1,1,0,0,0,0,0,0,0,0,0,0,0
0.739266023091135,711,8,0,1,0.01,0,1,1,1,0,1,0,1,1,1,0,0,0,0,0,0,0,0,0,0,0
-1.40274768941243,711,9,0,1,0.01,0,1,1,1,0,1,0,1,1,1,0,0,0,0,0,0,0,0,0,0,0
1.64780603203736,711,10,0,1,0.01,0,1,1,1,0,1,0,1,1,1,0,0,0,0,0,0,0,0,0,0,0
-0.513530225969069,712,1,0,1,0.01,0,1,0,1,1,1,0,0,0,1,0,0,0,0,0,0,0,0,0,0,0
0.0196759739617917,712,2,0,1,0.01,0,1,0,1,1,1,0,0,0,1,0,0,0,0,0,0,0,0,0,0,0
-0.336983465717366,712,3,0,1,0.01,0,1,0,1,1,1,0,0,0,1,0,0,0,0,0,0,0,0,0,0,0
0.761182284366189,712,4,0,1,0.01,0,1,0,1,1,1,0,0,0,1,0,0,0,0,0,0,0,0,0,0,0
-0.590942061012695,712,5,0,1,0.01,0,1,0,1,1,1,0,0,0,1,0,0,0,0,0,0,0,0,0,0,0
0.404399579197522,712,6,0,1,0.01,0,1,0,1,1,1,0,0,0,1,0,0,0,0,0,0,0,0,0,0,0
-0.316342961824715,712,7,0,1,0.01,0,1,0,1,1,1,0,0,0,1,0,0,0,0,0,0,0,0,0,0,0
-0.263723028146249,712,8,0,1,0.01,0,1,0,1,1,1,0,0,0,1,0,0,0,0,0,0,0,0,0,0,0
1.47560082504921,712,9,0,1,0.01,0,1,0,1,1,1,0,0,0,1,0,0,0,0,0,0,0,0,0,0,0
0.741744555105028,712,10,0,1,0.01,0,1,0,1,1,1,0,0,0,1,0,0,0,0,0,0,0,0,0,0,0
-0.531522680987746,713,1,0,2,0.0512710963760241,1,1,1,1,1,0,1,1,1,0,0,0,0,0,0,0,0,0,0,0,0
1.12769945278402,713,2,0,2,0.105170918075648,1,1,1,1,1,0,1,1,1,0,0,0,0,0,0,0,0,0,0,0,0
1.84209848192556,713,3,0,2,0.161834242728283,1,1,1,1,1,0,1,1,1,0,0,0,0,0,0,0,0,0,0,0,0
1.18292988667721,713,4,0,2,0.22140275816017,1,1,1,1,1,0,1,1,1,0,0,0,0,0,0,0,0,0,0,0,0
1.82128436513652,713,5,0,2,0.284025416687741,1,1,1,1,1,0,1,1,1,0,0,0,0,0,0,0,0,0,0,0,0
2.72900692085633,713,6,0,2,0.349858807576003,1,1,1,1,1,0,1,1,1,0,0,0,0,0,0,0,0,0,0,0,0
3.06627366407711,713,7,0,2,0.419067548593257,1,1,1,1,1,0,1,1,1,0,0,0,0,0,0,0,0,0,0,0,0
2.29061822486883,713,8,0,2,0.49182469764127,1,1,1,1,1,0,1,1,1,0,0,0,0,0,0,0,0,0,0,0,0
3.78909053653261,713,9,0,2,0.568312185490169,1,1,1,1,1,0,1,1,1,0,0,0,0,0,0,0,0,0,0,0,0
3.96175138539244,713,10,0,2,0.648721270700128,1,1,1,1,1,0,1,1,1,0,0,0,0,0,0,0,0,0,0,0,0
0.237659987429263,714,1,0,2,0.0512710963760241,1,1,0,0,1,1,0,0,1,0,0,0,0,0,0,0,0,0,0,0,0
0.902840372906635,714,2,0,2,0.105170918075648,1,1,0,0,1,1,0,0,1,0,0,0,0,0,0,0,0,0,0,0,0
-0.743912764295511,714,3,0,2,0.161834242728283,1,1,0,0,1,1,0,0,1,0,0,0,0,0,0,0,0,0,0,0,0
3.04355348768801,714,4,0,2,0.22140275816017,1,1,0,0,1,1,0,0,1,0,0,0,0,0,0,0,0,0,0,0,0
1.13177262376545,714,5,0,2,0.284025416687741,1,1,0,0,1,1,0,0,1,0,0,0,0,0,0,0,0,0,0,0,0
2.80527301533276,714,6,0,2,0.349858807576003,1,1,0,0,1,1,0,0,1,0,0,0,0,0,0,0,0,0,0,0,0
0.695949975926408,714,7,0,2,0.419067548593257,1,1,0,0,1,1,0,0,1,0,0,0,0,0,0,0,0,0,0,0,0
2.41416676257452,714,8,0,2,0.49182469764127,1,1,0,0,1,1,0,0,1,0,0,0,0,0,0,0,0,0,0,0,0
3.66020353515262,714,9,0,2,0.568312185490169,1,1,0,0,1,1,0,0,1,0,0,0,0,0,0,0,0,0,0,0,0
2.85339462829649,714,10,0,2,0.648721270700128,1,1,0,0,1,1,0,0,1,0,0,0,0,0,0,0,0,0,0,0,0
-0.0644681385294327,715,1,0,1,0.01,0,0,0,1,1,0,0,1,0,0,0,0,0,1,0,0,0,0,0,0,0
-0.226650086568848,715,2,0,1,0.01,0,0,0,1,1,0,0,1,0,0,0,0,1,0,0,0,0,0,0,0,0
-1.11962587570653,715,3,0,1,0.01,0,0,0,1,1,0,0,1,0,0,0,1,0,0,0,0,0,0,0,0,0
0.39465797887715,715,4,0,1,0.01,0,0,0,1,1,0,0,1,0,0,1,0,0,0,0,0,0,0,0,0,0
-2.86111952434139,715,5,0,1,0.01,0,0,0,1,1,0,0,1,0,0,0,0,0,0,0,0,1,0,0,0,0
0.583358794200653,715,6,0,1,0.01,0,0,0,1,1,0,0,1,0,0,0,0,0,0,0,0,0,1,0,0,0
-0.925449237315336,715,7,0,1,0.01,0,0,0,1,1,0,0,1,0,0,0,0,0,0,0,0,0,0,1,0,0
-0.272029685519043,715,8,0,1,0.01,0,0,0,1,1,0,0,1,0,0,0,0,0,0,0,0,0,0,0,1,0
-2.51473207949678,715,9,0,1,0.01,0,0,0,1,1,0,0,1,0,0,0,0,0,0,0,0,0,0,0,0,1
0.571531525682449,715,10,0,1,0.01,0,0,0,1,1,0,0,1,0,0,0,0,0,0,0,0,0,0,0,0,0
-0.411663058874303,716,1,0,3,0.127496851579376,1,1,1,1,0,1,0,0,1,0,0,0,0,0,0,0,0,0,0,0,0
2.41998359659465,716,2,0,3,0.271249150321405,1,1,1,1,0,1,0,0,1,0,0,0,0,0,0,0,0,0,0,0,0
3.30523172246867,716,3,0,3,0.43332941456034,1,1,1,1,0,1,0,0,1,0,0,0,0,0,0,0,0,0,0,0,0
2.98574664307236,716,4,0,3,0.616074402192893,1,1,1,1,0,1,0,0,1,0,0,0,0,0,0,0,0,0,0,0,0
4.54378871133747,716,5,0,3,0.822118800390509,1,1,1,1,0,1,0,0,1,0,0,0,0,0,0,0,0,0,0,0,0
4.66300017627434,716,6,0,3,1.05443321064389,1,1,1,1,0,1,0,0,1,0,0,0,0,0,0,0,0,0,0,0,0
5.79901981100016,716,7,0,3,1.31636697678109,1,1,1,1,0,1,0,0,1,0,0,0,0,0,0,0,0,0,0,0,0
7.26664756575163,716,8,0,3,1.61169647342312,1,1,1,1,0,1,0,0,1,0,0,0,0,0,0,0,0,0,0,0,0
8.2644075620405,716,9,0,3,1.94467955106552,1,1,1,1,0,1,0,0,1,0,0,0,0,0,0,0,0,0,0,0,0
12.6912094491895,716,10,0,3,2.32011692273655,1,1,1,1,0,1,0,0,1,0,0,0,0,0,0,0,0,0,0,0,0
-0.702635240536441,717,1,0,2,0.0512710963760241,0,1,0,1,0,0,1,0,0,1,0,0,0,0,0,0,0,0,0,0,0
0.775156104341803,717,2,0,2,0.105170918075648,0,1,0,1,0,0,1,0,0,1,0,0,0,0,0,0,0,0,0,0,0
1.48576432698503,717,3,0,2,0.161834242728283,0,1,0,1,0,0,1,0,0,1,0,0,0,0,0,0,0,0,0,0,0
1.60746454212345,717,4,0,2,0.22140275816017,0,1,0,1,0,0,1,0,0,1,0,0,0,0,0,0,0,0,0,0,0
1.58280532848513,717,5,0,2,0.284025416687741,0,1,0,1,0,0,1,0,0,1,0,0,0,0,0,0,0,0,0,0,0
-0.444247216616881,717,6,0,2,0.349858807576003,0,1,0,1,0,0,1,0,0,1,0,0,0,0,0,0,0,0,0,0,0
2.17460501785849,717,7,0,2,0.419067548593257,0,1,0,1,0,0,1,0,0,1,0,0,0,0,0,0,0,0,0,0,0
3.45212856478973,717,8,0,2,0.49182469764127,0,1,0,1,0,0,1,0,0,1,0,0,0,0,0,0,0,0,0,0,0
3.43784598549541,717,9,0,2,0.568312185490169,0,1,0,1,0,0,1,0,0,1,0,0,0,0,0,0,0,0,0,0,0
4.08844879143465,717,10,0,2,0.648721270700128,0,1,0,1,0,0,1,0,0,1,0,0,0,0,0,0,0,0,0,0,0
-0.18398864696195,718,1,0,2,0.0512710963760241,1,1,0,0,1,0,1,1,1,1,0,0,0,0,0,0,0,0,0,0,0
-0.503897492409912,718,2,0,2,0.105170918075648,1,1,0,0,1,0,1,1,1,1,0,0,0,0,0,0,0,0,0,0,0
-0.671006633281192,718,3,0,2,0.161834242728283,1,1,0,0,1,0,1,1,1,1,0,0,0,0,0,0,0,0,0,0,0
2.74896766967266,718,4,0,2,0.22140275816017,1,1,0,0,1,0,1,1,1,1,0,0,0,0,0,0,0,0,0,0,0
1.39455886087304,718,5,0,2,0.284025416687741,1,1,0,0,1,0,1,1,1,1,0,0,0,0,0,0,0,0,0,0,0
2.73939830832503,718,6,0,2,0.349858807576003,1,1,0,0,1,0,1,1,1,1,0,0,0,0,0,0,0,0,0,0,0
3.18659079058283,718,7,0,2,0.419067548593257,1,1,0,0,1,0,1,1,1,1,0,0,0,0,0,0,0,0,0,0,0
2.67382956300099,718,8,0,2,0.49182469764127,1,1,0,0,1,0,1,1,1,1,0,0,0,0,0,0,0,0,0,0,0
3.8068131682591,718,9,0,2,0.568312185490169,1,1,0,0,1,0,1,1,1,1,0,0,0,0,0,0,0,0,0,0,0
2.88484179862586,718,10,0,2,0.648721270700128,1,1,0,0,1,0,1,1,1,1,0,0,0,0,0,0,0,0,0,0,0
-0.361139664431607,719,1,0,1,0.01,0,0,1,0,0,0,0,0,0,1,0,0,0,0,0,0,0,0,0,0,0
-0.503573796276377,719,2,0,1,0.01,0,0,1,0,0,0,0,0,0,1,0,0,0,0,0,0,0,0,0,0,0
-1.08960682917972,719,3,0,1,0.01,0,0,1,0,0,0,0,0,0,1,0,0,0,0,0,0,0,0,0,0,0
-0.99249821904888,719,4,0,1,0.01,0,0,1,0,0,0,0,0,0,1,0,0,0,0,0,0,0,0,0,0,0
-1.48635705967582,719,5,0,1,0.01,0,0,1,0,0,0,0,0,0,1,0,0,0,0,0,0,0,0,0,0,0
0.0774179958809643,719,6,0,1,0.01,0,0,1,0,0,0,0,0,0,1,0,0,0,0,0,0,0,0,0,0,0
-0.618189792692128,719,7,0,1,0.01,0,0,1,0,0,0,0,0,0,1,0,0,0,0,0,0,0,0,0,0,0
-0.198421314888565,719,8,0,1,0.01,0,0,1,0,0,0,0,0,0,1,0,0,0,0,0,0,0,0,0,0,0
-2.15810154169871,719,9,0,1,0.01,0,0,1,0,0,0,0,0,0,1,0,0,0,0,0,0,0,0,0,0,0
0.837251134575782,719,10,0,1,0.01,0,0,1,0,0,0,0,0,0,1,0,0,0,0,0,0,0,0,0,0,0
1.04685370753489,720,1,0,2,0.0512710963760241,0,0,1,1,1,0,1,0,0,1,0,0,0,0,0,0,0,0,0,0,0
-0.0317442616752771,720,2,0,2,0.105170918075648,0,0,1,1,1,0,1,0,0,1,0,0,0,0,0,0,0,0,0,0,0
0.0281983865764347,720,3,0,2,0.161834242728283,0,0,1,1,1,0,1,0,0,1,0,0,0,0,0,0,0,0,0,0,0
-0.519880748762493,720,4,0,2,0.22140275816017,0,0,1,1,1,0,1,0,0,1,0,0,0,0,0,0,0,0,0,0,0
1.59654039752232,720,5,0,2,0.284025416687741,0,0,1,1,1,0,1,0,0,1,0,0,0,0,0,0,0,0,0,0,0
0.552499576986146,720,6,0,2,0.349858807576003,0,0,1,1,1,0,1,0,0,1,0,0,0,0,0,0,0,0,0,0,0
3.1802618380602,720,7,0,2,0.419067548593257,0,0,1,1,1,0,1,0,0,1,0,0,0,0,0,0,0,0,0,0,0
0.456138403977197,720,8,0,2,0.49182469764127,0,0,1,1,1,0,1,0,0,1,0,0,0,0,0,0,0,0,0,0,0
5.07352171173092,720,9,0,2,0.568312185490169,0,0,1,1,1,0,1,0,0,1,0,0,0,0,0,0,0,0,0,0,0
3.33107199891544,720,10,0,2,0.648721270700128,0,0,1,1,1,0,1,0,0,1,0,0,0,0,0,0,0,0,0,0,0
0.304510797441694,721,1,0,1,0.01,0,0,1,0,0,0,1,1,1,1,0,0,0,0,0,0,0,0,0,0,0
0.594650628093306,721,2,0,1,0.01,0,0,1,0,0,0,1,1,1,1,0,0,0,0,0,0,0,0,0,0,0
1.93797598717699,721,3,0,1,0.01,0,0,1,0,0,0,1,1,1,1,0,0,0,0,0,0,0,0,0,0,0
-0.772144284256443,721,4,0,1,0.01,0,0,1,0,0,0,1,1,1,1,0,0,0,0,0,0,0,0,0,0,0
0.907407130405295,721,5,0,1,0.01,0,0,1,0,0,0,1,1,1,1,0,0,0,0,0,0,0,0,0,0,0
1.29838758304644,721,6,0,1,0.01,0,0,1,0,0,0,1,1,1,1,0,0,0,0,0,0,0,0,0,0,0
-1.73934078212799,721,7,0,1,0.01,0,0,1,0,0,0,1,1,1,1,0,0,0,0,0,0,0,0,0,0,0
0.464171206462782,721,8,0,1,0.01,0,0,1,0,0,0,1,1,1,1,0,0,0,0,0,0,0,0,0,0,0
-0.533653648559296,721,9,0,1,0.01,0,0,1,0,0,0,1,1,1,1,0,0,0,0,0,0,0,0,0,0,0
0.995390082311933,721,10,0,1,0.01,0,0,1,0,0,0,1,1,1,1,0,0,0,0,0,0,0,0,0,0,0
-0.357867974265147,722,1,0,1,0.01,0,0,0,1,0,1,0,0,1,1,0,0,0,0,0,0,0,0,0,0,0
0.183495483340388,722,2,0,1,0.01,0,0,0,1,0,1,0,0,1,1,0,0,0,0,0,0,0,0,0,0,0
-1.54353402848087,722,3,0,1,0.01,0,0,0,1,0,1,0,0,1,1,0,0,0,0,0,0,0,0,0,0,0
0.113953841391167,722,4,0,1,0.01,0,0,0,1,0,1,0,0,1,1,0,0,0,0,0,0,0,0,0,0,0
-0.517689341052258,722,5,0,1,0.01,0,0,0,1,0,1,0,0,1,1,0,0,0,0,0,0,0,0,0,0,0
-1.13596798109773,722,6,0,1,0.01,0,0,0,1,0,1,0,0,1,1,0,0,0,0,0,0,0,0,0,0,0
-0.612959461390792,722,7,0,1,0.01,0,0,0,1,0,1,0,0,1,1,0,0,0,0,0,0,0,0,0,0,0
-0.505843299592232,722,8,0,1,0.01,0,0,0,1,0,1,0,0,1,1,0,0,0,0,0,0,0,0,0,0,0
-0.0572774228231339,722,9,0,1,0.01,0,0,0,1,0,1,0,0,1,1,0,0,0,0,0,0,0,0,0,0,0
1.35372385288277,722,10,0,1,0.01,0,0,0,1,0,1,0,0,1,1,0,0,0,0,0,0,0,0,0,0,0
0.0372787647599965,723,1,0,3,0.127496851579376,0,0,0,0,1,1,0,0,0,1,0,0,0,0,1,0,0,0,0,0,0
0.445103460552509,723,2,0,3,0.271249150321405,0,0,0,0,1,1,0,0,0,1,0,0,0,1,0,0,0,0,0,0,0
0.893862854584959,723,3,0,3,0.43332941456034,0,0,0,0,1,1,0,0,0,1,0,0,1,0,0,0,0,0,0,0,0
4.48554549082766,723,4,0,3,0.616074402192893,0,0,0,0,1,1,0,0,0,1,0,1,0,0,0,0,0,0,0,0,0
3.55713072210722,723,5,0,3,0.822118800390509,0,0,0,0,1,1,0,0,0,1,1,0,0,0,0,0,0,0,0,0,0
5.13682571848229,723,6,0,3,1.05443321064389,0,0,0,0,1,1,0,0,0,1,0,0,0,0,0,0,1,0,0,0,0
6.4051738216082,723,7,0,3,1.31636697678109,0,0,0,0,1,1,0,0,0,1,0,0,0,0,0,0,0,1,0,0,0
9.09456388359432,723,8,0,3,1.61169647342312,0,0,0,0,1,1,0,0,0,1,0,0,0,0,0,0,0,0,1,0,0
8.83180052703573,723,9,0,3,1.94467955106552,0,0,0,0,1,1,0,0,0,1,0,0,0,0,0,0,0,0,0,1,0
9.28074303715259,723,10,0,3,2.32011692273655,0,0,0,0,1,1,0,0,0,1,0,0,0,0,0,0,0,0,0,0,1
0.544872269427753,724,1,0,1,0.01,0,0,0,0,0,1,1,0,0,0,0,0,0,0,0,0,0,0,0,0,0
-2.67061138809724,724,2,0,1,0.01,0,0,0,0,0,1,1,0,0,0,0,0,0,0,0,0,0,0,0,0,0
0.657325919541389,724,3,0,1,0.01,0,0,0,0,0,1,1,0,0,0,0,0,0,0,0,0,0,0,0,0,0
-0.0094225456707147,724,4,0,1,0.01,0,0,0,0,0,1,1,0,0,0,0,0,0,0,0,0,0,0,0,0,0
0.642593693381084,724,5,0,1,0.01,0,0,0,0,0,1,1,0,0,0,0,0,0,0,0,0,0,0,0,0,0
-0.333977798425022,724,6,0,1,0.01,0,0,0,0,0,1,1,0,0,0,0,0,0,0,0,0,0,0,0,0,0
2.90550457832253,724,7,0,1,0.01,0,0,0,0,0,1,1,0,0,0,0,0,0,0,0,0,0,0,0,0,0
-0.169105207444552,724,8,0,1,0.01,0,0,0,0,0,1,1,0,0,0,0,0,0,0,0,0,0,0,0,0,0
-0.427866530914153,724,9,0,1,0.01,0,0,0,0,0,1,1,0,0,0,0,0,0,0,0,0,0,0,0,0,0
0.673508682835072,724,10,0,1,0.01,0,0,0,0,0,1,1,0,0,0,0,0,0,0,0,0,0,0,0,0,0
1.01170955427446,725,1,0,2,0.0512710963760241,0,1,1,1,0,1,0,1,0,1,0,0,0,0,0,0,0,0,0,0,0
-0.490513440815418,725,2,0,2,0.105170918075648,0,1,1,1,0,1,0,1,0,1,0,0,0,0,0,0,0,0,0,0,0
-0.180756306255421,725,3,0,2,0.161834242728283,0,1,1,1,0,1,0,1,0,1,0,0,0,0,0,0,0,0,0,0,0
1.83645286093816,725,4,0,2,0.22140275816017,0,1,1,1,0,1,0,1,0,1,0,0,0,0,0,0,0,0,0,0,0
1.36046340972045,725,5,0,2,0.284025416687741,0,1,1,1,0,1,0,1,0,1,0,0,0,0,0,0,0,0,0,0,0
1.44952328373915,725,6,0,2,0.349858807576003,0,1,1,1,0,1,0,1,0,1,0,0,0,0,0,0,0,0,0,0,0
3.35970856396545,725,7,0,2,0.419067548593257,0,1,1,1,0,1,0,1,0,1,0,0,0,0,0,0,0,0,0,0,0
4.12681312995049,725,8,0,2,0.49182469764127,0,1,1,1,0,1,0,1,0,1,0,0,0,0,0,0,0,0,0,0,0
3.26438538568599,725,9,0,2,0.568312185490169,0,1,1,1,0,1,0,1,0,1,0,0,0,0,0,0,0,0,0,0,0
3.63145132239852,725,10,0,2,0.648721270700128,0,1,1,1,0,1,0,1,0,1,0,0,0,0,0,0,0,0,0,0,0
-0.054569910587717,726,1,0,1,0.01,1,0,1,0,1,1,0,0,0,0,0,0,0,0,0,0,0,0,0,0,0
1.00645227474291,726,2,0,1,0.01,1,0,1,0,1,1,0,0,0,0,0,0,0,0,0,0,0,0,0,0,0
-0.67226075164877,726,3,0,1,0.01,1,0,1,0,1,1,0,0,0,0,0,0,0,0,0,0,0,0,0,0,0
0.723340734278695,726,4,0,1,0.01,1,0,1,0,1,1,0,0,0,0,0,0,0,0,0,0,0,0,0,0,0
0.0675594689686994,726,5,0,1,0.01,1,0,1,0,1,1,0,0,0,0,0,0,0,0,0,0,0,0,0,0,0
-1.04233937989608,726,6,0,1,0.01,1,0,1,0,1,1,0,0,0,0,0,0,0,0,0,0,0,0,0,0,0
-0.282309174582998,726,7,0,1,0.01,1,0,1,0,1,1,0,0,0,0,0,0,0,0,0,0,0,0,0,0,0
-0.6211408983361,726,8,0,1,0.01,1,0,1,0,1,1,0,0,0,0,0,0,0,0,0,0,0,0,0,0,0
-1.23398805021022,726,9,0,1,0.01,1,0,1,0,1,1,0,0,0,0,0,0,0,0,0,0,0,0,0,0,0
-0.335712751455883,726,10,0,1,0.01,1,0,1,0,1,1,0,0,0,0,0,0,0,0,0,0,0,0,0,0,0
-0.214251664499855,727,1,0,1,0.01,0,0,0,0,0,0,0,0,1,1,0,0,0,0,0,0,0,0,0,0,0
0.502765644324538,727,2,0,1,0.01,0,0,0,0,0,0,0,0,1,1,0,0,0,0,0,0,0,0,0,0,0
-0.223555143120825,727,3,0,1,0.01,0,0,0,0,0,0,0,0,1,1,0,0,0,0,0,0,0,0,0,0,0
1.44545786174694,727,4,0,1,0.01,0,0,0,0,0,0,0,0,1,1,0,0,0,0,0,0,0,0,0,0,0
0.469829970898548,727,5,0,1,0.01,0,0,0,0,0,0,0,0,1,1,0,0,0,0,0,0,0,0,0,0,0
1.00212338978758,727,6,0,1,0.01,0,0,0,0,0,0,0,0,1,1,0,0,0,0,0,0,0,0,0,0,0
-1.00146024193446,727,7,0,1,0.01,0,0,0,0,0,0,0,0,1,1,0,0,0,0,0,0,0,0,0,0,0
0.861269320995993,727,8,0,1,0.01,0,0,0,0,0,0,0,0,1,1,0,0,0,0,0,0,0,0,0,0,0
1.23996801007965,727,9,0,1,0.01,0,0,0,0,0,0,0,0,1,1,0,0,0,0,0,0,0,0,0,0,0
0.208218784036886,727,10,0,1,0.01,0,0,0,0,0,0,0,0,1,1,0,0,0,0,0,0,0,0,0,0,0
-0.21014425937675,728,1,0,2,0.0512710963760241,0,1,1,1,1,0,0,1,0,0,0,0,0,0,0,0,0,0,0,0,0
-1.32547726778486,728,2,0,2,0.105170918075648,0,1,1,1,1,0,0,1,0,0,0,0,0,0,0,0,0,0,0,0,0
1.74500789399573,728,3,0,2,0.161834242728283,0,1,1,1,1,0,0,1,0,0,0,0,0,0,0,0,0,0,0,0,0
0.139587442639307,728,4,0,2,0.22140275816017,0,1,1,1,1,0,0,1,0,0,0,0,0,0,0,0,0,0,0,0,0
-0.0758320715610843,728,5,0,2,0.284025416687741,0,1,1,1,1,0,0,1,0,0,0,0,0,0,0,1,0,0,0,0,0
1.63386623334557,728,6,0,2,0.349858807576003,0,1,1,1,1,0,0,1,0,0,0,0,0,0,1,0,0,0,0,0,0
0.696433776516878,728,7,0,2,0.419067548593257,0,1,1,1,1,0,0,1,0,0,0,0,0,1,0,0,0,0,0,0,0
2.41275554739682,728,8,0,2,0.49182469764127,0,1,1,1,1,0,0,1,0,0,0,0,1,0,0,0,0,0,0,0,0
4.26409525390061,728,9,0,2,0.568312185490169,0,1,1,1,1,0,0,1,0,0,0,1,0,0,0,0,0,0,0,0,0
2.70065346818396,728,10,0,2,0.648721270700128,0,1,1,1,1,0,0,1,0,0,1,0,0,0,0,0,0,0,0,0,0
-0.632348758314012,729,1,0,1,0.01,1,0,0,0,0,0,1,0,0,0,0,0,0,0,0,0,0,0,0,0,0
-0.366736097130884,729,2,0,1,0.01,1,0,0,0,0,0,1,0,0,0,0,0,0,0,0,0,0,0,0,0,0
-0.360073871142626,729,3,0,1,0.01,1,0,0,0,0,0,1,0,0,0,0,0,0,0,0,0,0,0,0,0,0
-0.193347071439012,729,4,0,1,0.01,1,0,0,0,0,0,1,0,0,0,0,0,0,0,0,0,0,0,0,0,0
1.19116754143214,729,5,0,1,0.01,1,0,0,0,0,0,1,0,0,0,0,0,0,0,0,0,0,0,0,0,0
1.69891252775138,729,6,0,1,0.01,1,0,0,0,0,0,1,0,0,0,0,0,0,0,0,0,0,0,0,0,0
-0.69504254231693,729,7,0,1,0.01,1,0,0,0,0,0,1,0,0,0,0,0,0,0,0,0,0,0,0,0,0
0.144608283414079,729,8,0,1,0.01,1,0,0,0,0,0,1,0,0,0,0,0,0,0,0,0,0,0,0,0,0
-0.246972741349896,729,9,0,1,0.01,1,0,0,0,0,0,1,0,0,0,0,0,0,0,0,0,0,0,0,0,0
0.317897827025909,729,10,0,1,0.01,1,0,0,0,0,0,1,0,0,0,0,0,0,0,0,0,0,0,0,0,0
0.380246528022626,730,1,0,3,0.127496851579376,0,1,0,0,1,1,0,1,1,0,0,0,0,0,0,0,0,0,0,0,0
1.11135203504529,730,2,0,3,0.271249150321405,0,1,0,0,1,1,0,1,1,0,0,0,0,0,0,0,0,0,0,0,0
2.44374636719307,730,3,0,3,0.43332941456034,0,1,0,0,1,1,0,1,1,0,0,0,0,0,0,0,0,0,0,0,0
2.18930290461787,730,4,0,3,0.616074402192893,0,1,0,0,1,1,0,1,1,0,0,0,0,0,0,0,0,0,0,0,0
3.65727250705212,730,5,0,3,0.822118800390509,0,1,0,0,1,1,0,1,1,0,0,0,0,0,0,0,0,0,0,0,0
7.0071349263615,730,6,0,3,1.05443321064389,0,1,0,0,1,1,0,1,1,0,0,0,0,0,0,0,0,0,0,0,0
7.77015286380578,730,7,0,3,1.31636697678109,0,1,0,0,1,1,0,1,1,0,0,0,0,0,0,0,0,0,0,0,0
9.73440947925745,730,8,0,3,1.61169647342312,0,1,0,0,1,1,0,1,1,0,0,0,0,0,0,0,0,0,0,0,0
10.1308878079566,730,9,0,3,1.94467955106552,0,1,0,0,1,1,0,1,1,0,0,0,0,0,0,0,0,0,0,0,0
12.1506321923649,730,10,0,3,2.32011692273655,0,1,0,0,1,1,0,1,1,0,0,0,0,0,0,0,0,0,0,0,0
0.966223834532683,731,1,0,2,0.0512710963760241,0,0,1,0,1,1,1,0,1,0,0,0,0,0,0,0,0,0,0,0,0
1.12378313087015,731,2,0,2,0.105170918075648,0,0,1,0,1,1,1,0,1,0,0,0,0,0,0,0,0,0,0,0,0
-0.404580462242774,731,3,0,2,0.161834242728283,0,0,1,0,1,1,1,0,1,0,0,0,0,0,0,0,0,0,0,0,0
0.51139927156392,731,4,0,2,0.22140275816017,0,0,1,0,1,1,1,0,1,0,0,0,0,0,0,0,0,0,0,0,0
0.140520437484917,731,5,0,2,0.284025416687741,0,0,1,0,1,1,1,0,1,0,0,0,0,0,0,0,0,0,0,0,0
0.255618707554942,731,6,0,2,0.349858807576003,0,0,1,0,1,1,1,0,1,0,0,0,0,0,0,0,0,0,0,0,0
2.09645908229428,731,7,0,2,0.419067548593257,0,0,1,0,1,1,1,0,1,0,0,0,0,0,0,0,0,0,0,0,0
1.16553002053179,731,8,0,2,0.49182469764127,0,0,1,0,1,1,1,0,1,0,0,0,0,0,0,0,0,0,0,0,0
2.27545908915912,731,9,0,2,0.568312185490169,0,0,1,0,1,1,1,0,1,0,0,0,0,0,0,0,0,0,0,0,0
2.05607542830476,731,10,0,2,0.648721270700128,0,0,1,0,1,1,1,0,1,0,0,0,0,0,0,0,0,0,0,0,0
-0.160829023465634,732,1,0,1,0.01,1,0,1,0,0,0,0,0,1,1,0,0,0,0,0,0,0,0,0,0,0
-0.103640444989251,732,2,0,1,0.01,1,0,1,0,0,0,0,0,1,1,0,0,0,0,0,0,0,0,0,0,0
0.827960533385978,732,3,0,1,0.01,1,0,1,0,0,0,0,0,1,1,0,0,0,0,0,0,0,0,0,0,0
0.322485330975356,732,4,0,1,0.01,1,0,1,0,0,0,0,0,1,1,0,0,0,0,0,0,0,0,0,0,0
1.58172426670347,732,5,0,1,0.01,1,0,1,0,0,0,0,0,1,1,0,0,0,0,0,0,0,0,0,0,0
-0.00669460023019899,732,6,0,1,0.01,1,0,1,0,0,0,0,0,1,1,0,0,0,0,0,0,0,0,0,0,0
-0.081100682373497,732,7,0,1,0.01,1,0,1,0,0,0,0,0,1,1,0,0,0,0,0,0,0,0,0,0,0
-0.0438925611484962,732,8,0,1,0.01,1,0,1,0,0,0,0,0,1,1,0,0,0,0,0,0,0,0,0,0,0
0.249620432823369,732,9,0,1,0.01,1,0,1,0,0,0,0,0,1,1,0,0,0,0,0,0,0,0,0,0,0
0.321917155969236,732,10,0,1,0.01,1,0,1,0,0,0,0,0,1,1,0,0,0,0,0,0,0,0,0,0,0
-1.80235796502243,733,1,0,1,0.01,1,0,1,1,0,0,0,1,0,1,0,0,0,0,0,0,0,0,0,0,0
0.7565799338083,733,2,0,1,0.01,1,0,1,1,0,0,0,1,0,1,0,0,0,0,0,0,0,0,0,0,0
-0.291365180976645,733,3,0,1,0.01,1,0,1,1,0,0,0,1,0,1,0,0,0,0,0,0,0,0,0,0,0
1.37889884698058,733,4,0,1,0.01,1,0,1,1,0,0,0,1,0,1,0,0,0,0,0,0,0,0,0,0,0
-0.972578126097928,733,5,0,1,0.01,1,0,1,1,0,0,0,1,0,1,0,0,0,0,0,0,0,0,0,0,0
-1.18586999856084,733,6,0,1,0.01,1,0,1,1,0,0,0,1,0,1,0,0,0,0,0,0,0,0,0,0,0
0.421742572766041,733,7,0,1,0.01,1,0,1,1,0,0,0,1,0,1,0,0,0,0,0,0,0,0,0,0,0
0.239996268037838,733,8,0,1,0.01,1,0,1,1,0,0,0,1,0,1,0,0,0,0,0,0,0,0,0,0,0
1.44712089751254,733,9,0,1,0.01,1,0,1,1,0,0,0,1,0,1,0,0,0,0,0,0,0,0,0,0,0
-0.435158595327081,733,10,0,1,0.01,1,0,1,1,0,0,0,1,0,1,0,0,0,0,0,0,0,0,0,0,0
-2.14775243646659,734,1,0,2,0.0512710963760241,0,0,0,1,1,1,0,0,0,0,0,0,1,0,0,0,0,0,0,0,0
0.169006239517445,734,2,0,2,0.105170918075648,0,0,0,1,1,1,0,0,0,0,0,1,0,0,0,0,0,0,0,0,0
2.14139161285424,734,3,0,2,0.161834242728283,0,0,0,1,1,1,0,0,0,0,1,0,0,0,0,0,0,0,0,0,0
-0.519468011121971,734,4,0,2,0.22140275816017,0,0,0,1,1,1,0,0,0,0,0,0,0,0,0,0,1,0,0,0,0
1.30337993983216,734,5,0,2,0.284025416687741,0,0,0,1,1,1,0,0,0,0,0,0,0,0,0,0,0,1,0,0,0
1.27536257797353,734,6,0,2,0.349858807576003,0,0,0,1,1,1,0,0,0,0,0,0,0,0,0,0,0,0,1,0,0
1.88258797549446,734,7,0,2,0.419067548593257,0,0,0,1,1,1,0,0,0,0,0,0,0,0,0,0,0,0,0,1,0
2.16787809862535,734,8,0,2,0.49182469764127,0,0,0,1,1,1,0,0,0,0,0,0,0,0,0,0,0,0,0,0,1
3.11816186549093,734,9,0,2,0.568312185490169,0,0,0,1,1,1,0,0,0,0,0,0,0,0,0,0,0,0,0,0,0
2.88053811102209,734,10,0,2,0.648721270700128,0,0,0,1,1,1,0,0,0,0,0,0,0,0,0,0,0,0,0,0,0
0.924827450403926,735,1,0,3,0.127496851579376,0,1,0,1,0,1,0,1,0,0,0,0,0,0,0,0,0,0,0,0,0
1.64108531821636,735,2,0,3,0.271249150321405,0,1,0,1,0,1,0,1,0,0,0,0,0,0,0,0,0,0,0,0,0
1.33158775424016,735,3,0,3,0.43332941456034,0,1,0,1,0,1,0,1,0,0,0,0,0,0,0,0,0,0,0,0,0
3.90253551252123,735,4,0,3,0.616074402192893,0,1,0,1,0,1,0,1,0,0,0,0,0,0,0,0,0,0,0,0,0
4.55266907309975,735,5,0,3,0.822118800390509,0,1,0,1,0,1,0,1,0,0,0,0,0,0,0,0,0,0,0,0,0
5.98863936116942,735,6,0,3,1.05443321064389,0,1,0,1,0,1,0,1,0,0,0,0,0,0,0,0,0,0,0,0,0
6.75635976788019,735,7,0,3,1.31636697678109,0,1,0,1,0,1,0,1,0,0,0,0,0,0,0,0,0,0,0,0,0
8.1473699037509,735,8,0,3,1.61169647342312,0,1,0,1,0,1,0,1,0,0,0,0,0,0,0,0,0,0,0,0,0
10.4157126461206,735,9,0,3,1.94467955106552,0,1,0,1,0,1,0,1,0,0,0,0,0,0,0,0,0,0,0,0,0
11.0219968698973,735,10,0,3,2.32011692273655,0,1,0,1,0,1,0,1,0,0,0,0,0,0,0,0,0,0,0,0,0
-0.753334311420192,736,1,0,2,0.0512710963760241,0,0,1,0,0,0,0,0,1,1,0,0,0,0,0,1,0,0,0,0,0
0.521036969297812,736,2,0,2,0.105170918075648,0,0,1,0,0,0,0,0,1,1,0,0,0,0,1,0,0,0,0,0,0
2.11966518989863,736,3,0,2,0.161834242728283,0,0,1,0,0,0,0,0,1,1,0,0,0,1,0,0,0,0,0,0,0
1.12427408469743,736,4,0,2,0.22140275816017,0,0,1,0,0,0,0,0,1,1,0,0,1,0,0,0,0,0,0,0,0
1.87281768271893,736,5,0,2,0.284025416687741,0,0,1,0,0,0,0,0,1,1,0,1,0,0,0,0,0,0,0,0,0
1.24099946103395,736,6,0,2,0.349858807576003,0,0,1,0,0,0,0,0,1,1,1,0,0,0,0,0,0,0,0,0,0
3.15796087478455,736,7,0,2,0.419067548593257,0,0,1,0,0,0,0,0,1,1,0,0,0,0,0,0,1,0,0,0,0
3.93683868738341,736,8,0,2,0.49182469764127,0,0,1,0,0,0,0,0,1,1,0,0,0,0,0,0,0,1,0,0,0
3.28907726799007,736,9,0,2,0.568312185490169,0,0,1,0,0,0,0,0,1,1,0,0,0,0,0,0,0,0,1,0,0
4.49901096416876,736,10,0,2,0.648721270700128,0,0,1,0,0,0,0,0,1,1,0,0,0,0,0,0,0,0,0,1,0
-0.229324162842271,737,1,0,1,0.01,0,1,1,1,0,0,0,0,0,0,0,0,0,0,0,0,0,0,0,0,0
1.93425292512933,737,2,0,1,0.01,0,1,1,1,0,0,0,0,0,0,0,0,0,0,0,0,0,0,0,0,0
-0.750813027601292,737,3,0,1,0.01,0,1,1,1,0,0,0,0,0,0,0,0,0,0,0,0,0,0,0,0,0
1.16743640031518,737,4,0,1,0.01,0,1,1,1,0,0,0,0,0,0,0,0,0,0,0,0,0,0,0,0,0
1.11238737781825,737,5,0,1,0.01,0,1,1,1,0,0,0,0,0,0,0,0,0,0,0,0,0,0,0,0,0
2.1006954503625,737,6,0,1,0.01,0,1,1,1,0,0,0,0,0,0,0,0,0,0,0,0,0,0,0,0,0
1.04394152747932,737,7,0,1,0.01,0,1,1,1,0,0,0,0,0,0,0,0,0,0,0,0,0,0,0,0,0
-0.611518719748038,737,8,0,1,0.01,0,1,1,1,0,0,0,0,0,0,0,0,0,0,0,0,0,0,0,0,0
1.09354917128105,737,9,0,1,0.01,0,1,1,1,0,0,0,0,0,0,0,0,0,0,0,0,0,0,0,0,0
0.550442830320209,737,10,0,1,0.01,0,1,1,1,0,0,0,0,0,0,0,0,0,0,0,0,0,0,0,0,0
0.999064949074787,738,1,0,2,0.0512710963760241,0,0,1,1,0,0,1,1,0,1,0,1,0,0,0,0,0,0,0,0,0
0.52009304544968,738,2,0,2,0.105170918075648,0,0,1,1,0,0,1,1,0,1,1,0,0,0,0,0,0,0,0,0,0
1.82451425534411,738,3,0,2,0.161834242728283,0,0,1,1,0,0,1,1,0,1,0,0,0,0,0,0,1,0,0,0,0
2.033419080365,738,4,0,2,0.22140275816017,0,0,1,1,0,0,1,1,0,1,0,0,0,0,0,0,0,1,0,0,0
1.05684713622985,738,5,0,2,0.284025416687741,0,0,1,1,0,0,1,1,0,1,0,0,0,0,0,0,0,0,1,0,0
1.20053216043643,738,6,0,2,0.349858807576003,0,0,1,1,0,0,1,1,0,1,0,0,0,0,0,0,0,0,0,1,0
2.39218503129461,738,7,0,2,0.419067548593257,0,0,1,1,0,0,1,1,0,1,0,0,0,0,0,0,0,0,0,0,1
1.20272154214911,738,8,0,2,0.49182469764127,0,0,1,1,0,0,1,1,0,1,0,0,0,0,0,0,0,0,0,0,0
2.43458098195312,738,9,0,2,0.568312185490169,0,0,1,1,0,0,1,1,0,1,0,0,0,0,0,0,0,0,0,0,0
3.39809824987859,738,10,0,2,0.648721270700128,0,0,1,1,0,0,1,1,0,1,0,0,0,0,0,0,0,0,0,0,0
1.06968552479141,739,1,0,1,0.01,0,0,1,1,0,0,0,0,1,0,0,0,0,0,0,0,0,0,0,0,0
0.745641027043786,739,2,0,1,0.01,0,0,1,1,0,0,0,0,1,0,0,0,0,0,0,0,0,0,0,0,0
0.974556654877389,739,3,0,1,0.01,0,0,1,1,0,0,0,0,1,0,0,0,0,0,0,0,0,0,0,0,0
-2.05177849300897,739,4,0,1,0.01,0,0,1,1,0,0,0,0,1,0,0,0,0,0,0,0,0,0,0,0,0
0.56977549436611,739,5,0,1,0.01,0,0,1,1,0,0,0,0,1,0,0,0,0,0,0,0,0,0,0,0,0
2.2770969682156,739,6,0,1,0.01,0,0,1,1,0,0,0,0,1,0,0,0,0,0,0,0,0,0,0,0,0
-0.138366566627896,739,7,0,1,0.01,0,0,1,1,0,0,0,0,1,0,0,0,0,0,0,0,0,0,0,0,0
-1.09817620862391,739,8,0,1,0.01,0,0,1,1,0,0,0,0,1,0,0,0,0,0,0,0,0,0,0,0,0
0.0237240431402816,739,9,0,1,0.01,0,0,1,1,0,0,0,0,1,0,0,0,0,0,0,0,0,0,0,0,0
-0.285461875878364,739,10,0,1,0.01,0,0,1,1,0,0,0,0,1,0,0,0,0,0,0,0,0,0,0,0,0
0.00820893330068018,740,1,0,3,0.127496851579376,1,1,1,1,0,1,1,1,1,0,0,0,0,0,0,0,0,0,0,0,0
1.09513059194588,740,2,0,3,0.271249150321405,1,1,1,1,0,1,1,1,1,0,0,0,0,0,0,0,0,0,0,0,0
2.21090825518158,740,3,0,3,0.43332941456034,1,1,1,1,0,1,1,1,1,0,0,0,0,0,0,0,0,0,0,0,0
3.50017021524356,740,4,0,3,0.616074402192893,1,1,1,1,0,1,1,1,1,0,0,0,0,0,0,0,0,0,0,0,0
5.94068502182161,740,5,0,3,0.822118800390509,1,1,1,1,0,1,1,1,1,0,0,0,0,0,0,0,0,0,0,0,0
4.61116787956276,740,6,0,3,1.05443321064389,1,1,1,1,0,1,1,1,1,0,0,0,0,0,0,0,0,0,0,0,0
5.16808893106614,740,7,0,3,1.31636697678109,1,1,1,1,0,1,1,1,1,0,0,0,0,0,0,0,0,0,0,0,0
9.99923818804846,740,8,0,3,1.61169647342312,1,1,1,1,0,1,1,1,1,0,0,0,0,0,0,0,0,0,0,0,0
7.16385625777963,740,9,0,3,1.94467955106552,1,1,1,1,0,1,1,1,1,0,0,0,0,0,0,0,0,0,0,0,0
12.1664391192038,740,10,0,3,2.32011692273655,1,1,1,1,0,1,1,1,1,0,0,0,0,0,0,0,0,0,0,0,0
0.78794836243454,741,1,0,2,0.0512710963760241,0,0,1,1,1,1,0,1,1,0,0,0,0,0,0,0,0,0,0,0,0
1.68575816703105,741,2,0,2,0.105170918075648,0,0,1,1,1,1,0,1,1,0,0,0,0,0,0,0,0,0,0,0,0
0.672682258114417,741,3,0,2,0.161834242728283,0,0,1,1,1,1,0,1,1,0,0,0,0,0,0,0,0,0,0,0,0
1.10663690394572,741,4,0,2,0.22140275816017,0,0,1,1,1,1,0,1,1,0,0,0,0,0,0,0,0,0,0,0,0
0.442301560682484,741,5,0,2,0.284025416687741,0,0,1,1,1,1,0,1,1,0,0,0,0,0,0,0,0,0,0,0,0
2.2093441177781,741,6,0,2,0.349858807576003,0,0,1,1,1,1,0,1,1,0,0,0,0,0,0,0,0,0,0,0,0
2.19513036381245,741,7,0,2,0.419067548593257,0,0,1,1,1,1,0,1,1,0,0,0,0,0,0,0,0,0,0,0,0
3.45078604745707,741,8,0,2,0.49182469764127,0,0,1,1,1,1,0,1,1,0,0,0,0,0,0,0,0,0,0,0,0
3.13620005936764,741,9,0,2,0.568312185490169,0,0,1,1,1,1,0,1,1,0,0,0,0,0,0,0,0,0,0,0,0
2.53322203995891,741,10,0,2,0.648721270700128,0,0,1,1,1,1,0,1,1,0,0,0,0,0,0,0,0,0,0,0,0
-0.441248644309478,742,1,0,2,0.0512710963760241,0,0,0,1,1,1,1,0,1,1,0,0,0,0,0,0,0,0,0,0,0
2.10427146862339,742,2,0,2,0.105170918075648,0,0,0,1,1,1,1,0,1,1,0,0,0,0,0,0,0,0,0,0,0
3.26163670009723,742,3,0,2,0.161834242728283,0,0,0,1,1,1,1,0,1,1,0,0,0,0,0,0,0,0,0,0,0
2.74177022678485,742,4,0,2,0.22140275816017,0,0,0,1,1,1,1,0,1,1,0,0,0,0,0,0,0,0,0,0,0
2.17676037913996,742,5,0,2,0.284025416687741,0,0,0,1,1,1,1,0,1,1,0,0,0,0,0,1,0,0,0,0,0
1.29654087292522,742,6,0,2,0.349858807576003,0,0,0,1,1,1,1,0,1,1,0,0,0,0,1,0,0,0,0,0,0
1.13561460482315,742,7,0,2,0.419067548593257,0,0,0,1,1,1,1,0,1,1,0,0,0,1,0,0,0,0,0,0,0
1.89062311920203,742,8,0,2,0.49182469764127,0,0,0,1,1,1,1,0,1,1,0,0,1,0,0,0,0,0,0,0,0
5.2384092054451,742,9,0,2,0.568312185490169,0,0,0,1,1,1,1,0,1,1,0,1,0,0,0,0,0,0,0,0,0
3.98211838752485,742,10,0,2,0.648721270700128,0,0,0,1,1,1,1,0,1,1,1,0,0,0,0,0,0,0,0,0,0
2.93627863847439,743,1,0,2,0.0512710963760241,0,1,0,0,0,1,1,1,0,1,0,0,0,0,0,0,0,0,0,0,0
1.75338299349331,743,2,0,2,0.105170918075648,0,1,0,0,0,1,1,1,0,1,0,0,0,0,0,0,0,0,0,0,0
-0.517889470062137,743,3,0,2,0.161834242728283,0,1,0,0,0,1,1,1,0,1,0,0,0,0,0,0,0,0,0,0,0
1.61883691211262,743,4,0,2,0.22140275816017,0,1,0,0,0,1,1,1,0,1,0,0,0,0,0,0,0,0,0,0,0
0.869836870136017,743,5,0,2,0.284025416687741,0,1,0,0,0,1,1,1,0,1,0,0,0,0,0,0,0,0,0,0,0
2.11724888698158,743,6,0,2,0.349858807576003,0,1,0,0,0,1,1,1,0,1,0,0,0,0,0,0,0,0,0,0,0
2.47204089556021,743,7,0,2,0.419067548593257,0,1,0,0,0,1,1,1,0,1,0,0,0,0,0,0,0,0,0,0,0
3.90468536353217,743,8,0,2,0.49182469764127,0,1,0,0,0,1,1,1,0,1,0,0,0,0,0,0,0,0,0,0,0
3.69611536596968,743,9,0,2,0.568312185490169,0,1,0,0,0,1,1,1,0,1,0,0,0,0,0,0,0,0,0,0,0
2.25891159428492,743,10,0,2,0.648721270700128,0,1,0,0,0,1,1,1,0,1,0,0,0,0,0,0,0,0,0,0,0
0.354557227181333,744,1,0,3,0.127496851579376,1,1,0,0,0,0,0,0,0,1,0,0,0,0,0,0,0,0,0,0,0
0.217335839961282,744,2,0,3,0.271249150321405,1,1,0,0,0,0,0,0,0,1,0,0,0,0,0,0,0,0,0,0,0
1.72600777170254,744,3,0,3,0.43332941456034,1,1,0,0,0,0,0,0,0,1,0,0,0,0,0,0,0,0,0,0,0
3.4367825233562,744,4,0,3,0.616074402192893,1,1,0,0,0,0,0,0,0,1,0,0,0,0,0,0,0,0,0,0,0
3.6905497947205,744,5,0,3,0.822118800390509,1,1,0,0,0,0,0,0,0,1,0,0,0,0,0,0,0,0,0,0,0
5.75040871740703,744,6,0,3,1.05443321064389,1,1,0,0,0,0,0,0,0,1,0,0,0,0,0,0,0,0,0,0,0
7.42636372389253,744,7,0,3,1.31636697678109,1,1,0,0,0,0,0,0,0,1,0,0,0,0,0,0,0,0,0,0,0
9.44158106758236,744,8,0,3,1.61169647342312,1,1,0,0,0,0,0,0,0,1,0,0,0,0,0,0,0,0,0,0,0
9.91848508168214,744,9,0,3,1.94467955106552,1,1,0,0,0,0,0,0,0,1,0,0,0,0,0,0,0,0,0,0,0
13.3325681100879,744,10,0,3,2.32011692273655,1,1,0,0,0,0,0,0,0,1,0,0,0,0,0,0,0,0,0,0,0
-1.4370803407837,745,1,0,1,0.01,1,0,0,1,1,1,1,1,1,0,1,0,0,0,0,0,0,0,0,0,0
1.46817131624529,745,2,0,1,0.01,1,0,0,1,1,1,1,1,1,0,0,0,0,0,0,0,1,0,0,0,0
0.0564795623313181,745,3,0,1,0.01,1,0,0,1,1,1,1,1,1,0,0,0,0,0,0,0,0,1,0,0,0
-0.238677961135398,745,4,0,1,0.01,1,0,0,1,1,1,1,1,1,0,0,0,0,0,0,0,0,0,1,0,0
-0.649849206194982,745,5,0,1,0.01,1,0,0,1,1,1,1,1,1,0,0,0,0,0,0,0,0,0,0,1,0
0.935230237425932,745,6,0,1,0.01,1,0,0,1,1,1,1,1,1,0,0,0,0,0,0,0,0,0,0,0,1
-0.106879205004228,745,7,0,1,0.01,1,0,0,1,1,1,1,1,1,0,0,0,0,0,0,0,0,0,0,0,0
-1.08729175349371,745,8,0,1,0.01,1,0,0,1,1,1,1,1,1,0,0,0,0,0,0,0,0,0,0,0,0
-1.73786266605408,745,9,0,1,0.01,1,0,0,1,1,1,1,1,1,0,0,0,0,0,0,0,0,0,0,0,0
-0.270625541850558,745,10,0,1,0.01,1,0,0,1,1,1,1,1,1,0,0,0,0,0,0,0,0,0,0,0,0
0.480579798073187,746,1,0,1,0.01,1,0,0,1,1,1,0,0,0,0,0,0,0,0,0,0,0,0,0,0,0
-0.0600582871102219,746,2,0,1,0.01,1,0,0,1,1,1,0,0,0,0,0,0,0,0,0,0,0,0,0,0,0
-0.491669921320951,746,3,0,1,0.01,1,0,0,1,1,1,0,0,0,0,0,0,0,0,0,0,0,0,0,0,0
-0.0120709243728599,746,4,0,1,0.01,1,0,0,1,1,1,0,0,0,0,0,0,0,0,0,0,0,0,0,0,0
-0.835118999729654,746,5,0,1,0.01,1,0,0,1,1,1,0,0,0,0,0,0,0,0,0,0,0,0,0,0,0
0.673638785733223,746,6,0,1,0.01,1,0,0,1,1,1,0,0,0,0,0,0,0,0,0,0,0,0,0,0,0
-0.127087127403791,746,7,0,1,0.01,1,0,0,1,1,1,0,0,0,0,0,0,0,0,0,0,0,0,0,0,0
1.24590319138284,746,8,0,1,0.01,1,0,0,1,1,1,0,0,0,0,0,0,0,0,0,0,0,0,0,0,0
-0.776614347246195,746,9,0,1,0.01,1,0,0,1,1,1,0,0,0,0,0,0,0,0,0,0,0,0,0,0,0
0.336656715771103,746,10,0,1,0.01,1,0,0,1,1,1,0,0,0,0,0,0,0,0,0,0,0,0,0,0,0
-0.203395876657492,747,1,0,2,0.0512710963760241,1,1,1,0,0,1,0,1,0,0,0,0,0,0,0,0,0,0,0,0,0
2.43024407015253,747,2,0,2,0.105170918075648,1,1,1,0,0,1,0,1,0,0,0,0,0,0,0,0,0,0,0,0,0
0.195617763387202,747,3,0,2,0.161834242728283,1,1,1,0,0,1,0,1,0,0,0,0,0,0,0,0,0,0,0,0,0
1.83510202965996,747,4,0,2,0.22140275816017,1,1,1,0,0,1,0,1,0,0,0,0,0,0,0,0,0,0,0,0,0
2.3394287463662,747,5,0,2,0.284025416687741,1,1,1,0,0,1,0,1,0,0,0,0,0,0,0,0,0,0,0,0,0
0.411440259658693,747,6,0,2,0.349858807576003,1,1,1,0,0,1,0,1,0,0,0,0,0,0,0,0,0,0,0,0,0
1.68245281761302,747,7,0,2,0.419067548593257,1,1,1,0,0,1,0,1,0,0,0,0,0,0,0,0,0,0,0,0,0
2.82143219910527,747,8,0,2,0.49182469764127,1,1,1,0,0,1,0,1,0,0,0,0,0,0,0,0,0,0,0,0,0
2.77599038933776,747,9,0,2,0.568312185490169,1,1,1,0,0,1,0,1,0,0,0,0,0,0,0,0,0,0,0,0,0
3.30362410738949,747,10,0,2,0.648721270700128,1,1,1,0,0,1,0,1,0,0,0,0,0,0,0,0,0,0,0,0,0
-0.135800476437374,748,1,0,2,0.0512710963760241,1,0,0,0,0,0,0,0,1,1,0,0,0,0,0,0,0,0,0,0,0
1.40680069448587,748,2,0,2,0.105170918075648,1,0,0,0,0,0,0,0,1,1,0,0,0,0,0,0,0,0,0,0,0
-0.775692658072131,748,3,0,2,0.161834242728283,1,0,0,0,0,0,0,0,1,1,0,0,0,0,0,0,0,0,0,0,0
4.1067494440781,748,4,0,2,0.22140275816017,1,0,0,0,0,0,0,0,1,1,0,0,0,0,0,0,0,0,0,0,0
-0.273602246708595,748,5,0,2,0.284025416687741,1,0,0,0,0,0,0,0,1,1,0,0,0,0,0,0,0,0,0,0,0
2.87573080742651,748,6,0,2,0.349858807576003,1,0,0,0,0,0,0,0,1,1,0,0,0,0,0,0,0,0,0,0,0
-0.0683247336279948,748,7,0,2,0.419067548593257,1,0,0,0,0,0,0,0,1,1,0,0,0,0,0,0,0,0,0,0,0
2.25405194374476,748,8,0,2,0.49182469764127,1,0,0,0,0,0,0,0,1,1,0,0,0,0,0,0,0,0,0,0,0
3.5965333738656,748,9,0,2,0.568312185490169,1,0,0,0,0,0,0,0,1,1,0,0,0,0,0,0,0,0,0,0,0
3.74660444668509,748,10,0,2,0.648721270700128,1,0,0,0,0,0,0,0,1,1,0,0,0,0,0,0,0,0,0,0,0
-1.69252995400253,749,1,0,3,0.127496851579376,1,0,1,0,0,0,0,1,1,0,0,0,0,0,0,0,0,0,0,0,0
1.64837767349047,749,2,0,3,0.271249150321405,1,0,1,0,0,0,0,1,1,0,0,0,0,0,0,0,0,0,0,0,0
0.503743279665749,749,3,0,3,0.43332941456034,1,0,1,0,0,0,0,1,1,0,0,0,0,0,0,0,0,0,0,0,0
3.91926573078769,749,4,0,3,0.616074402192893,1,0,1,0,0,0,0,1,1,0,0,0,0,0,0,0,0,0,0,0,0
4.57740845412502,749,5,0,3,0.822118800390509,1,0,1,0,0,0,0,1,1,0,0,0,0,0,0,0,0,0,0,0,0
6.61341167982737,749,6,0,3,1.05443321064389,1,0,1,0,0,0,0,1,1,0,0,0,0,0,0,0,0,0,0,0,0
5.80435868029593,749,7,0,3,1.31636697678109,1,0,1,0,0,0,0,1,1,0,0,0,0,0,0,0,0,0,0,0,0
8.1077568139806,749,8,0,3,1.61169647342312,1,0,1,0,0,0,0,1,1,0,0,0,0,0,0,0,0,0,0,0,0
9.1051415937317,749,9,0,3,1.94467955106552,1,0,1,0,0,0,0,1,1,0,0,0,0,0,0,0,0,0,0,0,0
11.726240426481,749,10,0,3,2.32011692273655,1,0,1,0,0,0,0,1,1,0,0,0,0,0,0,0,0,0,0,0,0
-1.27922304142548,750,1,0,1,0.01,1,1,0,0,1,1,0,0,0,0,0,0,0,0,0,0,0,0,0,0,0
-0.935625749570861,750,2,0,1,0.01,1,1,0,0,1,1,0,0,0,0,0,0,0,0,0,0,0,0,0,0,0
0.00938152979288166,750,3,0,1,0.01,1,1,0,0,1,1,0,0,0,0,0,0,0,0,0,0,0,0,0,0,0
-0.318627912997744,750,4,0,1,0.01,1,1,0,0,1,1,0,0,0,0,0,0,0,0,0,0,0,0,0,0,0
1.27327171417419,750,5,0,1,0.01,1,1,0,0,1,1,0,0,0,0,0,0,0,0,0,0,0,0,0,0,0
-0.0128434752300032,750,6,0,1,0.01,1,1,0,0,1,1,0,0,0,0,0,0,0,0,0,0,0,0,0,0,0
-0.788726117452722,750,7,0,1,0.01,1,1,0,0,1,1,0,0,0,0,0,0,0,0,0,0,0,0,0,0,0
0.0462872178451475,750,8,0,1,0.01,1,1,0,0,1,1,0,0,0,0,0,0,0,0,0,0,0,0,0,0,0
-2.44219000677227,750,9,0,1,0.01,1,1,0,0,1,1,0,0,0,0,0,0,0,0,0,0,0,0,0,0,0
-1.39074275214814,750,10,0,1,0.01,1,1,0,0,1,1,0,0,0,0,0,0,0,0,0,0,0,0,0,0,0
-1.28163186292444,751,1,0,2,0.0512710963760241,1,1,1,1,0,0,0,0,0,0,0,0,0,0,0,0,0,0,0,0,0
0.052641365381413,751,2,0,2,0.105170918075648,1,1,1,1,0,0,0,0,0,0,0,0,0,0,0,0,0,0,0,0,0
0.198027550883362,751,3,0,2,0.161834242728283,1,1,1,1,0,0,0,0,0,0,0,0,0,0,0,0,0,0,0,0,0
0.610169965969464,751,4,0,2,0.22140275816017,1,1,1,1,0,0,0,0,0,0,0,0,0,0,0,0,0,0,0,0,0
1.21723892441465,751,5,0,2,0.284025416687741,1,1,1,1,0,0,0,0,0,0,0,0,0,0,0,0,0,0,0,0,0
0.980889242978467,751,6,0,2,0.349858807576003,1,1,1,1,0,0,0,0,0,0,0,0,0,0,0,0,0,0,0,0,0
1.51335504901571,751,7,0,2,0.419067548593257,1,1,1,1,0,0,0,0,0,0,0,0,0,0,0,0,0,0,0,0,0
1.65820557122008,751,8,0,2,0.49182469764127,1,1,1,1,0,0,0,0,0,0,0,0,0,0,0,0,0,0,0,0,0
3.27559521680022,751,9,0,2,0.568312185490169,1,1,1,1,0,0,0,0,0,0,0,0,0,0,0,0,0,0,0,0,0
3.72636717304199,751,10,0,2,0.648721270700128,1,1,1,1,0,0,0,0,0,0,0,0,0,0,0,0,0,0,0,0,0
0.684222045786356,752,1,0,2,0.0512710963760241,1,0,1,1,1,1,0,1,1,0,0,0,0,0,0,0,0,0,0,0,0
-1.09059648810769,752,2,0,2,0.105170918075648,1,0,1,1,1,1,0,1,1,0,0,0,0,0,0,0,0,0,0,0,0
-1.90305901125179,752,3,0,2,0.161834242728283,1,0,1,1,1,1,0,1,1,0,0,0,0,0,0,0,0,0,0,0,0
-0.065732997184612,752,4,0,2,0.22140275816017,1,0,1,1,1,1,0,1,1,0,0,0,0,0,0,0,0,0,0,0,0
-0.54385431756937,752,5,0,2,0.284025416687741,1,0,1,1,1,1,0,1,1,0,0,0,0,0,0,0,0,0,0,0,0
2.88606686747792,752,6,0,2,0.349858807576003,1,0,1,1,1,1,0,1,1,0,0,0,0,0,0,0,0,0,0,0,0
1.47507131469055,752,7,0,2,0.419067548593257,1,0,1,1,1,1,0,1,1,0,0,0,0,0,0,0,0,0,0,0,0
1.36778101597734,752,8,0,2,0.49182469764127,1,0,1,1,1,1,0,1,1,0,0,0,0,0,0,0,0,0,0,0,0
3.71893171176888,752,9,0,2,0.568312185490169,1,0,1,1,1,1,0,1,1,0,0,0,0,0,0,0,0,0,0,0,0
2.11364002104561,752,10,0,2,0.648721270700128,1,0,1,1,1,1,0,1,1,0,0,0,0,0,0,0,0,0,0,0,0
0.0791256961833352,753,1,0,2,0.0512710963760241,0,0,0,1,0,0,0,1,1,1,0,0,0,0,0,0,0,0,0,0,0
1.12570895509551,753,2,0,2,0.105170918075648,0,0,0,1,0,0,0,1,1,1,0,0,0,0,0,0,0,0,0,0,0
2.59431302693901,753,3,0,2,0.161834242728283,0,0,0,1,0,0,0,1,1,1,0,0,0,0,0,0,0,0,0,0,0
2.0241122331147,753,4,0,2,0.22140275816017,0,0,0,1,0,0,0,1,1,1,0,0,0,0,0,0,0,0,0,0,0
0.597375304370698,753,5,0,2,0.284025416687741,0,0,0,1,0,0,0,1,1,1,0,0,0,0,0,0,0,0,0,0,0
1.88311671122316,753,6,0,2,0.349858807576003,0,0,0,1,0,0,0,1,1,1,0,0,0,0,0,0,0,0,0,0,0
1.24333573501578,753,7,0,2,0.419067548593257,0,0,0,1,0,0,0,1,1,1,0,0,0,0,0,0,0,0,0,0,0
2.38035235446449,753,8,0,2,0.49182469764127,0,0,0,1,0,0,0,1,1,1,0,0,0,0,0,0,0,0,0,0,0
2.20080528269207,753,9,0,2,0.568312185490169,0,0,0,1,0,0,0,1,1,1,0,0,0,0,0,0,0,0,0,0,0
3.43863785864018,753,10,0,2,0.648721270700128,0,0,0,1,0,0,0,1,1,1,0,0,0,0,0,0,0,0,0,0,0
-1.24894614337472,754,1,0,1,0.01,1,0,0,0,0,0,0,0,1,0,0,0,0,0,0,0,0,0,0,0,0
1.22083129327226,754,2,0,1,0.01,1,0,0,0,0,0,0,0,1,0,0,0,0,0,0,0,0,0,0,0,0
0.835902646501445,754,3,0,1,0.01,1,0,0,0,0,0,0,0,1,0,0,0,0,0,0,0,0,0,0,0,0
0.95299011612985,754,4,0,1,0.01,1,0,0,0,0,0,0,0,1,0,0,0,0,0,0,0,0,0,0,0,0
-2.53677917528448,754,5,0,1,0.01,1,0,0,0,0,0,0,0,1,0,0,0,0,0,0,0,0,0,0,0,0
1.60289449270355,754,6,0,1,0.01,1,0,0,0,0,0,0,0,1,0,0,0,0,0,0,0,0,0,0,0,0
0.15863653611497,754,7,0,1,0.01,1,0,0,0,0,0,0,0,1,0,0,0,0,0,0,0,0,0,0,0,0
0.343530249275158,754,8,0,1,0.01,1,0,0,0,0,0,0,0,1,0,0,0,0,0,0,0,0,0,0,0,0
1.21546533478904,754,9,0,1,0.01,1,0,0,0,0,0,0,0,1,0,0,0,0,0,0,0,0,0,0,0,0
-1.53911335724981,754,10,0,1,0.01,1,0,0,0,0,0,0,0,1,0,0,0,0,0,0,0,0,0,0,0,0
0.184163673639363,755,1,0,1,0.01,1,0,0,0,1,0,1,0,1,1,0,0,0,0,0,0,0,0,0,0,0
0.844022163223032,755,2,0,1,0.01,1,0,0,0,1,0,1,0,1,1,0,0,0,0,0,0,0,0,0,0,0
-2.86057263479697,755,3,0,1,0.01,1,0,0,0,1,0,1,0,1,1,0,0,0,0,0,0,0,0,0,0,0
-1.28190972570065,755,4,0,1,0.01,1,0,0,0,1,0,1,0,1,1,0,0,0,0,0,0,0,0,0,0,0
-0.64098561333968,755,5,0,1,0.01,1,0,0,0,1,0,1,0,1,1,0,0,0,0,0,0,0,0,0,0,0
0.808871184329262,755,6,0,1,0.01,1,0,0,0,1,0,1,0,1,1,0,0,0,0,0,0,0,0,0,0,0
1.51379452068358,755,7,0,1,0.01,1,0,0,0,1,0,1,0,1,1,0,0,0,0,0,0,0,0,0,0,0
-0.103346546933036,755,8,0,1,0.01,1,0,0,0,1,0,1,0,1,1,0,0,0,0,0,0,0,0,0,0,0
-0.960382965329139,755,9,0,1,0.01,1,0,0,0,1,0,1,0,1,1,0,0,0,0,0,0,0,0,0,0,0
0.298846345323401,755,10,0,1,0.01,1,0,0,0,1,0,1,0,1,1,0,0,0,0,0,0,0,0,0,0,0
0.419431679413527,756,1,0,1,0.01,1,1,0,0,0,0,1,1,1,1,0,0,0,0,0,0,0,0,0,0,0
-0.192299411453423,756,2,0,1,0.01,1,1,0,0,0,0,1,1,1,1,0,0,0,0,0,0,0,0,0,0,0
1.58405823553994,756,3,0,1,0.01,1,1,0,0,0,0,1,1,1,1,0,0,0,0,0,0,0,0,0,0,0
-1.35649724594803,756,4,0,1,0.01,1,1,0,0,0,0,1,1,1,1,0,0,0,0,0,0,0,0,0,0,0
-1.07618018697552,756,5,0,1,0.01,1,1,0,0,0,0,1,1,1,1,0,0,0,0,0,0,0,0,0,0,0
-0.00292240638722635,756,6,0,1,0.01,1,1,0,0,0,0,1,1,1,1,0,0,0,0,0,0,0,0,0,0,0
-0.134498659247443,756,7,0,1,0.01,1,1,0,0,0,0,1,1,1,1,0,0,0,0,0,0,0,0,0,0,0
-0.066176394448385,756,8,0,1,0.01,1,1,0,0,0,0,1,1,1,1,0,0,0,0,0,0,0,0,0,0,0
0.875834354111296,756,9,0,1,0.01,1,1,0,0,0,0,1,1,1,1,0,0,0,0,0,0,0,0,0,0,0
2.25431517488719,756,10,0,1,0.01,1,1,0,0,0,0,1,1,1,1,0,0,0,0,0,0,0,0,0,0,0
1.73466359097617,757,1,0,2,0.0512710963760241,1,0,0,0,1,1,1,0,0,1,0,0,0,0,0,0,0,0,0,0,0
2.7156909931924,757,2,0,2,0.105170918075648,1,0,0,0,1,1,1,0,0,1,0,0,0,0,0,0,0,0,0,0,0
1.54009978435446,757,3,0,2,0.161834242728283,1,0,0,0,1,1,1,0,0,1,0,0,0,0,0,0,0,0,0,0,0
-0.4545241472663,757,4,0,2,0.22140275816017,1,0,0,0,1,1,1,0,0,1,0,0,0,0,0,0,0,0,0,0,0
-0.523939142619908,757,5,0,2,0.284025416687741,1,0,0,0,1,1,1,0,0,1,0,0,0,0,0,0,0,0,0,0,0
2.9821243210399,757,6,0,2,0.349858807576003,1,0,0,0,1,1,1,0,0,1,0,0,0,0,0,0,0,0,0,0,0
0.0400888648494222,757,7,0,2,0.419067548593257,1,0,0,0,1,1,1,0,0,1,0,0,0,0,0,0,0,0,0,0,0
4.41807939551235,757,8,0,2,0.49182469764127,1,0,0,0,1,1,1,0,0,1,0,0,0,0,0,0,0,0,0,0,0
3.38830895688219,757,9,0,2,0.568312185490169,1,0,0,0,1,1,1,0,0,1,0,0,0,0,0,0,0,0,0,0,0
2.41778130582596,757,10,0,2,0.648721270700128,1,0,0,0,1,1,1,0,0,1,0,0,0,0,0,0,0,0,0,0,0
0.418559006418923,758,1,0,3,0.127496851579376,0,1,0,0,1,0,1,0,1,0,0,0,0,0,0,0,0,0,0,0,0
1.33111938633473,758,2,0,3,0.271249150321405,0,1,0,0,1,0,1,0,1,0,0,0,0,0,0,0,0,0,0,0,0
1.95004433200776,758,3,0,3,0.43332941456034,0,1,0,0,1,0,1,0,1,0,0,0,0,0,0,0,0,0,0,0,0
3.20922081654357,758,4,0,3,0.616074402192893,0,1,0,0,1,0,1,0,1,0,0,0,0,0,0,1,0,0,0,0,0
5.42778638770166,758,5,0,3,0.822118800390509,0,1,0,0,1,0,1,0,1,0,0,0,0,0,1,0,0,0,0,0,0
4.37347418204398,758,6,0,3,1.05443321064389,0,1,0,0,1,0,1,0,1,0,0,0,0,1,0,0,0,0,0,0,0
3.86305452778315,758,7,0,3,1.31636697678109,0,1,0,0,1,0,1,0,1,0,0,0,1,0,0,0,0,0,0,0,0
7.8929463206061,758,8,0,3,1.61169647342312,0,1,0,0,1,0,1,0,1,0,0,1,0,0,0,0,0,0,0,0,0
10.0823112648193,758,9,0,3,1.94467955106552,0,1,0,0,1,0,1,0,1,0,1,0,0,0,0,0,0,0,0,0,0
12.9015385245302,758,10,0,3,2.32011692273655,0,1,0,0,1,0,1,0,1,0,0,0,0,0,0,0,1,0,0,0,0
-0.641808596933902,759,1,0,2,0.0512710963760241,1,0,0,0,0,0,1,0,0,0,0,0,0,0,0,0,0,0,0,0,0
1.02135783986352,759,2,0,2,0.105170918075648,1,0,0,0,0,0,1,0,0,0,0,0,0,0,0,0,0,0,0,0,0
0.113756758857782,759,3,0,2,0.161834242728283,1,0,0,0,0,0,1,0,0,0,0,0,0,0,0,0,0,0,0,0,0
2.2107281931232,759,4,0,2,0.22140275816017,1,0,0,0,0,0,1,0,0,0,0,0,0,0,0,0,0,0,0,0,0
0.583111565313173,759,5,0,2,0.284025416687741,1,0,0,0,0,0,1,0,0,0,0,0,0,0,0,0,0,0,0,0,0
0.549203125709508,759,6,0,2,0.349858807576003,1,0,0,0,0,0,1,0,0,0,0,0,0,0,0,0,0,0,0,0,0
1.88009530596675,759,7,0,2,0.419067548593257,1,0,0,0,0,0,1,0,0,0,0,0,0,0,0,0,0,0,0,0,0
2.78071350751178,759,8,0,2,0.49182469764127,1,0,0,0,0,0,1,0,0,0,0,0,0,0,0,0,0,0,0,0,0
3.06290746757184,759,9,0,2,0.568312185490169,1,0,0,0,0,0,1,0,0,0,0,0,0,0,0,0,0,0,0,0,0
3.30017729663278,759,10,0,2,0.648721270700128,1,0,0,0,0,0,1,0,0,0,0,0,0,0,0,0,0,0,0,0,0
-1.18722080205997,760,1,0,1,0.01,0,1,1,0,0,1,1,0,0,0,0,0,0,0,0,0,0,0,0,0,0
-0.722162944569613,760,2,0,1,0.01,0,1,1,0,0,1,1,0,0,0,0,0,0,0,0,0,0,0,0,0,0
-0.0472858468171456,760,3,0,1,0.01,0,1,1,0,0,1,1,0,0,0,0,0,0,0,0,0,0,0,0,0,0
-0.295442563713803,760,4,0,1,0.01,0,1,1,0,0,1,1,0,0,0,0,0,0,0,0,0,0,0,0,0,0
-1.95987522730889,760,5,0,1,0.01,0,1,1,0,0,1,1,0,0,0,0,0,0,0,0,0,0,0,0,0,0
1.28296468971904,760,6,0,1,0.01,0,1,1,0,0,1,1,0,0,0,0,0,0,0,0,0,0,0,0,0,0
0.507652314030894,760,7,0,1,0.01,0,1,1,0,0,1,1,0,0,0,0,0,0,0,0,0,0,0,0,0,0
-1.20355194703978,760,8,0,1,0.01,0,1,1,0,0,1,1,0,0,0,0,0,0,0,0,0,0,0,0,0,0
-1.10872853532886,760,9,0,1,0.01,0,1,1,0,0,1,1,0,0,0,0,0,0,0,0,0,0,0,0,0,0
-0.652630194026651,760,10,0,1,0.01,0,1,1,0,0,1,1,0,0,0,0,0,0,0,0,0,0,0,0,0,0
-1.20902585766561,761,1,0,1,0.01,1,1,1,0,1,0,1,0,0,0,0,0,0,0,1,0,0,0,0,0,0
0.835658653890069,761,2,0,1,0.01,1,1,1,0,1,0,1,0,0,0,0,0,0,1,0,0,0,0,0,0,0
0.755805032720814,761,3,0,1,0.01,1,1,1,0,1,0,1,0,0,0,0,0,1,0,0,0,0,0,0,0,0
-1.06824440093123,761,4,0,1,0.01,1,1,1,0,1,0,1,0,0,0,0,1,0,0,0,0,0,0,0,0,0
0.949199948704229,761,5,0,1,0.01,1,1,1,0,1,0,1,0,0,0,1,0,0,0,0,0,0,0,0,0,0
1.85398689565051,761,6,0,1,0.01,1,1,1,0,1,0,1,0,0,0,0,0,0,0,0,0,1,0,0,0,0
-1.06037154563973,761,7,0,1,0.01,1,1,1,0,1,0,1,0,0,0,0,0,0,0,0,0,0,1,0,0,0
0.0794637244313095,761,8,0,1,0.01,1,1,1,0,1,0,1,0,0,0,0,0,0,0,0,0,0,0,1,0,0
0.277949067790948,761,9,0,1,0.01,1,1,1,0,1,0,1,0,0,0,0,0,0,0,0,0,0,0,0,1,0
-0.53469010664627,761,10,0,1,0.01,1,1,1,0,1,0,1,0,0,0,0,0,0,0,0,0,0,0,0,0,1
-0.152442337084311,762,1,0,1,0.01,1,1,0,0,1,0,0,0,0,1,0,0,0,0,0,0,0,0,0,0,0
-1.05230101398762,762,2,0,1,0.01,1,1,0,0,1,0,0,0,0,1,0,0,0,0,0,0,0,0,0,0,0
1.53378704107153,762,3,0,1,0.01,1,1,0,0,1,0,0,0,0,1,0,0,0,0,0,0,0,0,0,0,0
-0.383058439837141,762,4,0,1,0.01,1,1,0,0,1,0,0,0,0,1,0,0,0,0,0,0,0,0,0,0,0
-0.944249474005133,762,5,0,1,0.01,1,1,0,0,1,0,0,0,0,1,0,0,0,0,0,0,0,0,0,0,0
0.13263086211437,762,6,0,1,0.01,1,1,0,0,1,0,0,0,0,1,0,0,0,0,0,0,0,0,0,0,0
0.855241499849361,762,7,0,1,0.01,1,1,0,0,1,0,0,0,0,1,0,0,0,0,0,0,0,0,0,0,0
0.397257150381349,762,8,0,1,0.01,1,1,0,0,1,0,0,0,0,1,0,0,0,0,0,0,0,0,0,0,0
0.0409262728254551,762,9,0,1,0.01,1,1,0,0,1,0,0,0,0,1,0,0,0,0,0,0,0,0,0,0,0
0.701143522048363,762,10,0,1,0.01,1,1,0,0,1,0,0,0,0,1,0,0,0,0,0,0,0,0,0,0,0
-0.438068314002657,763,1,0,1,0.01,1,1,1,1,0,1,0,0,0,0,0,0,0,0,0,0,0,0,0,0,0
-0.430621597153866,763,2,0,1,0.01,1,1,1,1,0,1,0,0,0,0,0,0,0,0,0,0,0,0,0,0,0
-0.844687599517825,763,3,0,1,0.01,1,1,1,1,0,1,0,0,0,0,0,0,0,0,0,0,0,0,0,0,0
-0.859318126599518,763,4,0,1,0.01,1,1,1,1,0,1,0,0,0,0,0,0,0,0,0,0,0,0,0,0,0
1.54051126615856,763,5,0,1,0.01,1,1,1,1,0,1,0,0,0,0,0,0,0,0,0,0,0,0,0,0,0
0.908607041011567,763,6,0,1,0.01,1,1,1,1,0,1,0,0,0,0,0,0,0,0,0,0,0,0,0,0,0
-0.919914385726464,763,7,0,1,0.01,1,1,1,1,0,1,0,0,0,0,0,0,0,0,0,0,0,0,0,0,0
0.332032287710605,763,8,0,1,0.01,1,1,1,1,0,1,0,0,0,0,0,0,0,0,0,0,0,0,0,0,0
-0.685603390744842,763,9,0,1,0.01,1,1,1,1,0,1,0,0,0,0,0,0,0,0,0,0,0,0,0,0,0
-1.07047241765474,763,10,0,1,0.01,1,1,1,1,0,1,0,0,0,0,0,0,0,0,0,0,0,0,0,0,0
-0.919286068455065,764,1,0,2,0.0512710963760241,1,0,1,0,0,0,0,0,0,0,0,0,0,0,1,0,0,0,0,0,0
0.835988577985551,764,2,0,2,0.105170918075648,1,0,1,0,0,0,0,0,0,0,0,0,0,1,0,0,0,0,0,0,0
0.799620246728341,764,3,0,2,0.161834242728283,1,0,1,0,0,0,0,0,0,0,0,0,1,0,0,0,0,0,0,0,0
1.05469406824057,764,4,0,2,0.22140275816017,1,0,1,0,0,0,0,0,0,0,0,1,0,0,0,0,0,0,0,0,0
1.0260553719753,764,5,0,2,0.284025416687741,1,0,1,0,0,0,0,0,0,0,1,0,0,0,0,0,0,0,0,0,0
0.6495580531126,764,6,0,2,0.349858807576003,1,0,1,0,0,0,0,0,0,0,0,0,0,0,0,0,1,0,0,0,0
3.75908413044945,764,7,0,2,0.419067548593257,1,0,1,0,0,0,0,0,0,0,0,0,0,0,0,0,0,1,0,0,0
1.28508757624215,764,8,0,2,0.49182469764127,1,0,1,0,0,0,0,0,0,0,0,0,0,0,0,0,0,0,1,0,0
2.73377859097316,764,9,0,2,0.568312185490169,1,0,1,0,0,0,0,0,0,0,0,0,0,0,0,0,0,0,0,1,0
4.87629790225315,764,10,0,2,0.648721270700128,1,0,1,0,0,0,0,0,0,0,0,0,0,0,0,0,0,0,0,0,1
-0.458033050356051,765,1,0,1,0.01,0,0,1,0,1,0,1,1,0,0,0,0,0,0,0,0,0,0,0,0,0
0.0807311516463092,765,2,0,1,0.01,0,0,1,0,1,0,1,1,0,0,0,0,0,0,0,0,0,0,0,0,0
-0.365800334264206,765,3,0,1,0.01,0,0,1,0,1,0,1,1,0,0,0,0,0,0,0,0,0,0,0,0,0
-2.14184592510744,765,4,0,1,0.01,0,0,1,0,1,0,1,1,0,0,0,0,0,0,0,0,0,0,0,0,0
1.05568202339362,765,5,0,1,0.01,0,0,1,0,1,0,1,1,0,0,0,0,0,0,0,0,0,0,0,0,0
-1.17632760916273,765,6,0,1,0.01,0,0,1,0,1,0,1,1,0,0,0,0,0,0,0,0,0,0,0,0,0
0.530719897089633,765,7,0,1,0.01,0,0,1,0,1,0,1,1,0,0,0,0,0,0,0,0,0,0,0,0,0
-0.0686257857775615,765,8,0,1,0.01,0,0,1,0,1,0,1,1,0,0,0,0,0,0,0,0,0,0,0,0,0
1.57047802636042,765,9,0,1,0.01,0,0,1,0,1,0,1,1,0,0,0,0,0,0,0,0,0,0,0,0,0
1.36344158868676,765,10,0,1,0.01,0,0,1,0,1,0,1,1,0,0,0,0,0,0,0,0,0,0,0,0,0
0.0407132399267846,766,1,0,2,0.0512710963760241,1,1,1,0,0,1,1,0,1,1,0,0,0,0,1,0,0,0,0,0,0
0.380853369997956,766,2,0,2,0.105170918075648,1,1,1,0,0,1,1,0,1,1,0,0,0,1,0,0,0,0,0,0,0
2.98709999310983,766,3,0,2,0.161834242728283,1,1,1,0,0,1,1,0,1,1,0,0,1,0,0,0,0,0,0,0,0
2.20507795844621,766,4,0,2,0.22140275816017,1,1,1,0,0,1,1,0,1,1,0,1,0,0,0,0,0,0,0,0,0
1.6541696914812,766,5,0,2,0.284025416687741,1,1,1,0,0,1,1,0,1,1,1,0,0,0,0,0,0,0,0,0,0
-0.230601548817164,766,6,0,2,0.349858807576003,1,1,1,0,0,1,1,0,1,1,0,0,0,0,0,0,1,0,0,0,0
2.6177405242245,766,7,0,2,0.419067548593257,1,1,1,0,0,1,1,0,1,1,0,0,0,0,0,0,0,1,0,0,0
3.24781209644938,766,8,0,2,0.49182469764127,1,1,1,0,0,1,1,0,1,1,0,0,0,0,0,0,0,0,1,0,0
3.45786419703523,766,9,0,2,0.568312185490169,1,1,1,0,0,1,1,0,1,1,0,0,0,0,0,0,0,0,0,1,0
4.20109477547357,766,10,0,2,0.648721270700128,1,1,1,0,0,1,1,0,1,1,0,0,0,0,0,0,0,0,0,0,1
-0.923097412895884,767,1,0,1,0.01,1,1,1,1,1,0,1,1,0,1,0,0,0,1,0,0,0,0,0,0,0
-0.349593928878839,767,2,0,1,0.01,1,1,1,1,1,0,1,1,0,1,0,0,1,0,0,0,0,0,0,0,0
-0.38576277120078,767,3,0,1,0.01,1,1,1,1,1,0,1,1,0,1,0,1,0,0,0,0,0,0,0,0,0
-0.965883859815977,767,4,0,1,0.01,1,1,1,1,1,0,1,1,0,1,1,0,0,0,0,0,0,0,0,0,0
-0.0133763648589041,767,5,0,1,0.01,1,1,1,1,1,0,1,1,0,1,0,0,0,0,0,0,1,0,0,0,0
0.434015808222484,767,6,0,1,0.01,1,1,1,1,1,0,1,1,0,1,0,0,0,0,0,0,0,1,0,0,0
-0.70967584507307,767,7,0,1,0.01,1,1,1,1,1,0,1,1,0,1,0,0,0,0,0,0,0,0,1,0,0
-0.770755606056251,767,8,0,1,0.01,1,1,1,1,1,0,1,1,0,1,0,0,0,0,0,0,0,0,0,1,0
0.427343871880814,767,9,0,1,0.01,1,1,1,1,1,0,1,1,0,1,0,0,0,0,0,0,0,0,0,0,1
0.233866724977144,767,10,0,1,0.01,1,1,1,1,1,0,1,1,0,1,0,0,0,0,0,0,0,0,0,0,0
-0.969718793297833,768,1,0,1,0.01,0,0,0,1,0,0,1,1,1,1,0,0,0,0,0,0,0,0,0,0,0
-0.447190076465017,768,2,0,1,0.01,0,0,0,1,0,0,1,1,1,1,0,0,0,0,0,0,0,0,0,0,0
0.401403871328851,768,3,0,1,0.01,0,0,0,1,0,0,1,1,1,1,0,0,0,0,0,0,0,0,0,0,0
0.0467690820056125,768,4,0,1,0.01,0,0,0,1,0,0,1,1,1,1,0,0,0,0,0,0,0,0,0,0,0
-1.16131874671864,768,5,0,1,0.01,0,0,0,1,0,0,1,1,1,1,0,0,0,0,0,0,0,0,0,0,0
-1.25362212098778,768,6,0,1,0.01,0,0,0,1,0,0,1,1,1,1,0,0,0,0,0,0,0,0,0,0,0
-0.644161975927329,768,7,0,1,0.01,0,0,0,1,0,0,1,1,1,1,0,0,0,0,0,0,0,0,0,0,0
1.03122941641613,768,8,0,1,0.01,0,0,0,1,0,0,1,1,1,1,0,0,0,0,0,0,0,0,0,0,0
-0.967904183229083,768,9,0,1,0.01,0,0,0,1,0,0,1,1,1,1,0,0,0,0,0,0,0,0,0,0,0
0.705021784315258,768,10,0,1,0.01,0,0,0,1,0,0,1,1,1,1,0,0,0,0,0,0,0,0,0,0,0
0.0825417254453189,769,1,0,2,0.0512710963760241,1,1,1,0,1,0,0,0,0,1,0,0,0,0,0,0,0,0,0,0,0
1.15665651351123,769,2,0,2,0.105170918075648,1,1,1,0,1,0,0,0,0,1,0,0,0,0,0,0,0,0,0,0,0
-0.782849020799496,769,3,0,2,0.161834242728283,1,1,1,0,1,0,0,0,0,1,0,0,0,0,0,0,0,0,0,0,0
3.04761101578633,769,4,0,2,0.22140275816017,1,1,1,0,1,0,0,0,0,1,0,0,0,0,0,0,0,0,0,0,0
1.69811533896621,769,5,0,2,0.284025416687741,1,1,1,0,1,0,0,0,0,1,0,0,0,0,0,0,0,0,0,0,0
1.86963396506763,769,6,0,2,0.349858807576003,1,1,1,0,1,0,0,0,0,1,0,0,0,0,0,0,0,0,0,0,0
0.131576070233601,769,7,0,2,0.419067548593257,1,1,1,0,1,0,0,0,0,1,0,0,0,0,0,0,0,0,0,0,0
4.32005543111335,769,8,0,2,0.49182469764127,1,1,1,0,1,0,0,0,0,1,0,0,0,0,0,0,0,0,0,0,0
4.60928221650317,769,9,0,2,0.568312185490169,1,1,1,0,1,0,0,0,0,1,0,0,0,0,0,0,0,0,0,0,0
3.97125847415892,769,10,0,2,0.648721270700128,1,1,1,0,1,0,0,0,0,1,0,0,0,0,0,0,0,0,0,0,0
0.619465881947593,770,1,0,2,0.0512710963760241,0,0,1,1,0,1,0,1,0,0,0,0,0,0,0,0,0,0,0,0,0
0.464874634522116,770,2,0,2,0.105170918075648,0,0,1,1,0,1,0,1,0,0,0,0,0,0,0,0,0,0,0,0,0
2.3531926164179,770,3,0,2,0.161834242728283,0,0,1,1,0,1,0,1,0,0,0,0,0,0,0,0,0,0,0,0,0
2.27562516743385,770,4,0,2,0.22140275816017,0,0,1,1,0,1,0,1,0,0,0,0,0,0,0,0,0,0,0,0,0
0.664215956906689,770,5,0,2,0.284025416687741,0,0,1,1,0,1,0,1,0,0,0,0,0,0,0,0,0,0,0,0,0
1.77030852959004,770,6,0,2,0.349858807576003,0,0,1,1,0,1,0,1,0,0,0,0,0,0,0,0,0,0,0,0,0
0.375420982405652,770,7,0,2,0.419067548593257,0,0,1,1,0,1,0,1,0,0,0,0,0,0,0,0,0,0,0,0,0
2.32505017227522,770,8,0,2,0.49182469764127,0,0,1,1,0,1,0,1,0,0,0,0,0,0,0,0,0,0,0,0,0
0.432483502017206,770,9,0,2,0.568312185490169,0,0,1,1,0,1,0,1,0,0,0,0,0,0,0,0,0,0,0,0,0
2.43376595541473,770,10,0,2,0.648721270700128,0,0,1,1,0,1,0,1,0,0,0,0,0,0,0,0,0,0,0,0,0
0.196451323711838,771,1,0,2,0.0512710963760241,1,1,0,0,0,0,0,1,1,0,0,0,0,0,0,0,0,0,0,0,0
0.824413862225387,771,2,0,2,0.105170918075648,1,1,0,0,0,0,0,1,1,0,0,0,0,0,0,0,0,0,0,0,0
1.84894938238917,771,3,0,2,0.161834242728283,1,1,0,0,0,0,0,1,1,0,0,0,0,0,0,0,0,0,0,0,0
1.18812242181959,771,4,0,2,0.22140275816017,1,1,0,0,0,0,0,1,1,0,0,0,0,0,0,0,0,0,0,0,0
1.51192470984894,771,5,0,2,0.284025416687741,1,1,0,0,0,0,0,1,1,0,0,0,0,0,0,0,0,0,0,0,0
-0.298054806416205,771,6,0,2,0.349858807576003,1,1,0,0,0,0,0,1,1,0,0,0,0,0,0,0,0,0,0,0,0
2.44761069631793,771,7,0,2,0.419067548593257,1,1,0,0,0,0,0,1,1,0,0,0,0,0,0,0,0,0,0,0,0
3.17779404545746,771,8,0,2,0.49182469764127,1,1,0,0,0,0,0,1,1,0,0,0,0,0,0,0,0,0,0,0,0
1.75390663912067,771,9,0,2,0.568312185490169,1,1,0,0,0,0,0,1,1,0,0,0,0,0,0,0,0,0,0,0,0
2.07181807320975,771,10,0,2,0.648721270700128,1,1,0,0,0,0,0,1,1,0,0,0,0,0,0,0,0,0,0,0,0
1.9472773645059,772,1,0,2,0.0512710963760241,0,0,0,1,0,0,1,0,0,0,0,0,0,0,0,0,0,0,0,0,0
0.918968304567349,772,2,0,2,0.105170918075648,0,0,0,1,0,0,1,0,0,0,0,0,0,0,0,0,0,0,0,0,0
2.47526361753309,772,3,0,2,0.161834242728283,0,0,0,1,0,0,1,0,0,0,0,0,0,0,0,0,0,0,0,0,0
0.141652327926739,772,4,0,2,0.22140275816017,0,0,0,1,0,0,1,0,0,0,0,0,0,0,0,0,0,0,0,0,0
0.634836265987658,772,5,0,2,0.284025416687741,0,0,0,1,0,0,1,0,0,0,0,0,0,0,0,0,0,0,0,0,0
0.839228549056166,772,6,0,2,0.349858807576003,0,0,0,1,0,0,1,0,0,0,0,0,0,0,0,0,0,0,0,0,0
1.21580537545859,772,7,0,2,0.419067548593257,0,0,0,1,0,0,1,0,0,0,0,0,0,0,0,0,0,0,0,0,0
3.62526432486036,772,8,0,2,0.49182469764127,0,0,0,1,0,0,1,0,0,0,0,0,0,0,0,0,0,0,0,0,0
3.47326358001403,772,9,0,2,0.568312185490169,0,0,0,1,0,0,1,0,0,0,0,0,0,0,0,0,0,0,0,0,0
3.20255734474016,772,10,0,2,0.648721270700128,0,0,0,1,0,0,1,0,0,0,0,0,0,0,0,0,0,0,0,0,0
-0.362532020654587,773,1,0,2,0.0512710963760241,1,0,0,0,0,1,1,1,1,0,0,0,0,0,0,0,0,0,0,0,0
-1.15932730436356,773,2,0,2,0.105170918075648,1,0,0,0,0,1,1,1,1,0,0,0,0,0,0,0,0,0,0,0,0
0.423764854420948,773,3,0,2,0.161834242728283,1,0,0,0,0,1,1,1,1,0,0,0,0,0,0,0,0,0,0,0,0
-0.18815565717592,773,4,0,2,0.22140275816017,1,0,0,0,0,1,1,1,1,0,0,0,0,0,0,0,0,0,0,0,0
2.20891265256788,773,5,0,2,0.284025416687741,1,0,0,0,0,1,1,1,1,0,0,0,0,0,0,0,0,0,0,0,0
2.9081028901768,773,6,0,2,0.349858807576003,1,0,0,0,0,1,1,1,1,0,0,0,0,0,0,0,0,0,0,0,0
1.77517682987353,773,7,0,2,0.419067548593257,1,0,0,0,0,1,1,1,1,0,0,0,0,0,0,0,0,0,0,0,0
2.15457918744255,773,8,0,2,0.49182469764127,1,0,0,0,0,1,1,1,1,0,0,0,0,0,0,0,0,0,0,0,0
3.27218778529189,773,9,0,2,0.568312185490169,1,0,0,0,0,1,1,1,1,0,0,0,0,0,0,0,0,0,0,0,0
4.25831869611698,773,10,0,2,0.648721270700128,1,0,0,0,0,1,1,1,1,0,0,0,0,0,0,0,0,0,0,0,0
1.26775363009628,774,1,0,1,0.01,1,0,1,0,0,1,1,1,1,1,0,0,0,0,0,0,0,0,0,0,0
0.133834679836883,774,2,0,1,0.01,1,0,1,0,0,1,1,1,1,1,0,0,0,0,0,0,0,0,0,0,0
-0.858397583308697,774,3,0,1,0.01,1,0,1,0,0,1,1,1,1,1,0,0,0,0,0,0,0,0,0,0,0
0.460442071525418,774,4,0,1,0.01,1,0,1,0,0,1,1,1,1,1,0,0,0,0,0,0,0,0,0,0,0
-0.686121385820387,774,5,0,1,0.01,1,0,1,0,0,1,1,1,1,1,0,0,0,0,0,0,0,0,0,0,0
-0.257501061376863,774,6,0,1,0.01,1,0,1,0,0,1,1,1,1,1,0,0,0,0,0,0,0,0,0,0,0
0.388124863610849,774,7,0,1,0.01,1,0,1,0,0,1,1,1,1,1,0,0,0,0,0,0,0,0,0,0,0
-0.270609792481734,774,8,0,1,0.01,1,0,1,0,0,1,1,1,1,1,0,0,0,0,0,0,0,0,0,0,0
-0.461889293110174,774,9,0,1,0.01,1,0,1,0,0,1,1,1,1,1,0,0,0,0,0,0,0,0,0,0,0
-1.15545516459791,774,10,0,1,0.01,1,0,1,0,0,1,1,1,1,1,0,0,0,0,0,0,0,0,0,0,0
0.742962100594187,775,1,0,1,0.01,1,0,1,1,1,0,1,0,0,1,0,0,1,0,0,0,0,0,0,0,0
-0.209545933708767,775,2,0,1,0.01,1,0,1,1,1,0,1,0,0,1,0,1,0,0,0,0,0,0,0,0,0
-1.06734766504278,775,3,0,1,0.01,1,0,1,1,1,0,1,0,0,1,1,0,0,0,0,0,0,0,0,0,0
-0.767568452062176,775,4,0,1,0.01,1,0,1,1,1,0,1,0,0,1,0,0,0,0,0,0,1,0,0,0,0
0.281348947044038,775,5,0,1,0.01,1,0,1,1,1,0,1,0,0,1,0,0,0,0,0,0,0,1,0,0,0
0.180312931641417,775,6,0,1,0.01,1,0,1,1,1,0,1,0,0,1,0,0,0,0,0,0,0,0,1,0,0
-0.495442884244774,775,7,0,1,0.01,1,0,1,1,1,0,1,0,0,1,0,0,0,0,0,0,0,0,0,1,0
0.92881099063111,775,8,0,1,0.01,1,0,1,1,1,0,1,0,0,1,0,0,0,0,0,0,0,0,0,0,1
-0.81677252229308,775,9,0,1,0.01,1,0,1,1,1,0,1,0,0,1,0,0,0,0,0,0,0,0,0,0,0
-0.354693133234511,775,10,0,1,0.01,1,0,1,1,1,0,1,0,0,1,0,0,0,0,0,0,0,0,0,0,0
2.76509654681198,776,1,0,2,0.0512710963760241,1,0,1,1,1,0,0,0,1,0,0,0,0,0,0,0,0,0,0,0,0
-0.124181025180755,776,2,0,2,0.105170918075648,1,0,1,1,1,0,0,0,1,0,0,0,0,0,0,0,0,0,0,0,0
1.20180992163888,776,3,0,2,0.161834242728283,1,0,1,1,1,0,0,0,1,0,0,0,0,0,0,0,0,0,0,0,0
0.481168343586507,776,4,0,2,0.22140275816017,1,0,1,1,1,0,0,0,1,0,0,0,0,0,0,0,0,0,0,0,0
1.90102615075459,776,5,0,2,0.284025416687741,1,0,1,1,1,0,0,0,1,0,0,0,0,0,0,0,0,0,0,0,0
3.23662650185184,776,6,0,2,0.349858807576003,1,0,1,1,1,0,0,0,1,0,0,0,0,0,0,0,0,0,0,0,0
2.5144587621935,776,7,0,2,0.419067548593257,1,0,1,1,1,0,0,0,1,0,0,0,0,0,0,0,0,0,0,0,0
1.21241211711279,776,8,0,2,0.49182469764127,1,0,1,1,1,0,0,0,1,0,0,0,0,0,0,0,0,0,0,0,0
4.24185050752642,776,9,0,2,0.568312185490169,1,0,1,1,1,0,0,0,1,0,0,0,0,0,0,0,0,0,0,0,0
0.931270090946922,776,10,0,2,0.648721270700128,1,0,1,1,1,0,0,0,1,0,0,0,0,0,0,0,0,0,0,0,0
-0.93008187367064,777,1,0,3,0.127496851579376,1,0,1,1,0,1,1,0,1,1,0,0,0,0,0,0,0,0,0,0,0
3.10080755591389,777,2,0,3,0.271249150321405,1,0,1,1,0,1,1,0,1,1,0,0,0,0,0,1,0,0,0,0,0
0.627611914230782,777,3,0,3,0.43332941456034,1,0,1,1,0,1,1,0,1,1,0,0,0,0,1,0,0,0,0,0,0
3.01073719403261,777,4,0,3,0.616074402192893,1,0,1,1,0,1,1,0,1,1,0,0,0,1,0,0,0,0,0,0,0
4.06826624855426,777,5,0,3,0.822118800390509,1,0,1,1,0,1,1,0,1,1,0,0,1,0,0,0,0,0,0,0,0
5.00752250388959,777,6,0,3,1.05443321064389,1,0,1,1,0,1,1,0,1,1,0,1,0,0,0,0,0,0,0,0,0
6.37789199411282,777,7,0,3,1.31636697678109,1,0,1,1,0,1,1,0,1,1,1,0,0,0,0,0,0,0,0,0,0
8.34187078250655,777,8,0,3,1.61169647342312,1,0,1,1,0,1,1,0,1,1,0,0,0,0,0,0,1,0,0,0,0
8.2669015308307,777,9,0,3,1.94467955106552,1,0,1,1,0,1,1,0,1,1,0,0,0,0,0,0,0,1,0,0,0
11.950818509839,777,10,0,3,2.32011692273655,1,0,1,1,0,1,1,0,1,1,0,0,0,0,0,0,0,0,1,0,0
1.28571802450685,778,1,0,2,0.0512710963760241,0,1,1,1,0,0,1,0,0,1,0,0,0,0,0,0,0,0,0,0,0
0.296830160024552,778,2,0,2,0.105170918075648,0,1,1,1,0,0,1,0,0,1,0,0,0,0,0,0,0,0,0,0,0
2.24751910077957,778,3,0,2,0.161834242728283,0,1,1,1,0,0,1,0,0,1,0,0,0,0,0,0,0,0,0,0,0
1.48040733146406,778,4,0,2,0.22140275816017,0,1,1,1,0,0,1,0,0,1,0,0,0,0,0,0,0,0,0,0,0
2.3262530358832,778,5,0,2,0.284025416687741,0,1,1,1,0,0,1,0,0,1,0,0,0,0,0,0,0,0,0,0,0
2.04787265296146,778,6,0,2,0.349858807576003,0,1,1,1,0,0,1,0,0,1,0,0,0,0,0,0,0,0,0,0,0
1.49959342301734,778,7,0,2,0.419067548593257,0,1,1,1,0,0,1,0,0,1,0,0,0,0,0,0,0,0,0,0,0
3.24167484346499,778,8,0,2,0.49182469764127,0,1,1,1,0,0,1,0,0,1,0,0,0,0,0,0,0,0,0,0,0
1.34382647188662,778,9,0,2,0.568312185490169,0,1,1,1,0,0,1,0,0,1,0,0,0,0,0,0,0,0,0,0,0
4.48771151963927,778,10,0,2,0.648721270700128,0,1,1,1,0,0,1,0,0,1,0,0,0,0,0,0,0,0,0,0,0
1.56012976144842,779,1,0,1,0.01,1,0,0,0,0,1,0,0,1,0,0,0,0,0,0,0,0,0,0,0,0
1.24582277656033,779,2,0,1,0.01,1,0,0,0,0,1,0,0,1,0,0,0,0,0,0,0,0,0,0,0,0
-1.40372635901111,779,3,0,1,0.01,1,0,0,0,0,1,0,0,1,0,0,0,0,0,0,0,0,0,0,0,0
-0.255636980846875,779,4,0,1,0.01,1,0,0,0,0,1,0,0,1,0,0,0,0,0,0,0,0,0,0,0,0
-0.343126199628229,779,5,0,1,0.01,1,0,0,0,0,1,0,0,1,0,0,0,0,0,0,0,0,0,0,0,0
-0.00344862959619296,779,6,0,1,0.01,1,0,0,0,0,1,0,0,1,0,0,0,0,0,0,0,0,0,0,0,0
-0.3850007879456,779,7,0,1,0.01,1,0,0,0,0,1,0,0,1,0,0,0,0,0,0,0,0,0,0,0,0
0.538703774775046,779,8,0,1,0.01,1,0,0,0,0,1,0,0,1,0,0,0,0,0,0,0,0,0,0,0,0
-0.381084201943179,779,9,0,1,0.01,1,0,0,0,0,1,0,0,1,0,0,0,0,0,0,0,0,0,0,0,0
0.787517198985076,779,10,0,1,0.01,1,0,0,0,0,1,0,0,1,0,0,0,0,0,0,0,0,0,0,0,0
0.633261130185692,780,1,0,2,0.0512710963760241,1,1,1,0,0,1,0,1,1,0,0,0,0,0,0,0,0,0,0,0,0
0.302913665404784,780,2,0,2,0.105170918075648,1,1,1,0,0,1,0,1,1,0,0,0,0,0,0,0,0,0,0,0,0
0.963387624532913,780,3,0,2,0.161834242728283,1,1,1,0,0,1,0,1,1,0,0,0,0,0,0,0,0,0,0,0,0
0.968863967288068,780,4,0,2,0.22140275816017,1,1,1,0,0,1,0,1,1,0,0,0,0,0,0,0,0,0,0,0,0
0.771792545396743,780,5,0,2,0.284025416687741,1,1,1,0,0,1,0,1,1,0,0,0,0,0,0,0,0,0,0,0,0
1.07315645101881,780,6,0,2,0.349858807576003,1,1,1,0,0,1,0,1,1,0,0,0,0,0,0,0,0,0,0,0,0
2.10846212930653,780,7,0,2,0.419067548593257,1,1,1,0,0,1,0,1,1,0,0,0,0,0,0,0,0,0,0,0,0
2.34842814036399,780,8,0,2,0.49182469764127,1,1,1,0,0,1,0,1,1,0,0,0,0,0,0,0,0,0,0,0,0
3.64550952965337,780,9,0,2,0.568312185490169,1,1,1,0,0,1,0,1,1,0,0,0,0,0,0,0,0,0,0,0,0
3.48010750243231,780,10,0,2,0.648721270700128,1,1,1,0,0,1,0,1,1,0,0,0,0,0,0,0,0,0,0,0,0
-0.659599293660402,781,1,0,1,0.01,0,0,0,1,1,0,0,0,1,1,0,0,0,0,0,0,0,0,0,0,0
-0.640067557303241,781,2,0,1,0.01,0,0,0,1,1,0,0,0,1,1,0,0,0,0,0,0,0,0,0,0,0
0.579991065970712,781,3,0,1,0.01,0,0,0,1,1,0,0,0,1,1,0,0,0,0,0,0,0,0,0,0,0
0.240700051012524,781,4,0,1,0.01,0,0,0,1,1,0,0,0,1,1,0,0,0,0,0,0,0,0,0,0,0
0.286842743579138,781,5,0,1,0.01,0,0,0,1,1,0,0,0,1,1,0,0,0,0,0,0,0,0,0,0,0
1.42439713526886,781,6,0,1,0.01,0,0,0,1,1,0,0,0,1,1,0,0,0,0,0,0,0,0,0,0,0
0.566636303692902,781,7,0,1,0.01,0,0,0,1,1,0,0,0,1,1,0,0,0,0,0,0,0,0,0,0,0
0.997052645731304,781,8,0,1,0.01,0,0,0,1,1,0,0,0,1,1,0,0,0,0,0,0,0,0,0,0,0
0.418993119530117,781,9,0,1,0.01,0,0,0,1,1,0,0,0,1,1,0,0,0,0,0,0,0,0,0,0,0
-1.16044292224811,781,10,0,1,0.01,0,0,0,1,1,0,0,0,1,1,0,0,0,0,0,0,0,0,0,0,0
0.650506081057473,782,1,0,1,0.01,0,1,1,0,1,1,0,1,0,0,0,0,0,0,0,0,0,0,0,0,0
-0.567786616410539,782,2,0,1,0.01,0,1,1,0,1,1,0,1,0,0,0,0,0,0,0,0,0,0,0,0,0
-0.223892919374316,782,3,0,1,0.01,0,1,1,0,1,1,0,1,0,0,0,0,0,0,0,0,0,0,0,0,0
-0.0770095213972862,782,4,0,1,0.01,0,1,1,0,1,1,0,1,0,0,0,0,0,0,0,0,0,0,0,0,0
1.20907937501673,782,5,0,1,0.01,0,1,1,0,1,1,0,1,0,0,0,0,0,0,0,0,0,0,0,0,0
0.526134195622697,782,6,0,1,0.01,0,1,1,0,1,1,0,1,0,0,0,0,0,0,0,0,0,0,0,0,0
0.885538757664358,782,7,0,1,0.01,0,1,1,0,1,1,0,1,0,0,0,0,0,0,0,0,0,0,0,0,0
-0.132521731883495,782,8,0,1,0.01,0,1,1,0,1,1,0,1,0,0,0,0,0,0,0,0,0,0,0,0,0
-0.00997042875452022,782,9,0,1,0.01,0,1,1,0,1,1,0,1,0,0,0,0,0,0,0,0,0,0,0,0,0
-0.807649127358727,782,10,0,1,0.01,0,1,1,0,1,1,0,1,0,0,0,0,0,0,0,0,0,0,0,0,0
-0.60625040377344,783,1,0,1,0.01,0,1,1,0,1,0,0,0,0,1,0,1,0,0,0,0,0,0,0,0,0
0.417577380673967,783,2,0,1,0.01,0,1,1,0,1,0,0,0,0,1,1,0,0,0,0,0,0,0,0,0,0
0.673003902555115,783,3,0,1,0.01,0,1,1,0,1,0,0,0,0,1,0,0,0,0,0,0,1,0,0,0,0
0.135342188592587,783,4,0,1,0.01,0,1,1,0,1,0,0,0,0,1,0,0,0,0,0,0,0,1,0,0,0
-1.62676169830378,783,5,0,1,0.01,0,1,1,0,1,0,0,0,0,1,0,0,0,0,0,0,0,0,1,0,0
-0.40922317496863,783,6,0,1,0.01,0,1,1,0,1,0,0,0,0,1,0,0,0,0,0,0,0,0,0,1,0
0.291666728670558,783,7,0,1,0.01,0,1,1,0,1,0,0,0,0,1,0,0,0,0,0,0,0,0,0,0,1
0.271521047761112,783,8,0,1,0.01,0,1,1,0,1,0,0,0,0,1,0,0,0,0,0,0,0,0,0,0,0
-1.00442946899779,783,9,0,1,0.01,0,1,1,0,1,0,0,0,0,1,0,0,0,0,0,0,0,0,0,0,0
-0.0962247193891464,783,10,0,1,0.01,0,1,1,0,1,0,0,0,0,1,0,0,0,0,0,0,0,0,0,0,0
2.02680961986696,784,1,0,1,0.01,0,0,1,0,1,0,1,1,1,0,0,0,0,0,0,0,0,0,0,0,0
0.100536146693188,784,2,0,1,0.01,0,0,1,0,1,0,1,1,1,0,0,0,0,0,0,0,0,0,0,0,0
0.843891688706644,784,3,0,1,0.01,0,0,1,0,1,0,1,1,1,0,0,0,0,0,0,0,0,0,0,0,0
-2.28625583490605,784,4,0,1,0.01,0,0,1,0,1,0,1,1,1,0,0,0,0,0,0,0,0,0,0,0,0
0.992376236508847,784,5,0,1,0.01,0,0,1,0,1,0,1,1,1,0,0,0,0,0,0,0,0,0,0,0,0
1.79583339906845,784,6,0,1,0.01,0,0,1,0,1,0,1,1,1,0,0,0,0,0,0,0,0,0,0,0,0
-0.332350215522929,784,7,0,1,0.01,0,0,1,0,1,0,1,1,1,0,0,0,0,0,0,0,0,0,0,0,0
0.435548932670646,784,8,0,1,0.01,0,0,1,0,1,0,1,1,1,0,0,0,0,0,0,0,0,0,0,0,0
1.23442749572987,784,9,0,1,0.01,0,0,1,0,1,0,1,1,1,0,0,0,0,0,0,0,0,0,0,0,0
0.0929957150575373,784,10,0,1,0.01,0,0,1,0,1,0,1,1,1,0,0,0,0,0,0,0,0,0,0,0,0
1.89801922998337,785,1,0,1,0.01,1,0,1,1,1,0,0,1,1,0,0,0,0,0,0,0,0,0,0,0,0
-0.206784186103837,785,2,0,1,0.01,1,0,1,1,1,0,0,1,1,0,0,0,0,0,0,0,0,0,0,0,0
1.74040751609836,785,3,0,1,0.01,1,0,1,1,1,0,0,1,1,0,0,0,0,0,0,0,0,0,0,0,0
-0.883478197642536,785,4,0,1,0.01,1,0,1,1,1,0,0,1,1,0,0,0,0,0,0,0,0,0,0,0,0
0.619635869013838,785,5,0,1,0.01,1,0,1,1,1,0,0,1,1,0,0,0,0,0,0,0,0,0,0,0,0
0.23109426285278,785,6,0,1,0.01,1,0,1,1,1,0,0,1,1,0,0,0,0,0,0,0,0,0,0,0,0
-0.742801457888674,785,7,0,1,0.01,1,0,1,1,1,0,0,1,1,0,0,0,0,0,0,0,0,0,0,0,0
0.192983958062168,785,8,0,1,0.01,1,0,1,1,1,0,0,1,1,0,0,0,0,0,0,0,0,0,0,0,0
-0.429397511419397,785,9,0,1,0.01,1,0,1,1,1,0,0,1,1,0,0,0,0,0,0,0,0,0,0,0,0
-0.248341395570769,785,10,0,1,0.01,1,0,1,1,1,0,0,1,1,0,0,0,0,0,0,0,0,0,0,0,0
1.06414336971767,786,1,0,1,0.01,1,0,1,0,1,0,1,1,0,1,0,0,0,0,0,0,0,0,0,0,0
0.675834974819787,786,2,0,1,0.01,1,0,1,0,1,0,1,1,0,1,0,0,0,0,0,0,0,0,0,0,0
0.766547856496417,786,3,0,1,0.01,1,0,1,0,1,0,1,1,0,1,0,0,0,0,0,0,0,0,0,0,0
-0.240886724955463,786,4,0,1,0.01,1,0,1,0,1,0,1,1,0,1,0,0,0,0,0,0,0,0,0,0,0
-1.1220654722099,786,5,0,1,0.01,1,0,1,0,1,0,1,1,0,1,0,0,0,0,0,0,0,0,0,0,0
0.884978776967484,786,6,0,1,0.01,1,0,1,0,1,0,1,1,0,1,0,0,0,0,0,0,0,0,0,0,0
0.782139827235074,786,7,0,1,0.01,1,0,1,0,1,0,1,1,0,1,0,0,0,0,0,0,0,0,0,0,0
-0.137526386876507,786,8,0,1,0.01,1,0,1,0,1,0,1,1,0,1,0,0,0,0,0,0,0,0,0,0,0
-1.30974519130361,786,9,0,1,0.01,1,0,1,0,1,0,1,1,0,1,0,0,0,0,0,0,0,0,0,0,0
0.683529474934864,786,10,0,1,0.01,1,0,1,0,1,0,1,1,0,1,0,0,0,0,0,0,0,0,0,0,0
1.45578678976918,787,1,0,2,0.0512710963760241,0,1,1,1,1,1,0,0,0,1,0,0,0,0,0,0,0,0,0,0,0
-0.0751733800817765,787,2,0,2,0.105170918075648,0,1,1,1,1,1,0,0,0,1,0,0,0,0,0,0,0,0,0,0,0
-0.0461084320966109,787,3,0,2,0.161834242728283,0,1,1,1,1,1,0,0,0,1,0,0,0,0,0,0,0,0,0,0,0
-0.62748886555993,787,4,0,2,0.22140275816017,0,1,1,1,1,1,0,0,0,1,0,0,0,0,0,0,0,0,0,0,0
1.32461929025463,787,5,0,2,0.284025416687741,0,1,1,1,1,1,0,0,0,1,0,0,0,0,0,0,0,0,0,0,0
-0.0794767583667075,787,6,0,2,0.349858807576003,0,1,1,1,1,1,0,0,0,1,0,0,0,0,0,0,0,0,0,0,0
2.1538599388263,787,7,0,2,0.419067548593257,0,1,1,1,1,1,0,0,0,1,0,0,0,0,0,0,0,0,0,0,0
3.16932027772893,787,8,0,2,0.49182469764127,0,1,1,1,1,1,0,0,0,1,0,0,0,0,0,0,0,0,0,0,0
2.04251213397339,787,9,0,2,0.568312185490169,0,1,1,1,1,1,0,0,0,1,0,0,0,0,0,0,0,0,0,0,0
3.32926864660744,787,10,0,2,0.648721270700128,0,1,1,1,1,1,0,0,0,1,0,0,0,0,0,0,0,0,0,0,0
-0.0909311587934259,788,1,0,2,0.0512710963760241,1,1,0,1,1,0,1,1,1,0,0,0,0,0,0,0,0,0,0,0,0
0.949505925902324,788,2,0,2,0.105170918075648,1,1,0,1,1,0,1,1,1,0,0,0,0,0,0,0,0,0,0,0,0
0.472421669443434,788,3,0,2,0.161834242728283,1,1,0,1,1,0,1,1,1,0,0,0,0,0,0,0,0,0,0,0,0
0.51471079046866,788,4,0,2,0.22140275816017,1,1,0,1,1,0,1,1,1,0,0,0,0,0,0,0,0,0,0,0,0
0.610359447010712,788,5,0,2,0.284025416687741,1,1,0,1,1,0,1,1,1,0,0,0,0,0,0,0,0,0,0,0,0
2.29362411493703,788,6,0,2,0.349858807576003,1,1,0,1,1,0,1,1,1,0,0,0,0,0,0,0,0,0,0,0,0
3.3061145053684,788,7,0,2,0.419067548593257,1,1,0,1,1,0,1,1,1,0,0,0,0,0,0,0,0,0,0,0,0
2.28420722281629,788,8,0,2,0.49182469764127,1,1,0,1,1,0,1,1,1,0,0,0,0,0,0,0,0,0,0,0,0
3.96751052435453,788,9,0,2,0.568312185490169,1,1,0,1,1,0,1,1,1,0,0,0,0,0,0,0,0,0,0,0,0
3.20681679629492,788,10,0,2,0.648721270700128,1,1,0,1,1,0,1,1,1,0,0,0,0,0,0,0,0,0,0,0,0
-0.650413486579407,789,1,0,1,0.01,1,0,0,1,1,0,1,1,0,0,0,0,0,0,0,0,0,0,0,0,0
0.403405483682138,789,2,0,1,0.01,1,0,0,1,1,0,1,1,0,0,0,0,0,0,0,0,0,0,0,0,0
-1.75108748718863,789,3,0,1,0.01,1,0,0,1,1,0,1,1,0,0,0,0,0,0,0,0,0,0,0,0,0
0.133691225796553,789,4,0,1,0.01,1,0,0,1,1,0,1,1,0,0,0,0,0,0,0,0,0,0,0,0,0
1.22315970362293,789,5,0,1,0.01,1,0,0,1,1,0,1,1,0,0,0,0,0,0,0,0,0,0,0,0,0
-1.04013760168407,789,6,0,1,0.01,1,0,0,1,1,0,1,1,0,0,0,0,0,0,0,0,0,0,0,0,0
-0.239728615282191,789,7,0,1,0.01,1,0,0,1,1,0,1,1,0,0,0,0,0,0,0,0,0,0,0,0,0
-0.402643561678079,789,8,0,1,0.01,1,0,0,1,1,0,1,1,0,0,0,0,0,0,0,0,0,0,0,0,0
-1.32468159126397,789,9,0,1,0.01,1,0,0,1,1,0,1,1,0,0,0,0,0,0,0,0,0,0,0,0,0
-1.26401882607203,789,10,0,1,0.01,1,0,0,1,1,0,1,1,0,0,0,0,0,0,0,0,0,0,0,0,0
-0.264010234863692,790,1,0,1,0.01,0,1,0,0,1,0,0,0,0,0,0,0,0,0,0,0,0,0,0,0,0
-2.03969544577823,790,2,0,1,0.01,0,1,0,0,1,0,0,0,0,0,0,0,0,0,0,0,0,0,0,0,0
-0.51742306964017,790,3,0,1,0.01,0,1,0,0,1,0,0,0,0,0,0,0,0,0,0,0,0,0,0,0,0
0.911792735482916,790,4,0,1,0.01,0,1,0,0,1,0,0,0,0,0,0,0,0,0,0,0,0,0,0,0,0
1.79816826537864,790,5,0,1,0.01,0,1,0,0,1,0,0,0,0,0,0,0,0,0,0,0,0,0,0,0,0
-1.05514650984412,790,6,0,1,0.01,0,1,0,0,1,0,0,0,0,0,0,0,0,0,0,0,0,0,0,0,0
-0.697335102266735,790,7,0,1,0.01,0,1,0,0,1,0,0,0,0,0,0,0,0,0,0,0,0,0,0,0,0
-0.285335118269726,790,8,0,1,0.01,0,1,0,0,1,0,0,0,0,0,0,0,0,0,0,0,0,0,0,0,0
-1.88394257357425,790,9,0,1,0.01,0,1,0,0,1,0,0,0,0,0,0,0,0,0,0,0,0,0,0,0,0
-1.37825831017517,790,10,0,1,0.01,0,1,0,0,1,0,0,0,0,0,0,0,0,0,0,0,0,0,0,0,0
-0.0113681992906874,791,1,0,1,0.01,0,0,0,0,0,0,1,0,1,1,0,0,0,0,0,0,0,0,0,0,0
0.737670324642001,791,2,0,1,0.01,0,0,0,0,0,0,1,0,1,1,0,0,0,0,0,0,0,0,0,0,0
-0.0758718442556082,791,3,0,1,0.01,0,0,0,0,0,0,1,0,1,1,0,0,0,0,0,0,0,0,0,0,0
0.812107001584735,791,4,0,1,0.01,0,0,0,0,0,0,1,0,1,1,0,0,0,0,0,0,0,0,0,0,0
0.563991500863151,791,5,0,1,0.01,0,0,0,0,0,0,1,0,1,1,0,0,0,0,0,0,0,0,0,0,0
-0.101473722559091,791,6,0,1,0.01,0,0,0,0,0,0,1,0,1,1,0,0,0,0,0,0,0,0,0,0,0
0.8677792900552,791,7,0,1,0.01,0,0,0,0,0,0,1,0,1,1,0,0,0,0,0,0,0,0,0,0,0
0.279677147003118,791,8,0,1,0.01,0,0,0,0,0,0,1,0,1,1,0,0,0,0,0,0,0,0,0,0,0
-0.398339498518088,791,9,0,1,0.01,0,0,0,0,0,0,1,0,1,1,0,0,0,0,0,0,0,0,0,0,0
0.312185748933538,791,10,0,1,0.01,0,0,0,0,0,0,1,0,1,1,0,0,0,0,0,0,0,0,0,0,0
0.919368936243696,792,1,0,2,0.0512710963760241,0,0,0,1,0,0,1,0,1,1,0,0,0,0,0,0,0,0,0,0,0
-0.164656017405809,792,2,0,2,0.105170918075648,0,0,0,1,0,0,1,0,1,1,0,0,0,0,0,0,0,0,0,0,0
1.17886522016974,792,3,0,2,0.161834242728283,0,0,0,1,0,0,1,0,1,1,0,0,0,0,0,0,0,0,0,0,0
0.685244795684769,792,4,0,2,0.22140275816017,0,0,0,1,0,0,1,0,1,1,0,0,0,0,0,0,0,0,0,0,0
2.03094699307994,792,5,0,2,0.284025416687741,0,0,0,1,0,0,1,0,1,1,0,0,0,0,0,0,0,0,0,0,0
0.774622756309438,792,6,0,2,0.349858807576003,0,0,0,1,0,0,1,0,1,1,0,0,0,0,0,0,0,0,0,0,0
2.08417339916226,792,7,0,2,0.419067548593257,0,0,0,1,0,0,1,0,1,1,0,0,0,0,0,0,0,0,0,0,0
2.79687417164828,792,8,0,2,0.49182469764127,0,0,0,1,0,0,1,0,1,1,0,0,0,0,0,0,0,0,0,0,0
3.39191052130948,792,9,0,2,0.568312185490169,0,0,0,1,0,0,1,0,1,1,0,0,0,0,0,0,0,0,0,0,0
3.32111727310223,792,10,0,2,0.648721270700128,0,0,0,1,0,0,1,0,1,1,0,0,0,0,0,0,0,0,0,0,0
-1.28747082362903,793,1,0,1,0.01,1,0,1,0,1,1,0,1,1,1,0,0,0,0,0,0,0,0,0,0,0
0.976370671823675,793,2,0,1,0.01,1,0,1,0,1,1,0,1,1,1,0,0,0,0,0,0,0,0,0,0,0
-0.279647456485978,793,3,0,1,0.01,1,0,1,0,1,1,0,1,1,1,0,0,0,0,0,0,0,0,0,0,0
-0.59954335708899,793,4,0,1,0.01,1,0,1,0,1,1,0,1,1,1,0,0,0,0,0,0,0,0,0,0,0
-0.742854673901505,793,5,0,1,0.01,1,0,1,0,1,1,0,1,1,1,0,0,0,0,0,0,0,0,0,0,0
-0.0733869853983926,793,6,0,1,0.01,1,0,1,0,1,1,0,1,1,1,0,0,0,0,0,0,0,0,0,0,0
-1.13125046471294,793,7,0,1,0.01,1,0,1,0,1,1,0,1,1,1,0,0,0,0,0,0,0,0,0,0,0
0.476830975061827,793,8,0,1,0.01,1,0,1,0,1,1,0,1,1,1,0,0,0,0,0,0,0,0,0,0,0
0.3837856864376,793,9,0,1,0.01,1,0,1,0,1,1,0,1,1,1,0,0,0,0,0,0,0,0,0,0,0
-0.601834994460833,793,10,0,1,0.01,1,0,1,0,1,1,0,1,1,1,0,0,0,0,0,0,0,0,0,0,0
2.27810616076184,794,1,0,2,0.0512710963760241,1,1,1,1,1,0,1,1,1,1,0,0,0,0,0,0,0,0,0,0,0
1.53428649561729,794,2,0,2,0.105170918075648,1,1,1,1,1,0,1,1,1,1,0,0,0,0,0,0,0,0,0,0,0
1.13675159891361,794,3,0,2,0.161834242728283,1,1,1,1,1,0,1,1,1,1,0,0,0,0,0,0,0,0,0,0,0
0.96722700446031,794,4,0,2,0.22140275816017,1,1,1,1,1,0,1,1,1,1,0,0,0,0,0,0,0,0,0,0,0
2.34825132275525,794,5,0,2,0.284025416687741,1,1,1,1,1,0,1,1,1,1,0,0,0,0,0,0,0,0,0,0,0
2.69914759041476,794,6,0,2,0.349858807576003,1,1,1,1,1,0,1,1,1,1,0,0,0,0,0,0,0,0,0,0,0
3.26376774874534,794,7,0,2,0.419067548593257,1,1,1,1,1,0,1,1,1,1,0,0,0,0,0,0,0,0,0,0,0
3.69966303548753,794,8,0,2,0.49182469764127,1,1,1,1,1,0,1,1,1,1,0,0,0,0,0,0,0,0,0,0,0
1.57780390218289,794,9,0,2,0.568312185490169,1,1,1,1,1,0,1,1,1,1,0,0,0,0,0,0,0,0,0,0,0
2.6221718248959,794,10,0,2,0.648721270700128,1,1,1,1,1,0,1,1,1,1,0,0,0,0,0,0,0,0,0,0,0
1.33654299632443,795,1,0,1,0.01,1,1,0,0,0,0,1,0,0,1,0,0,1,0,0,0,0,0,0,0,0
0.957520036614368,795,2,0,1,0.01,1,1,0,0,0,0,1,0,0,1,0,1,0,0,0,0,0,0,0,0,0
0.317001337888001,795,3,0,1,0.01,1,1,0,0,0,0,1,0,0,1,1,0,0,0,0,0,0,0,0,0,0
0.117620704480276,795,4,0,1,0.01,1,1,0,0,0,0,1,0,0,1,0,0,0,0,0,0,1,0,0,0,0
0.125470299070486,795,5,0,1,0.01,1,1,0,0,0,0,1,0,0,1,0,0,0,0,0,0,0,1,0,0,0
1.07375964363308,795,6,0,1,0.01,1,1,0,0,0,0,1,0,0,1,0,0,0,0,0,0,0,0,1,0,0
-0.401003815744892,795,7,0,1,0.01,1,1,0,0,0,0,1,0,0,1,0,0,0,0,0,0,0,0,0,1,0
-0.15279193537653,795,8,0,1,0.01,1,1,0,0,0,0,1,0,0,1,0,0,0,0,0,0,0,0,0,0,1
0.097736837351655,795,9,0,1,0.01,1,1,0,0,0,0,1,0,0,1,0,0,0,0,0,0,0,0,0,0,0
-1.75983083176577,795,10,0,1,0.01,1,1,0,0,0,0,1,0,0,1,0,0,0,0,0,0,0,0,0,0,0
-1.07958412687044,796,1,0,1,0.01,1,0,1,0,0,0,0,0,1,0,0,0,0,0,0,0,0,0,0,0,0
2.32280141966949,796,2,0,1,0.01,1,0,1,0,0,0,0,0,1,0,0,0,0,0,0,0,0,0,0,0,0
1.07184337672954,796,3,0,1,0.01,1,0,1,0,0,0,0,0,1,0,0,0,0,0,0,0,0,0,0,0,0
1.91817341035241,796,4,0,1,0.01,1,0,1,0,0,0,0,0,1,0,0,0,0,0,0,0,0,0,0,0,0
1.63516915109461,796,5,0,1,0.01,1,0,1,0,0,0,0,0,1,0,0,0,0,0,0,0,0,0,0,0,0
-0.276426071513907,796,6,0,1,0.01,1,0,1,0,0,0,0,0,1,0,0,0,0,0,0,0,0,0,0,0,0
-0.0105601303079945,796,7,0,1,0.01,1,0,1,0,0,0,0,0,1,0,0,0,0,0,0,0,0,0,0,0,0
1.95955753247258,796,8,0,1,0.01,1,0,1,0,0,0,0,0,1,0,0,0,0,0,0,0,0,0,0,0,0
-1.14850986193067,796,9,0,1,0.01,1,0,1,0,0,0,0,0,1,0,0,0,0,0,0,0,0,0,0,0,0
-0.646053092287626,796,10,0,1,0.01,1,0,1,0,0,0,0,0,1,0,0,0,0,0,0,0,0,0,0,0,0
1.48546004564719,797,1,0,2,0.0512710963760241,0,0,0,1,1,1,1,1,0,0,0,0,0,0,1,0,0,0,0,0,0
-0.509542327067106,797,2,0,2,0.105170918075648,0,0,0,1,1,1,1,1,0,0,0,0,0,1,0,0,0,0,0,0,0
1.49281954392789,797,3,0,2,0.161834242728283,0,0,0,1,1,1,1,1,0,0,0,0,1,0,0,0,0,0,0,0,0
1.83766049877296,797,4,0,2,0.22140275816017,0,0,0,1,1,1,1,1,0,0,0,1,0,0,0,0,0,0,0,0,0
1.20641096011217,797,5,0,2,0.284025416687741,0,0,0,1,1,1,1,1,0,0,1,0,0,0,0,0,0,0,0,0,0
1.38489000002758,797,6,0,2,0.349858807576003,0,0,0,1,1,1,1,1,0,0,0,0,0,0,0,0,1,0,0,0,0
1.88231522314886,797,7,0,2,0.419067548593257,0,0,0,1,1,1,1,1,0,0,0,0,0,0,0,0,0,1,0,0,0
0.990735949301907,797,8,0,2,0.49182469764127,0,0,0,1,1,1,1,1,0,0,0,0,0,0,0,0,0,0,1,0,0
2.47576477497776,797,9,0,2,0.568312185490169,0,0,0,1,1,1,1,1,0,0,0,0,0,0,0,0,0,0,0,1,0
5.44042270657092,797,10,0,2,0.648721270700128,0,0,0,1,1,1,1,1,0,0,0,0,0,0,0,0,0,0,0,0,1
-0.651839841421561,798,1,0,2,0.0512710963760241,1,1,1,0,1,0,0,1,1,1,0,0,0,0,0,0,0,0,0,0,0
0.661651770680244,798,2,0,2,0.105170918075648,1,1,1,0,1,0,0,1,1,1,0,0,0,0,0,0,0,0,0,0,0
1.46544809378377,798,3,0,2,0.161834242728283,1,1,1,0,1,0,0,1,1,1,0,0,0,0,0,0,0,0,0,0,0
1.63329828635085,798,4,0,2,0.22140275816017,1,1,1,0,1,0,0,1,1,1,0,0,0,0,0,0,0,0,0,0,0
1.96353248764911,798,5,0,2,0.284025416687741,1,1,1,0,1,0,0,1,1,1,0,0,0,0,0,0,0,0,0,0,0
2.03725276232867,798,6,0,2,0.349858807576003,1,1,1,0,1,0,0,1,1,1,0,0,0,0,0,0,0,0,0,0,0
2.99422486344169,798,7,0,2,0.419067548593257,1,1,1,0,1,0,0,1,1,1,0,0,0,0,0,0,0,0,0,0,0
2.70195852556602,798,8,0,2,0.49182469764127,1,1,1,0,1,0,0,1,1,1,0,0,0,0,0,0,0,0,0,0,0
1.90337386852305,798,9,0,2,0.568312185490169,1,1,1,0,1,0,0,1,1,1,0,0,0,0,0,0,0,0,0,0,0
3.44221213170681,798,10,0,2,0.648721270700128,1,1,1,0,1,0,0,1,1,1,0,0,0,0,0,0,0,0,0,0,0
0.658797908305519,799,1,0,3,0.127496851579376,0,0,0,1,1,0,1,1,1,1,0,0,0,0,0,0,0,0,0,0,0
0.118852301752029,799,2,0,3,0.271249150321405,0,0,0,1,1,0,1,1,1,1,0,0,0,0,0,0,0,0,0,0,0
1.05739355459358,799,3,0,3,0.43332941456034,0,0,0,1,1,0,1,1,1,1,0,0,0,0,0,0,0,0,0,0,0
3.88184664704126,799,4,0,3,0.616074402192893,0,0,0,1,1,0,1,1,1,1,0,0,0,0,0,0,0,0,0,0,0
3.95485072774628,799,5,0,3,0.822118800390509,0,0,0,1,1,0,1,1,1,1,0,0,0,0,0,0,0,0,0,0,0
3.41928273219763,799,6,0,3,1.05443321064389,0,0,0,1,1,0,1,1,1,1,0,0,0,0,0,0,0,0,0,0,0
5.75047314921919,799,7,0,3,1.31636697678109,0,0,0,1,1,0,1,1,1,1,0,0,0,0,0,0,0,0,0,0,0
10.4789847898432,799,8,0,3,1.61169647342312,0,0,0,1,1,0,1,1,1,1,0,0,0,0,0,0,0,0,0,0,0
10.4975875582468,799,9,0,3,1.94467955106552,0,0,0,1,1,0,1,1,1,1,0,0,0,0,0,0,0,0,0,0,0
11.6686047986882,799,10,0,3,2.32011692273655,0,0,0,1,1,0,1,1,1,1,0,0,0,0,0,0,0,0,0,0,0
-0.994369526572561,800,1,0,1,0.01,0,1,1,0,0,1,0,1,1,1,0,0,0,0,0,0,0,0,0,0,0
1.23424428315084,800,2,0,1,0.01,0,1,1,0,0,1,0,1,1,1,0,0,0,0,0,0,0,0,0,0,0
-0.509509250899203,800,3,0,1,0.01,0,1,1,0,0,1,0,1,1,1,0,0,0,0,0,0,0,0,0,0,0
-0.782875343035588,800,4,0,1,0.01,0,1,1,0,0,1,0,1,1,1,0,0,0,0,0,0,0,0,0,0,0
0.0593621882267062,800,5,0,1,0.01,0,1,1,0,0,1,0,1,1,1,0,0,0,0,0,0,0,0,0,0,0
-1.85883285873127,800,6,0,1,0.01,0,1,1,0,0,1,0,1,1,1,0,0,0,0,0,0,0,0,0,0,0
-0.0181334798681649,800,7,0,1,0.01,0,1,1,0,0,1,0,1,1,1,0,0,0,0,0,0,0,0,0,0,0
0.669446950270462,800,8,0,1,0.01,0,1,1,0,0,1,0,1,1,1,0,0,0,0,0,0,0,0,0,0,0
-2.17592312246766,800,9,0,1,0.01,0,1,1,0,0,1,0,1,1,1,0,0,0,0,0,0,0,0,0,0,0
-0.683620212228669,800,10,0,1,0.01,0,1,1,0,0,1,0,1,1,1,0,0,0,0,0,0,0,0,0,0,0
0.675347304518314,801,1,0,3,0.127496851579376,0,0,0,1,0,0,1,1,0,1,0,0,0,1,0,0,0,0,0,0,0
2.69052072480517,801,2,0,3,0.271249150321405,0,0,0,1,0,0,1,1,0,1,0,0,1,0,0,0,0,0,0,0,0
3.38461027106125,801,3,0,3,0.43332941456034,0,0,0,1,0,0,1,1,0,1,0,1,0,0,0,0,0,0,0,0,0
2.90342291982139,801,4,0,3,0.616074402192893,0,0,0,1,0,0,1,1,0,1,1,0,0,0,0,0,0,0,0,0,0
4.77597035640612,801,5,0,3,0.822118800390509,0,0,0,1,0,0,1,1,0,1,0,0,0,0,0,0,1,0,0,0,0
4.40613789195703,801,6,0,3,1.05443321064389,0,0,0,1,0,0,1,1,0,1,0,0,0,0,0,0,0,1,0,0,0
5.10579819872646,801,7,0,3,1.31636697678109,0,0,0,1,0,0,1,1,0,1,0,0,0,0,0,0,0,0,1,0,0
7.40023804479571,801,8,0,3,1.61169647342312,0,0,0,1,0,0,1,1,0,1,0,0,0,0,0,0,0,0,0,1,0
10.8842502998028,801,9,0,3,1.94467955106552,0,0,0,1,0,0,1,1,0,1,0,0,0,0,0,0,0,0,0,0,1
12.0326056285065,801,10,0,3,2.32011692273655,0,0,0,1,0,0,1,1,0,1,0,0,0,0,0,0,0,0,0,0,0
1.74631101394509,802,1,0,2,0.0512710963760241,0,0,0,1,0,0,0,0,1,1,0,0,0,0,0,0,0,0,0,0,0
3.38848232224587,802,2,0,2,0.105170918075648,0,0,0,1,0,0,0,0,1,1,0,0,0,0,0,0,0,0,0,0,0
-1.43044436150604,802,3,0,2,0.161834242728283,0,0,0,1,0,0,0,0,1,1,0,0,0,0,0,0,0,0,0,0,0
0.6509542149188,802,4,0,2,0.22140275816017,0,0,0,1,0,0,0,0,1,1,0,0,0,0,0,0,0,0,0,0,0
3.42669158025485,802,5,0,2,0.284025416687741,0,0,0,1,0,0,0,0,1,1,0,0,0,0,0,0,0,0,0,0,0
1.3701246955925,802,6,0,2,0.349858807576003,0,0,0,1,0,0,0,0,1,1,0,0,0,0,0,0,0,0,0,0,0
2.229439288916,802,7,0,2,0.419067548593257,0,0,0,1,0,0,0,0,1,1,0,0,0,0,0,0,0,0,0,0,0
2.47959525461212,802,8,0,2,0.49182469764127,0,0,0,1,0,0,0,0,1,1,0,0,0,0,0,0,0,0,0,0,0
1.46824549094423,802,9,0,2,0.568312185490169,0,0,0,1,0,0,0,0,1,1,0,0,0,0,0,0,0,0,0,0,0
3.89100354345448,802,10,0,2,0.648721270700128,0,0,0,1,0,0,0,0,1,1,0,0,0,0,0,0,0,0,0,0,0
0.0748424121737606,803,1,0,2,0.0512710963760241,0,1,1,0,1,0,1,0,1,0,0,0,0,0,0,0,0,0,0,0,0
-1.90296002814406,803,2,0,2,0.105170918075648,0,1,1,0,1,0,1,0,1,0,0,0,0,0,0,0,0,0,0,0,0
1.20890441439114,803,3,0,2,0.161834242728283,0,1,1,0,1,0,1,0,1,0,0,0,0,0,0,0,0,0,0,0,0
2.9024257680065,803,4,0,2,0.22140275816017,0,1,1,0,1,0,1,0,1,0,0,0,0,0,0,0,0,0,0,0,0
3.20064557619333,803,5,0,2,0.284025416687741,0,1,1,0,1,0,1,0,1,0,0,0,0,0,0,0,0,0,0,0,0
-0.110395935251224,803,6,0,2,0.349858807576003,0,1,1,0,1,0,1,0,1,0,0,0,0,0,0,0,0,0,0,0,0
2.8280152664085,803,7,0,2,0.419067548593257,0,1,1,0,1,0,1,0,1,0,0,0,0,0,0,0,0,0,0,0,0
4.43146978108891,803,8,0,2,0.49182469764127,0,1,1,0,1,0,1,0,1,0,0,0,0,0,0,0,0,0,0,0,0
5.33150253976978,803,9,0,2,0.568312185490169,0,1,1,0,1,0,1,0,1,0,0,0,0,0,0,0,0,0,0,0,0
3.6589219205268,803,10,0,2,0.648721270700128,0,1,1,0,1,0,1,0,1,0,0,0,0,0,0,0,0,0,0,0,0
0.53508032720722,804,1,0,2,0.0512710963760241,1,0,0,0,1,1,1,0,1,1,0,0,0,0,0,0,0,0,0,0,0
1.34798159994492,804,2,0,2,0.105170918075648,1,0,0,0,1,1,1,0,1,1,0,0,0,0,0,0,0,0,0,0,0
0.485390740794218,804,3,0,2,0.161834242728283,1,0,0,0,1,1,1,0,1,1,0,0,0,0,0,0,0,0,0,0,0
2.18275125174422,804,4,0,2,0.22140275816017,1,0,0,0,1,1,1,0,1,1,0,0,0,0,0,0,0,0,0,0,0
2.68103182354798,804,5,0,2,0.284025416687741,1,0,0,0,1,1,1,0,1,1,0,0,0,0,0,1,0,0,0,0,0
2.70668472925936,804,6,0,2,0.349858807576003,1,0,0,0,1,1,1,0,1,1,0,0,0,0,1,0,0,0,0,0,0
3.00861320760815,804,7,0,2,0.419067548593257,1,0,0,0,1,1,1,0,1,1,0,0,0,1,0,0,0,0,0,0,0
1.85238812306861,804,8,0,2,0.49182469764127,1,0,0,0,1,1,1,0,1,1,0,0,1,0,0,0,0,0,0,0,0
2.1159965541177,804,9,0,2,0.568312185490169,1,0,0,0,1,1,1,0,1,1,0,1,0,0,0,0,0,0,0,0,0
4.12825503055912,804,10,0,2,0.648721270700128,1,0,0,0,1,1,1,0,1,1,1,0,0,0,0,0,0,0,0,0,0
-0.649703428981236,805,1,0,2,0.0512710963760241,1,0,0,0,0,0,1,1,1,0,0,0,0,0,0,0,0,0,0,0,0
1.31242363607426,805,2,0,2,0.105170918075648,1,0,0,0,0,0,1,1,1,0,0,0,0,0,0,0,0,0,0,0,0
2.00143134118838,805,3,0,2,0.161834242728283,1,0,0,0,0,0,1,1,1,0,0,0,0,0,0,0,0,0,0,0,0
0.0344559758089449,805,4,0,2,0.22140275816017,1,0,0,0,0,0,1,1,1,0,0,0,0,0,0,0,0,0,0,0,0
1.15539837639951,805,5,0,2,0.284025416687741,1,0,0,0,0,0,1,1,1,0,0,0,0,0,0,1,0,0,0,0,0
3.3084748595494,805,6,0,2,0.349858807576003,1,0,0,0,0,0,1,1,1,0,0,0,0,0,1,0,0,0,0,0,0
1.14677834120958,805,7,0,2,0.419067548593257,1,0,0,0,0,0,1,1,1,0,0,0,0,1,0,0,0,0,0,0,0
4.03721822654944,805,8,0,2,0.49182469764127,1,0,0,0,0,0,1,1,1,0,0,0,1,0,0,0,0,0,0,0,0
3.58322675146137,805,9,0,2,0.568312185490169,1,0,0,0,0,0,1,1,1,0,0,1,0,0,0,0,0,0,0,0,0
3.00279668016035,805,10,0,2,0.648721270700128,1,0,0,0,0,0,1,1,1,0,1,0,0,0,0,0,0,0,0,0,0
0.293334923087185,806,1,0,1,0.01,1,0,0,1,0,0,0,0,1,1,0,0,0,0,0,0,0,0,0,0,0
1.3421784411732,806,2,0,1,0.01,1,0,0,1,0,0,0,0,1,1,0,0,0,0,0,0,0,0,0,0,0
0.870786687119771,806,3,0,1,0.01,1,0,0,1,0,0,0,0,1,1,0,0,0,0,0,0,0,0,0,0,0
-0.615862598266342,806,4,0,1,0.01,1,0,0,1,0,0,0,0,1,1,0,0,0,0,0,0,0,0,0,0,0
0.187644181056242,806,5,0,1,0.01,1,0,0,1,0,0,0,0,1,1,0,0,0,0,0,0,0,0,0,0,0
-0.0671394886699658,806,6,0,1,0.01,1,0,0,1,0,0,0,0,1,1,0,0,0,0,0,0,0,0,0,0,0
0.505517562907131,806,7,0,1,0.01,1,0,0,1,0,0,0,0,1,1,0,0,0,0,0,0,0,0,0,0,0
0.674022926446106,806,8,0,1,0.01,1,0,0,1,0,0,0,0,1,1,0,0,0,0,0,0,0,0,0,0,0
0.140295290757243,806,9,0,1,0.01,1,0,0,1,0,0,0,0,1,1,0,0,0,0,0,0,0,0,0,0,0
0.513690884701189,806,10,0,1,0.01,1,0,0,1,0,0,0,0,1,1,0,0,0,0,0,0,0,0,0,0,0
-0.634814784734458,807,1,0,1,0.01,1,1,0,1,1,1,1,0,1,1,0,0,0,0,0,0,0,0,0,0,0
-0.66649697193073,807,2,0,1,0.01,1,1,0,1,1,1,1,0,1,1,0,0,0,0,0,0,0,0,0,0,0
-0.627819944485406,807,3,0,1,0.01,1,1,0,1,1,1,1,0,1,1,0,0,0,0,0,0,0,0,0,0,0
-1.14582125550548,807,4,0,1,0.01,1,1,0,1,1,1,1,0,1,1,0,0,0,0,0,0,0,0,0,0,0
0.631112761279824,807,5,0,1,0.01,1,1,0,1,1,1,1,0,1,1,0,0,0,0,0,0,0,0,0,0,0
-1.28999150686524,807,6,0,1,0.01,1,1,0,1,1,1,1,0,1,1,0,0,0,0,0,0,0,0,0,0,0
0.752457164523384,807,7,0,1,0.01,1,1,0,1,1,1,1,0,1,1,0,0,0,0,0,0,0,0,0,0,0
0.44683312440319,807,8,0,1,0.01,1,1,0,1,1,1,1,0,1,1,0,0,0,0,0,0,0,0,0,0,0
-0.0252816510605429,807,9,0,1,0.01,1,1,0,1,1,1,1,0,1,1,0,0,0,0,0,0,0,0,0,0,0
-0.929646754922996,807,10,0,1,0.01,1,1,0,1,1,1,1,0,1,1,0,0,0,0,0,0,0,0,0,0,0
-1.50966459879603,808,1,0,1,0.01,1,0,0,0,1,1,1,0,1,1,0,0,0,0,0,0,0,0,0,0,0
-0.37483244326724,808,2,0,1,0.01,1,0,0,0,1,1,1,0,1,1,0,0,0,0,0,0,0,0,0,0,0
0.033166846129062,808,3,0,1,0.01,1,0,0,0,1,1,1,0,1,1,0,0,0,0,0,0,0,0,0,0,0
-0.127361592290744,808,4,0,1,0.01,1,0,0,0,1,1,1,0,1,1,0,0,0,0,0,0,0,0,0,0,0
-0.0906570707109463,808,5,0,1,0.01,1,0,0,0,1,1,1,0,1,1,0,0,0,0,0,0,0,0,0,0,0
-0.590412980150976,808,6,0,1,0.01,1,0,0,0,1,1,1,0,1,1,0,0,0,0,0,0,0,0,0,0,0
-0.929074082348315,808,7,0,1,0.01,1,0,0,0,1,1,1,0,1,1,0,0,0,0,0,0,0,0,0,0,0
1.89285549721347,808,8,0,1,0.01,1,0,0,0,1,1,1,0,1,1,0,0,0,0,0,0,0,0,0,0,0
1.2206026923326,808,9,0,1,0.01,1,0,0,0,1,1,1,0,1,1,0,0,0,0,0,0,0,0,0,0,0
-0.825460124032147,808,10,0,1,0.01,1,0,0,0,1,1,1,0,1,1,0,0,0,0,0,0,0,0,0,0,0
-1.44722237534075,809,1,0,1,0.01,1,0,1,1,0,0,0,0,1,1,0,0,0,0,0,0,0,0,0,0,0
0.760533781492192,809,2,0,1,0.01,1,0,1,1,0,0,0,0,1,1,0,0,0,0,0,0,0,0,0,0,0
-0.911288515099262,809,3,0,1,0.01,1,0,1,1,0,0,0,0,1,1,0,0,0,0,0,0,0,0,0,0,0
-1.34833388360947,809,4,0,1,0.01,1,0,1,1,0,0,0,0,1,1,0,0,0,0,0,0,0,0,0,0,0
0.456319744656465,809,5,0,1,0.01,1,0,1,1,0,0,0,0,1,1,0,0,0,0,0,0,0,0,0,0,0
-0.163502054965527,809,6,0,1,0.01,1,0,1,1,0,0,0,0,1,1,0,0,0,0,0,0,0,0,0,0,0
-0.986610748984757,809,7,0,1,0.01,1,0,1,1,0,0,0,0,1,1,0,0,0,0,0,0,0,0,0,0,0
0.0782228440391436,809,8,0,1,0.01,1,0,1,1,0,0,0,0,1,1,0,0,0,0,0,0,0,0,0,0,0
-0.431897518540947,809,9,0,1,0.01,1,0,1,1,0,0,0,0,1,1,0,0,0,0,0,0,0,0,0,0,0
-0.482315133304057,809,10,0,1,0.01,1,0,1,1,0,0,0,0,1,1,0,0,0,0,0,0,0,0,0,0,0
-0.239920292395096,810,1,0,3,0.127496851579376,1,0,0,1,1,1,1,1,0,1,0,0,0,0,1,0,0,0,0,0,0
1.45042309284651,810,2,0,3,0.271249150321405,1,0,0,1,1,1,1,1,0,1,0,0,0,1,0,0,0,0,0,0,0
2.89447324942147,810,3,0,3,0.43332941456034,1,0,0,1,1,1,1,1,0,1,0,0,1,0,0,0,0,0,0,0,0
2.19699621505133,810,4,0,3,0.616074402192893,1,0,0,1,1,1,1,1,0,1,0,1,0,0,0,0,0,0,0,0,0
3.8777048875816,810,5,0,3,0.822118800390509,1,0,0,1,1,1,1,1,0,1,1,0,0,0,0,0,0,0,0,0,0
6.47652731054915,810,6,0,3,1.05443321064389,1,0,0,1,1,1,1,1,0,1,0,0,0,0,0,0,1,0,0,0,0
5.33866810991189,810,7,0,3,1.31636697678109,1,0,0,1,1,1,1,1,0,1,0,0,0,0,0,0,0,1,0,0,0
6.35266282565588,810,8,0,3,1.61169647342312,1,0,0,1,1,1,1,1,0,1,0,0,0,0,0,0,0,0,1,0,0
9.97360192844418,810,9,0,3,1.94467955106552,1,0,0,1,1,1,1,1,0,1,0,0,0,0,0,0,0,0,0,1,0
10.9432426963709,810,10,0,3,2.32011692273655,1,0,0,1,1,1,1,1,0,1,0,0,0,0,0,0,0,0,0,0,1
-0.977335271349707,811,1,0,1,0.01,0,0,0,0,0,1,1,0,0,1,0,0,0,1,0,0,0,0,0,0,0
-1.66542012131569,811,2,0,1,0.01,0,0,0,0,0,1,1,0,0,1,0,0,1,0,0,0,0,0,0,0,0
-2.02826430213897,811,3,0,1,0.01,0,0,0,0,0,1,1,0,0,1,0,1,0,0,0,0,0,0,0,0,0
1.2604033447003,811,4,0,1,0.01,0,0,0,0,0,1,1,0,0,1,1,0,0,0,0,0,0,0,0,0,0
1.58391726297364,811,5,0,1,0.01,0,0,0,0,0,1,1,0,0,1,0,0,0,0,0,0,1,0,0,0,0
-0.861539109904592,811,6,0,1,0.01,0,0,0,0,0,1,1,0,0,1,0,0,0,0,0,0,0,1,0,0,0
0.487885311285132,811,7,0,1,0.01,0,0,0,0,0,1,1,0,0,1,0,0,0,0,0,0,0,0,1,0,0
0.174526818527784,811,8,0,1,0.01,0,0,0,0,0,1,1,0,0,1,0,0,0,0,0,0,0,0,0,1,0
-0.953988311468587,811,9,0,1,0.01,0,0,0,0,0,1,1,0,0,1,0,0,0,0,0,0,0,0,0,0,1
0.993036935197521,811,10,0,1,0.01,0,0,0,0,0,1,1,0,0,1,0,0,0,0,0,0,0,0,0,0,0
0.264744130487288,812,1,0,1,0.01,0,1,1,1,1,1,0,0,1,1,0,0,0,0,0,0,0,0,0,0,0
1.5925722823644,812,2,0,1,0.01,0,1,1,1,1,1,0,0,1,1,0,0,0,0,0,0,0,0,0,0,0
2.01577853457142,812,3,0,1,0.01,0,1,1,1,1,1,0,0,1,1,0,0,0,0,0,0,0,0,0,0,0
0.55251524375022,812,4,0,1,0.01,0,1,1,1,1,1,0,0,1,1,0,0,0,0,0,0,0,0,0,0,0
-0.649867361782337,812,5,0,1,0.01,0,1,1,1,1,1,0,0,1,1,0,0,0,0,0,0,0,0,0,0,0
-0.903704118655644,812,6,0,1,0.01,0,1,1,1,1,1,0,0,1,1,0,0,0,0,0,0,0,0,0,0,0
-2.121200003037,812,7,0,1,0.01,0,1,1,1,1,1,0,0,1,1,0,0,0,0,0,0,0,0,0,0,0
-1.10961950272479,812,8,0,1,0.01,0,1,1,1,1,1,0,0,1,1,0,0,0,0,0,0,0,0,0,0,0
-0.0956120263560487,812,9,0,1,0.01,0,1,1,1,1,1,0,0,1,1,0,0,0,0,0,0,0,0,0,0,0
0.88936999037814,812,10,0,1,0.01,0,1,1,1,1,1,0,0,1,1,0,0,0,0,0,0,0,0,0,0,0
1.49301148031421,813,1,0,2,0.0512710963760241,0,1,0,0,0,1,1,1,1,0,0,0,0,0,0,0,0,0,0,0,0
-1.07275251898002,813,2,0,2,0.105170918075648,0,1,0,0,0,1,1,1,1,0,0,0,0,0,0,0,0,0,0,0,0
0.965802985112324,813,3,0,2,0.161834242728283,0,1,0,0,0,1,1,1,1,0,0,0,0,0,0,0,0,0,0,0,0
2.65657030036166,813,4,0,2,0.22140275816017,0,1,0,0,0,1,1,1,1,0,0,0,0,0,0,0,0,0,0,0,0
0.856079787407675,813,5,0,2,0.284025416687741,0,1,0,0,0,1,1,1,1,0,0,0,0,0,0,0,0,0,0,0,0
2.30128234966942,813,6,0,2,0.349858807576003,0,1,0,0,0,1,1,1,1,0,0,0,0,0,0,0,0,0,0,0,0
2.40506200645853,813,7,0,2,0.419067548593257,0,1,0,0,0,1,1,1,1,0,0,0,0,0,0,0,0,0,0,0,0
2.87707910462992,813,8,0,2,0.49182469764127,0,1,0,0,0,1,1,1,1,0,0,0,0,0,0,0,0,0,0,0,0
2.84027273796669,813,9,0,2,0.568312185490169,0,1,0,0,0,1,1,1,1,0,0,0,0,0,0,0,0,0,0,0,0
4.64681538253878,813,10,0,2,0.648721270700128,0,1,0,0,0,1,1,1,1,0,0,0,0,0,0,0,0,0,0,0,0
0.727503192043419,814,1,0,1,0.01,0,1,0,1,0,0,1,0,0,1,0,0,0,0,0,0,0,0,0,0,0
-0.214782432837766,814,2,0,1,0.01,0,1,0,1,0,0,1,0,0,1,0,0,0,0,0,0,0,0,0,0,0
-0.947115319740281,814,3,0,1,0.01,0,1,0,1,0,0,1,0,0,1,0,0,0,0,0,0,0,0,0,0,0
-1.2785981847903,814,4,0,1,0.01,0,1,0,1,0,0,1,0,0,1,0,0,0,0,0,0,0,0,0,0,0
-1.07221169413494,814,5,0,1,0.01,0,1,0,1,0,0,1,0,0,1,0,0,0,0,0,0,0,0,0,0,0
0.227663914279609,814,6,0,1,0.01,0,1,0,1,0,0,1,0,0,1,0,0,0,0,0,0,0,0,0,0,0
-2.15356069218165,814,7,0,1,0.01,0,1,0,1,0,0,1,0,0,1,0,0,0,0,0,0,0,0,0,0,0
-1.07734603911918,814,8,0,1,0.01,0,1,0,1,0,0,1,0,0,1,0,0,0,0,0,0,0,0,0,0,0
-0.174928733241096,814,9,0,1,0.01,0,1,0,1,0,0,1,0,0,1,0,0,0,0,0,0,0,0,0,0,0
2.11826516452161,814,10,0,1,0.01,0,1,0,1,0,0,1,0,0,1,0,0,0,0,0,0,0,0,0,0,0
0.482144122370728,815,1,0,3,0.127496851579376,1,0,0,1,1,0,0,1,0,1,0,0,0,0,1,0,0,0,0,0,0
2.08835906262857,815,2,0,3,0.271249150321405,1,0,0,1,1,0,0,1,0,1,0,0,0,1,0,0,0,0,0,0,0
1.02223241992482,815,3,0,3,0.43332941456034,1,0,0,1,1,0,0,1,0,1,0,0,1,0,0,0,0,0,0,0,0
3.24640040548119,815,4,0,3,0.616074402192893,1,0,0,1,1,0,0,1,0,1,0,1,0,0,0,0,0,0,0,0,0
3.78546428488359,815,5,0,3,0.822118800390509,1,0,0,1,1,0,0,1,0,1,1,0,0,0,0,0,0,0,0,0,0
5.5933256106475,815,6,0,3,1.05443321064389,1,0,0,1,1,0,0,1,0,1,0,0,0,0,0,0,1,0,0,0,0
5.98355551556803,815,7,0,3,1.31636697678109,1,0,0,1,1,0,0,1,0,1,0,0,0,0,0,0,0,1,0,0,0
6.69397370549005,815,8,0,3,1.61169647342312,1,0,0,1,1,0,0,1,0,1,0,0,0,0,0,0,0,0,1,0,0
10.7030039101498,815,9,0,3,1.94467955106552,1,0,0,1,1,0,0,1,0,1,0,0,0,0,0,0,0,0,0,1,0
12.0006034979399,815,10,0,3,2.32011692273655,1,0,0,1,1,0,0,1,0,1,0,0,0,0,0,0,0,0,0,0,1
0.82990637277209,816,1,0,1,0.01,1,0,1,0,1,1,1,0,1,0,0,0,0,0,0,0,0,0,0,0,0
-1.65565515351557,816,2,0,1,0.01,1,0,1,0,1,1,1,0,1,0,0,0,0,0,0,0,0,0,0,0,0
2.02062550062394,816,3,0,1,0.01,1,0,1,0,1,1,1,0,1,0,0,0,0,0,0,0,0,0,0,0,0
0.867463508379164,816,4,0,1,0.01,1,0,1,0,1,1,1,0,1,0,0,0,0,0,0,0,0,0,0,0,0
-1.42518460216302,816,5,0,1,0.01,1,0,1,0,1,1,1,0,1,0,0,0,0,0,0,0,0,0,0,0,0
-0.101288847050615,816,6,0,1,0.01,1,0,1,0,1,1,1,0,1,0,0,0,0,0,0,0,0,0,0,0,0
1.61749587187274,816,7,0,1,0.01,1,0,1,0,1,1,1,0,1,0,0,0,0,0,0,0,0,0,0,0,0
0.387301405659362,816,8,0,1,0.01,1,0,1,0,1,1,1,0,1,0,0,0,0,0,0,0,0,0,0,0,0
0.904991068594138,816,9,0,1,0.01,1,0,1,0,1,1,1,0,1,0,0,0,0,0,0,0,0,0,0,0,0
0.0911775272000268,816,10,0,1,0.01,1,0,1,0,1,1,1,0,1,0,0,0,0,0,0,0,0,0,0,0,0
1.04219315986393,817,1,0,2,0.0512710963760241,0,0,0,1,1,0,0,1,1,0,0,0,0,0,0,0,0,0,0,0,0
-0.265351298751221,817,2,0,2,0.105170918075648,0,0,0,1,1,0,0,1,1,0,0,0,0,0,0,0,0,0,0,0,0
3.21083108542299,817,3,0,2,0.161834242728283,0,0,0,1,1,0,0,1,1,0,0,0,0,0,0,0,0,0,0,0,0
2.10485729249019,817,4,0,2,0.22140275816017,0,0,0,1,1,0,0,1,1,0,0,0,0,0,0,0,0,0,0,0,0
1.11213319233322,817,5,0,2,0.284025416687741,0,0,0,1,1,0,0,1,1,0,0,0,0,0,0,0,0,0,0,0,0
2.52369950723548,817,6,0,2,0.349858807576003,0,0,0,1,1,0,0,1,1,0,0,0,0,0,0,0,0,0,0,0,0
1.87649290351893,817,7,0,2,0.419067548593257,0,0,0,1,1,0,0,1,1,0,0,0,0,0,0,0,0,0,0,0,0
2.06805067837779,817,8,0,2,0.49182469764127,0,0,0,1,1,0,0,1,1,0,0,0,0,0,0,0,0,0,0,0,0
2.31540359993036,817,9,0,2,0.568312185490169,0,0,0,1,1,0,0,1,1,0,0,0,0,0,0,0,0,0,0,0,0
3.15306466392653,817,10,0,2,0.648721270700128,0,0,0,1,1,0,0,1,1,0,0,0,0,0,0,0,0,0,0,0,0
0.603820709232914,818,1,0,2,0.0512710963760241,0,0,0,1,0,0,1,0,0,1,0,0,0,0,0,0,0,0,0,0,0
3.14434211398117,818,2,0,2,0.105170918075648,0,0,0,1,0,0,1,0,0,1,0,0,0,0,0,0,0,0,0,0,0
0.88994902218667,818,3,0,2,0.161834242728283,0,0,0,1,0,0,1,0,0,1,0,0,0,0,0,0,0,0,0,0,0
1.44373949136837,818,4,0,2,0.22140275816017,0,0,0,1,0,0,1,0,0,1,0,0,0,0,0,0,0,0,0,0,0
2.71916827525794,818,5,0,2,0.284025416687741,0,0,0,1,0,0,1,0,0,1,0,0,0,0,0,0,0,0,0,0,0
1.67709137377017,818,6,0,2,0.349858807576003,0,0,0,1,0,0,1,0,0,1,0,0,0,0,0,0,0,0,0,0,0
2.0897038585174,818,7,0,2,0.419067548593257,0,0,0,1,0,0,1,0,0,1,0,0,0,0,0,0,0,0,0,0,0
1.24296916993091,818,8,0,2,0.49182469764127,0,0,0,1,0,0,1,0,0,1,0,0,0,0,0,0,0,0,0,0,0
2.49662847022489,818,9,0,2,0.568312185490169,0,0,0,1,0,0,1,0,0,1,0,0,0,0,0,0,0,0,0,0,0
3.50543723483594,818,10,0,2,0.648721270700128,0,0,0,1,0,0,1,0,0,1,0,0,0,0,0,0,0,0,0,0,0
0.0680797986704074,819,1,0,2,0.0512710963760241,0,0,0,1,1,0,0,0,0,1,0,0,0,0,0,0,0,0,0,0,0
1.8871342857878,819,2,0,2,0.105170918075648,0,0,0,1,1,0,0,0,0,1,0,0,0,0,0,0,0,0,0,0,0
-1.41795623172652,819,3,0,2,0.161834242728283,0,0,0,1,1,0,0,0,0,1,0,0,0,0,0,0,0,0,0,0,0
0.319798723707479,819,4,0,2,0.22140275816017,0,0,0,1,1,0,0,0,0,1,0,0,0,0,0,0,0,0,0,0,0
-0.307154838314668,819,5,0,2,0.284025416687741,0,0,0,1,1,0,0,0,0,1,0,0,0,0,0,0,0,0,0,0,0
0.924131275841934,819,6,0,2,0.349858807576003,0,0,0,1,1,0,0,0,0,1,0,0,0,0,0,0,0,0,0,0,0
2.50838844230402,819,7,0,2,0.419067548593257,0,0,0,1,1,0,0,0,0,1,0,0,0,0,0,0,0,0,0,0,0
2.82714298544701,819,8,0,2,0.49182469764127,0,0,0,1,1,0,0,0,0,1,0,0,0,0,0,0,0,0,0,0,0
2.21196704799935,819,9,0,2,0.568312185490169,0,0,0,1,1,0,0,0,0,1,0,0,0,0,0,0,0,0,0,0,0
2.98299897264215,819,10,0,2,0.648721270700128,0,0,0,1,1,0,0,0,0,1,0,0,0,0,0,0,0,0,0,0,0
0.14179269371928,820,1,0,1,0.01,1,0,1,0,0,0,0,1,0,0,0,0,0,0,0,0,0,0,0,0,0
0.19307485766007,820,2,0,1,0.01,1,0,1,0,0,0,0,1,0,0,0,0,0,0,0,0,0,0,0,0,0
1.91771512718806,820,3,0,1,0.01,1,0,1,0,0,0,0,1,0,0,0,0,0,0,0,0,0,0,0,0,0
-0.197307055036569,820,4,0,1,0.01,1,0,1,0,0,0,0,1,0,0,0,0,0,0,0,0,0,0,0,0,0
1.49443529049328,820,5,0,1,0.01,1,0,1,0,0,0,0,1,0,0,0,0,0,0,0,0,0,0,0,0,0
-0.345690184974319,820,6,0,1,0.01,1,0,1,0,0,0,0,1,0,0,0,0,0,0,0,0,0,0,0,0,0
-0.716321462447711,820,7,0,1,0.01,1,0,1,0,0,0,0,1,0,0,0,0,0,0,0,0,0,0,0,0,0
0.414964407217272,820,8,0,1,0.01,1,0,1,0,0,0,0,1,0,0,0,0,0,0,0,0,0,0,0,0,0
-1.05478547006561,820,9,0,1,0.01,1,0,1,0,0,0,0,1,0,0,0,0,0,0,0,0,0,0,0,0,0
-0.597623966013678,820,10,0,1,0.01,1,0,1,0,0,0,0,1,0,0,0,0,0,0,0,0,0,0,0,0,0
0.547889342323234,821,1,0,1,0.01,1,1,1,0,0,0,1,0,1,1,0,0,0,0,0,0,0,0,0,0,0
-0.682921803147972,821,2,0,1,0.01,1,1,1,0,0,0,1,0,1,1,0,0,0,0,0,0,0,0,0,0,0
2.38594994949656,821,3,0,1,0.01,1,1,1,0,0,0,1,0,1,1,0,0,0,0,0,0,0,0,0,0,0
1.82961046916668,821,4,0,1,0.01,1,1,1,0,0,0,1,0,1,1,0,0,0,0,0,0,0,0,0,0,0
-0.813480403481996,821,5,0,1,0.01,1,1,1,0,0,0,1,0,1,1,0,0,0,0,0,0,0,0,0,0,0
2.28640185864331,821,6,0,1,0.01,1,1,1,0,0,0,1,0,1,1,0,0,0,0,0,0,0,0,0,0,0
-0.992934011416783,821,7,0,1,0.01,1,1,1,0,0,0,1,0,1,1,0,0,0,0,0,0,0,0,0,0,0
-0.468803602689533,821,8,0,1,0.01,1,1,1,0,0,0,1,0,1,1,0,0,0,0,0,0,0,0,0,0,0
-2.23532847475802,821,9,0,1,0.01,1,1,1,0,0,0,1,0,1,1,0,0,0,0,0,0,0,0,0,0,0
0.995900087853784,821,10,0,1,0.01,1,1,1,0,0,0,1,0,1,1,0,0,0,0,0,0,0,0,0,0,0
0.696155614876996,822,1,0,3,0.127496851579376,1,0,1,1,1,0,1,1,1,1,0,0,0,0,0,0,0,0,0,0,0
-0.534186131461205,822,2,0,3,0.271249150321405,1,0,1,1,1,0,1,1,1,1,0,0,0,0,0,0,0,0,0,0,0
0.836579232927087,822,3,0,3,0.43332941456034,1,0,1,1,1,0,1,1,1,1,0,0,0,0,0,0,0,0,0,0,0
3.00428037536776,822,4,0,3,0.616074402192893,1,0,1,1,1,0,1,1,1,1,0,0,0,0,0,0,0,0,0,0,0
3.59559217468382,822,5,0,3,0.822118800390509,1,0,1,1,1,0,1,1,1,1,0,0,0,0,0,0,0,0,0,0,0
3.8419628900026,822,6,0,3,1.05443321064389,1,0,1,1,1,0,1,1,1,1,0,0,0,0,0,0,0,0,0,0,0
5.60694605806069,822,7,0,3,1.31636697678109,1,0,1,1,1,0,1,1,1,1,0,0,0,0,0,0,0,0,0,0,0
10.154820826741,822,8,0,3,1.61169647342312,1,0,1,1,1,0,1,1,1,1,0,0,0,0,0,0,0,0,0,0,0
8.73661665362027,822,9,0,3,1.94467955106552,1,0,1,1,1,0,1,1,1,1,0,0,0,0,0,0,0,0,0,0,0
12.3785813551214,822,10,0,3,2.32011692273655,1,0,1,1,1,0,1,1,1,1,0,0,0,0,0,0,0,0,0,0,0
0.193689655452339,823,1,0,3,0.127496851579376,1,0,1,0,1,0,0,1,1,0,0,0,0,0,0,0,0,0,0,0,0
0.885194447887922,823,2,0,3,0.271249150321405,1,0,1,0,1,0,0,1,1,0,0,0,0,0,0,0,0,0,0,0,0
2.71469658464877,823,3,0,3,0.43332941456034,1,0,1,0,1,0,0,1,1,0,0,0,0,0,0,1,0,0,0,0,0
4.28015025629025,823,4,0,3,0.616074402192893,1,0,1,0,1,0,0,1,1,0,0,0,0,0,1,0,0,0,0,0,0
5.10894607033526,823,5,0,3,0.822118800390509,1,0,1,0,1,0,0,1,1,0,0,0,0,1,0,0,0,0,0,0,0
5.39321898769415,823,6,0,3,1.05443321064389,1,0,1,0,1,0,0,1,1,0,0,0,1,0,0,0,0,0,0,0,0
6.27260094086978,823,7,0,3,1.31636697678109,1,0,1,0,1,0,0,1,1,0,0,1,0,0,0,0,0,0,0,0,0
8.10520010152959,823,8,0,3,1.61169647342312,1,0,1,0,1,0,0,1,1,0,1,0,0,0,0,0,0,0,0,0,0
7.31594560635622,823,9,0,3,1.94467955106552,1,0,1,0,1,0,0,1,1,0,0,0,0,0,0,0,1,0,0,0,0
12.2957472426163,823,10,0,3,2.32011692273655,1,0,1,0,1,0,0,1,1,0,0,0,0,0,0,0,0,1,0,0,0
0.791596094393515,824,1,0,1,0.01,1,0,0,0,1,0,0,1,1,0,0,0,0,0,0,0,0,0,0,0,0
0.0192761235923204,824,2,0,1,0.01,1,0,0,0,1,0,0,1,1,0,0,0,0,0,0,0,0,0,0,0,0
0.526786752382305,824,3,0,1,0.01,1,0,0,0,1,0,0,1,1,0,0,0,0,0,0,0,0,0,0,0,0
0.448358318350305,824,4,0,1,0.01,1,0,0,0,1,0,0,1,1,0,0,0,0,0,0,0,0,0,0,0,0
-0.0488372655647776,824,5,0,1,0.01,1,0,0,0,1,0,0,1,1,0,0,0,0,0,0,0,0,0,0,0,0
1.23975199748212,824,6,0,1,0.01,1,0,0,0,1,0,0,1,1,0,0,0,0,0,0,0,0,0,0,0,0
-0.127365422311957,824,7,0,1,0.01,1,0,0,0,1,0,0,1,1,0,0,0,0,0,0,0,0,0,0,0,0
-0.372793447096949,824,8,0,1,0.01,1,0,0,0,1,0,0,1,1,0,0,0,0,0,0,0,0,0,0,0,0
-1.04005157640634,824,9,0,1,0.01,1,0,0,0,1,0,0,1,1,0,0,0,0,0,0,0,0,0,0,0,0
-0.115833861211262,824,10,0,1,0.01,1,0,0,0,1,0,0,1,1,0,0,0,0,0,0,0,0,0,0,0,0
1.27010804999388,825,1,0,2,0.0512710963760241,1,0,0,1,0,0,0,0,1,0,0,0,0,0,0,0,0,0,0,0,0
0.574468299191435,825,2,0,2,0.105170918075648,1,0,0,1,0,0,0,0,1,0,0,0,0,0,0,0,0,0,0,0,0
0.388954684614468,825,3,0,2,0.161834242728283,1,0,0,1,0,0,0,0,1,0,0,0,0,0,0,0,0,0,0,0,0
0.102013394863789,825,4,0,2,0.22140275816017,1,0,0,1,0,0,0,0,1,0,0,0,0,0,0,0,0,0,0,0,0
1.99319194603877,825,5,0,2,0.284025416687741,1,0,0,1,0,0,0,0,1,0,0,0,0,0,0,0,0,0,0,0,0
2.30470983061661,825,6,0,2,0.349858807576003,1,0,0,1,0,0,0,0,1,0,0,0,0,0,0,0,0,0,0,0,0
1.39663357956196,825,7,0,2,0.419067548593257,1,0,0,1,0,0,0,0,1,0,0,0,0,0,0,0,0,0,0,0,0
3.74177606988883,825,8,0,2,0.49182469764127,1,0,0,1,0,0,0,0,1,0,0,0,0,0,0,0,0,0,0,0,0
1.34025103827681,825,9,0,2,0.568312185490169,1,0,0,1,0,0,0,0,1,0,0,0,0,0,0,0,0,0,0,0,0
2.60170707993688,825,10,0,2,0.648721270700128,1,0,0,1,0,0,0,0,1,0,0,0,0,0,0,0,0,0,0,0,0
0.0313302587851663,826,1,0,1,0.01,1,0,0,0,0,0,1,0,1,0,1,0,0,0,0,0,0,0,0,0,0
-0.800213253281754,826,2,0,1,0.01,1,0,0,0,0,0,1,0,1,0,0,0,0,0,0,0,1,0,0,0,0
0.426782923737238,826,3,0,1,0.01,1,0,0,0,0,0,1,0,1,0,0,0,0,0,0,0,0,1,0,0,0
-0.237405596635438,826,4,0,1,0.01,1,0,0,0,0,0,1,0,1,0,0,0,0,0,0,0,0,0,1,0,0
-1.0630866168413,826,5,0,1,0.01,1,0,0,0,0,0,1,0,1,0,0,0,0,0,0,0,0,0,0,1,0
0.588822561557342,826,6,0,1,0.01,1,0,0,0,0,0,1,0,1,0,0,0,0,0,0,0,0,0,0,0,1
0.927415196974221,826,7,0,1,0.01,1,0,0,0,0,0,1,0,1,0,0,0,0,0,0,0,0,0,0,0,0
-1.45115716603338,826,8,0,1,0.01,1,0,0,0,0,0,1,0,1,0,0,0,0,0,0,0,0,0,0,0,0
0.71675751212143,826,9,0,1,0.01,1,0,0,0,0,0,1,0,1,0,0,0,0,0,0,0,0,0,0,0,0
0.351289289844264,826,10,0,1,0.01,1,0,0,0,0,0,1,0,1,0,0,0,0,0,0,0,0,0,0,0,0
1.15777124401911,827,1,0,1,0.01,0,1,0,0,0,1,1,1,0,0,0,0,0,1,0,0,0,0,0,0,0
0.0376156406193541,827,2,0,1,0.01,0,1,0,0,0,1,1,1,0,0,0,0,1,0,0,0,0,0,0,0,0
0.174639061799848,827,3,0,1,0.01,0,1,0,0,0,1,1,1,0,0,0,1,0,0,0,0,0,0,0,0,0
-0.0132825328215053,827,4,0,1,0.01,0,1,0,0,0,1,1,1,0,0,1,0,0,0,0,0,0,0,0,0,0
0.647133841289865,827,5,0,1,0.01,0,1,0,0,0,1,1,1,0,0,0,0,0,0,0,0,1,0,0,0,0
0.883501551544466,827,6,0,1,0.01,0,1,0,0,0,1,1,1,0,0,0,0,0,0,0,0,0,1,0,0,0
2.22700989234917,827,7,0,1,0.01,0,1,0,0,0,1,1,1,0,0,0,0,0,0,0,0,0,0,1,0,0
1.68948572291663,827,8,0,1,0.01,0,1,0,0,0,1,1,1,0,0,0,0,0,0,0,0,0,0,0,1,0
-1.11914224324898,827,9,0,1,0.01,0,1,0,0,0,1,1,1,0,0,0,0,0,0,0,0,0,0,0,0,1
0.635065612691963,827,10,0,1,0.01,0,1,0,0,0,1,1,1,0,0,0,0,0,0,0,0,0,0,0,0,0
-0.50613672794985,828,1,0,1,0.01,1,0,0,0,1,0,1,1,1,0,0,0,0,0,0,0,0,0,0,0,0
2.2906336391773,828,2,0,1,0.01,1,0,0,0,1,0,1,1,1,0,0,0,0,0,0,0,0,0,0,0,0
1.05500330295531,828,3,0,1,0.01,1,0,0,0,1,0,1,1,1,0,0,0,0,0,0,0,0,0,0,0,0
0.278805231692784,828,4,0,1,0.01,1,0,0,0,1,0,1,1,1,0,0,0,0,0,0,0,0,0,0,0,0
0.458371397937786,828,5,0,1,0.01,1,0,0,0,1,0,1,1,1,0,0,0,0,0,0,0,0,0,0,0,0
-0.611842679586379,828,6,0,1,0.01,1,0,0,0,1,0,1,1,1,0,0,0,0,0,0,0,0,0,0,0,0
-0.0605464661506046,828,7,0,1,0.01,1,0,0,0,1,0,1,1,1,0,0,0,0,0,0,0,0,0,0,0,0
0.344411017650537,828,8,0,1,0.01,1,0,0,0,1,0,1,1,1,0,0,0,0,0,0,0,0,0,0,0,0
-1.82819813609959,828,9,0,1,0.01,1,0,0,0,1,0,1,1,1,0,0,0,0,0,0,0,0,0,0,0,0
0.441409925208816,828,10,0,1,0.01,1,0,0,0,1,0,1,1,1,0,0,0,0,0,0,0,0,0,0,0,0
1.52227193240741,829,1,0,1,0.01,1,0,0,0,1,0,1,1,0,1,0,0,0,0,1,0,0,0,0,0,0
0.985454511205043,829,2,0,1,0.01,1,0,0,0,1,0,1,1,0,1,0,0,0,1,0,0,0,0,0,0,0
-0.753180286986659,829,3,0,1,0.01,1,0,0,0,1,0,1,1,0,1,0,0,1,0,0,0,0,0,0,0,0
0.542207829406272,829,4,0,1,0.01,1,0,0,0,1,0,1,1,0,1,0,1,0,0,0,0,0,0,0,0,0
0.354029884678478,829,5,0,1,0.01,1,0,0,0,1,0,1,1,0,1,1,0,0,0,0,0,0,0,0,0,0
-0.0157642044656074,829,6,0,1,0.01,1,0,0,0,1,0,1,1,0,1,0,0,0,0,0,0,1,0,0,0,0
2.34002070401404,829,7,0,1,0.01,1,0,0,0,1,0,1,1,0,1,0,0,0,0,0,0,0,1,0,0,0
-1.329897742282,829,8,0,1,0.01,1,0,0,0,1,0,1,1,0,1,0,0,0,0,0,0,0,0,1,0,0
1.08054407539482,829,9,0,1,0.01,1,0,0,0,1,0,1,1,0,1,0,0,0,0,0,0,0,0,0,1,0
0.477364274009082,829,10,0,1,0.01,1,0,0,0,1,0,1,1,0,1,0,0,0,0,0,0,0,0,0,0,1
1.22916116748057,830,1,0,1,0.01,1,0,0,1,1,1,0,0,1,0,0,0,0,0,0,0,0,0,0,0,0
-1.17018904049428,830,2,0,1,0.01,1,0,0,1,1,1,0,0,1,0,0,0,0,0,0,0,0,0,0,0,0
-0.640662676216889,830,3,0,1,0.01,1,0,0,1,1,1,0,0,1,0,0,0,0,0,0,0,0,0,0,0,0
1.07447555180492,830,4,0,1,0.01,1,0,0,1,1,1,0,0,1,0,0,0,0,0,0,0,0,0,0,0,0
-0.943290768064292,830,5,0,1,0.01,1,0,0,1,1,1,0,0,1,0,0,0,0,0,0,0,0,0,0,0,0
-0.057658637560363,830,6,0,1,0.01,1,0,0,1,1,1,0,0,1,0,0,0,0,0,0,0,0,0,0,0,0
0.375951670943889,830,7,0,1,0.01,1,0,0,1,1,1,0,0,1,0,0,0,0,0,0,0,0,0,0,0,0
0.0306910147306144,830,8,0,1,0.01,1,0,0,1,1,1,0,0,1,0,0,0,0,0,0,0,0,0,0,0,0
-0.264322545649603,830,9,0,1,0.01,1,0,0,1,1,1,0,0,1,0,0,0,0,0,0,0,0,0,0,0,0
-2.20755851035259,830,10,0,1,0.01,1,0,0,1,1,1,0,0,1,0,0,0,0,0,0,0,0,0,0,0,0
-2.04752131621854,831,1,0,1,0.01,1,1,1,1,1,1,1,1,0,0,0,0,0,0,0,0,0,0,0,0,0
-0.679405433361316,831,2,0,1,0.01,1,1,1,1,1,1,1,1,0,0,0,0,0,0,0,0,0,0,0,0,0
2.59197111686433,831,3,0,1,0.01,1,1,1,1,1,1,1,1,0,0,0,0,0,0,0,0,0,0,0,0,0
0.531049473039215,831,4,0,1,0.01,1,1,1,1,1,1,1,1,0,0,0,0,0,0,0,0,0,0,0,0,0
1.64164387531463,831,5,0,1,0.01,1,1,1,1,1,1,1,1,0,0,0,0,0,0,0,0,0,0,0,0,0
-1.43798387730461,831,6,0,1,0.01,1,1,1,1,1,1,1,1,0,0,0,0,0,0,0,0,0,0,0,0,0
-0.944634721249529,831,7,0,1,0.01,1,1,1,1,1,1,1,1,0,0,0,0,0,0,0,0,0,0,0,0,0
1.87057077726503,831,8,0,1,0.01,1,1,1,1,1,1,1,1,0,0,0,0,0,0,0,0,0,0,0,0,0
1.37552182203776,831,9,0,1,0.01,1,1,1,1,1,1,1,1,0,0,0,0,0,0,0,0,0,0,0,0,0
-0.295113406641254,831,10,0,1,0.01,1,1,1,1,1,1,1,1,0,0,0,0,0,0,0,0,0,0,0,0,0
-2.17512104545649,832,1,0,2,0.0512710963760241,1,0,0,1,1,1,0,1,1,0,0,0,0,0,0,0,0,0,0,0,0
1.10948055139481,832,2,0,2,0.105170918075648,1,0,0,1,1,1,0,1,1,0,0,0,0,0,0,0,0,0,0,0,0
0.761676342100049,832,3,0,2,0.161834242728283,1,0,0,1,1,1,0,1,1,0,0,0,0,0,0,0,0,0,0,0,0
1.97030959195502,832,4,0,2,0.22140275816017,1,0,0,1,1,1,0,1,1,0,0,0,0,0,0,0,0,0,0,0,0
1.00628866738704,832,5,0,2,0.284025416687741,1,0,0,1,1,1,0,1,1,0,0,0,0,0,0,0,0,0,0,0,0
-0.45580155911763,832,6,0,2,0.349858807576003,1,0,0,1,1,1,0,1,1,0,0,0,0,0,0,0,0,0,0,0,0
1.33335038679744,832,7,0,2,0.419067548593257,1,0,0,1,1,1,0,1,1,0,0,0,0,0,0,0,0,0,0,0,0
0.871110825497047,832,8,0,2,0.49182469764127,1,0,0,1,1,1,0,1,1,0,0,0,0,0,0,0,0,0,0,0,0
3.00177858890279,832,9,0,2,0.568312185490169,1,0,0,1,1,1,0,1,1,0,0,0,0,0,0,0,0,0,0,0,0
3.57893645617637,832,10,0,2,0.648721270700128,1,0,0,1,1,1,0,1,1,0,0,0,0,0,0,0,0,0,0,0,0
2.54734211002581,833,1,0,1,0.01,1,1,1,0,1,0,1,0,0,0,0,0,0,0,0,0,0,0,0,0,0
1.12492804627096,833,2,0,1,0.01,1,1,1,0,1,0,1,0,0,0,0,0,0,0,0,0,0,0,0,0,0
1.29198778953,833,3,0,1,0.01,1,1,1,0,1,0,1,0,0,0,0,0,0,0,0,0,0,0,0,0,0
-0.000353838123355293,833,4,0,1,0.01,1,1,1,0,1,0,1,0,0,0,0,0,0,0,0,0,0,0,0,0,0
-1.55829048955538,833,5,0,1,0.01,1,1,1,0,1,0,1,0,0,0,0,0,0,0,0,0,0,0,0,0,0
-0.614027872939512,833,6,0,1,0.01,1,1,1,0,1,0,1,0,0,0,0,0,0,0,0,0,0,0,0,0,0
0.910405404066144,833,7,0,1,0.01,1,1,1,0,1,0,1,0,0,0,0,0,0,0,0,0,0,0,0,0,0
-1.08972559308231,833,8,0,1,0.01,1,1,1,0,1,0,1,0,0,0,0,0,0,0,0,0,0,0,0,0,0
-0.650879794988921,833,9,0,1,0.01,1,1,1,0,1,0,1,0,0,0,0,0,0,0,0,0,0,0,0,0,0
-1.0113790437862,833,10,0,1,0.01,1,1,1,0,1,0,1,0,0,0,0,0,0,0,0,0,0,0,0,0,0
1.53762120551608,834,1,0,2,0.0512710963760241,0,0,1,0,1,1,0,0,0,1,0,0,0,0,0,0,0,0,0,0,0
-0.18141887113957,834,2,0,2,0.105170918075648,0,0,1,0,1,1,0,0,0,1,0,0,0,0,0,0,0,0,0,0,0
0.939312915350798,834,3,0,2,0.161834242728283,0,0,1,0,1,1,0,0,0,1,0,0,0,0,0,0,0,0,0,0,0
-0.896434844590732,834,4,0,2,0.22140275816017,0,0,1,0,1,1,0,0,0,1,0,0,0,0,0,0,0,0,0,0,0
0.0518572782199254,834,5,0,2,0.284025416687741,0,0,1,0,1,1,0,0,0,1,0,0,0,0,0,0,0,0,0,0,0
1.42028782697066,834,6,0,2,0.349858807576003,0,0,1,0,1,1,0,0,0,1,0,0,0,0,0,0,0,0,0,0,0
0.288763010851141,834,7,0,2,0.419067548593257,0,0,1,0,1,1,0,0,0,1,0,0,0,0,0,0,0,0,0,0,0
1.26782817901177,834,8,0,2,0.49182469764127,0,0,1,0,1,1,0,0,0,1,0,0,0,0,0,0,0,0,0,0,0
2.77368977372928,834,9,0,2,0.568312185490169,0,0,1,0,1,1,0,0,0,1,0,0,0,0,0,0,0,0,0,0,0
3.37333823927367,834,10,0,2,0.648721270700128,0,0,1,0,1,1,0,0,0,1,0,0,0,0,0,0,0,0,0,0,0
-0.560753394446555,835,1,0,2,0.0512710963760241,1,0,1,1,0,1,0,1,0,1,0,0,0,0,0,0,0,0,0,0,0
0.256623162749068,835,2,0,2,0.105170918075648,1,0,1,1,0,1,0,1,0,1,0,0,0,0,0,0,0,0,0,0,0
0.289186301524081,835,3,0,2,0.161834242728283,1,0,1,1,0,1,0,1,0,1,0,0,0,0,0,0,0,0,0,0,0
2.36361568666043,835,4,0,2,0.22140275816017,1,0,1,1,0,1,0,1,0,1,0,0,0,0,0,0,0,0,0,0,0
1.85295768322396,835,5,0,2,0.284025416687741,1,0,1,1,0,1,0,1,0,1,0,0,0,0,0,0,0,0,0,0,0
2.43274366678208,835,6,0,2,0.349858807576003,1,0,1,1,0,1,0,1,0,1,0,0,0,0,0,0,0,0,0,0,0
1.84027312331945,835,7,0,2,0.419067548593257,1,0,1,1,0,1,0,1,0,1,0,0,0,0,0,0,0,0,0,0,0
2.61375751678942,835,8,0,2,0.49182469764127,1,0,1,1,0,1,0,1,0,1,0,0,0,0,0,0,0,0,0,0,0
1.28820030296491,835,9,0,2,0.568312185490169,1,0,1,1,0,1,0,1,0,1,0,0,0,0,0,0,0,0,0,0,0
2.86509784719408,835,10,0,2,0.648721270700128,1,0,1,1,0,1,0,1,0,1,0,0,0,0,0,0,0,0,0,0,0
0.361549746447952,836,1,0,2,0.0512710963760241,0,0,0,1,1,1,0,1,0,1,0,0,0,0,0,0,0,0,0,0,0
-0.920263916534191,836,2,0,2,0.105170918075648,0,0,0,1,1,1,0,1,0,1,0,0,0,0,0,0,0,0,0,0,0
-1.09842028181138,836,3,0,2,0.161834242728283,0,0,0,1,1,1,0,1,0,1,0,0,0,0,0,0,0,0,0,0,0
0.603793018913795,836,4,0,2,0.22140275816017,0,0,0,1,1,1,0,1,0,1,0,0,0,0,0,0,0,0,0,0,0
0.681649568044219,836,5,0,2,0.284025416687741,0,0,0,1,1,1,0,1,0,1,0,0,0,0,0,0,0,0,0,0,0
3.37955805895904,836,6,0,2,0.349858807576003,0,0,0,1,1,1,0,1,0,1,0,0,0,0,0,0,0,0,0,0,0
0.476912997444027,836,7,0,2,0.419067548593257,0,0,0,1,1,1,0,1,0,1,0,0,0,0,0,0,0,0,0,0,0
2.59158637465887,836,8,0,2,0.49182469764127,0,0,0,1,1,1,0,1,0,1,0,0,0,0,0,0,0,0,0,0,0
0.471202050827372,836,9,0,2,0.568312185490169,0,0,0,1,1,1,0,1,0,1,0,0,0,0,0,0,0,0,0,0,0
3.25413635840672,836,10,0,2,0.648721270700128,0,0,0,1,1,1,0,1,0,1,0,0,0,0,0,0,0,0,0,0,0
0.150137507366306,837,1,0,3,0.127496851579376,1,0,0,0,0,0,0,1,0,0,0,0,0,0,0,0,0,0,0,0,0
1.99106991940923,837,2,0,3,0.271249150321405,1,0,0,0,0,0,0,1,0,0,0,0,0,0,0,0,0,0,0,0,0
2.02443212982814,837,3,0,3,0.43332941456034,1,0,0,0,0,0,0,1,0,0,0,0,0,0,0,0,0,0,0,0,0
3.20340599897021,837,4,0,3,0.616074402192893,1,0,0,0,0,0,0,1,0,0,0,0,0,0,0,0,0,0,0,0,0
3.25076021630777,837,5,0,3,0.822118800390509,1,0,0,0,0,0,0,1,0,0,0,0,0,0,0,0,0,0,0,0,0
6.6514803827068,837,6,0,3,1.05443321064389,1,0,0,0,0,0,0,1,0,0,0,0,0,0,0,0,0,0,0,0,0
6.4209074884705,837,7,0,3,1.31636697678109,1,0,0,0,0,0,0,1,0,0,0,0,0,0,0,0,0,0,0,0,0
7.45635525948492,837,8,0,3,1.61169647342312,1,0,0,0,0,0,0,1,0,0,0,0,0,0,0,0,0,0,0,0,0
10.7720551606256,837,9,0,3,1.94467955106552,1,0,0,0,0,0,0,1,0,0,0,0,0,0,0,0,0,0,0,0,0
10.5633258130932,837,10,0,3,2.32011692273655,1,0,0,0,0,0,0,1,0,0,0,0,0,0,0,0,0,0,0,0,0
0.223688834813947,838,1,0,2,0.0512710963760241,0,1,1,1,0,1,0,0,1,1,0,0,0,0,0,0,0,0,0,0,0
1.49419319216792,838,2,0,2,0.105170918075648,0,1,1,1,0,1,0,0,1,1,0,0,0,0,0,0,0,0,0,0,0
1.60925810557748,838,3,0,2,0.161834242728283,0,1,1,1,0,1,0,0,1,1,0,0,0,0,0,0,0,0,0,0,0
0.765495463054019,838,4,0,2,0.22140275816017,0,1,1,1,0,1,0,0,1,1,0,0,0,0,0,0,0,0,0,0,0
3.07796310106632,838,5,0,2,0.284025416687741,0,1,1,1,0,1,0,0,1,1,0,0,0,0,0,0,0,0,0,0,0
-0.283417219725046,838,6,0,2,0.349858807576003,0,1,1,1,0,1,0,0,1,1,0,0,0,0,0,0,0,0,0,0,0
4.36339453432626,838,7,0,2,0.419067548593257,0,1,1,1,0,1,0,0,1,1,0,0,0,0,0,0,0,0,0,0,0
4.37022565652496,838,8,0,2,0.49182469764127,0,1,1,1,0,1,0,0,1,1,0,0,0,0,0,0,0,0,0,0,0
4.46763771971471,838,9,0,2,0.568312185490169,0,1,1,1,0,1,0,0,1,1,0,0,0,0,0,0,0,0,0,0,0
4.31156540756398,838,10,0,2,0.648721270700128,0,1,1,1,0,1,0,0,1,1,0,0,0,0,0,0,0,0,0,0,0
-0.209695334059289,839,1,0,3,0.127496851579376,0,1,0,1,0,1,1,0,1,0,0,0,0,0,0,0,0,0,0,0,0
2.79678555483578,839,2,0,3,0.271249150321405,0,1,0,1,0,1,1,0,1,0,0,0,0,0,0,1,0,0,0,0,0
2.08159490147485,839,3,0,3,0.43332941456034,0,1,0,1,0,1,1,0,1,0,0,0,0,0,1,0,0,0,0,0,0
3.49619780316509,839,4,0,3,0.616074402192893,0,1,0,1,0,1,1,0,1,0,0,0,0,1,0,0,0,0,0,0,0
3.68316050243229,839,5,0,3,0.822118800390509,0,1,0,1,0,1,1,0,1,0,0,0,1,0,0,0,0,0,0,0,0
4.37130230222621,839,6,0,3,1.05443321064389,0,1,0,1,0,1,1,0,1,0,0,1,0,0,0,0,0,0,0,0,0
7.25226738450878,839,7,0,3,1.31636697678109,0,1,0,1,0,1,1,0,1,0,1,0,0,0,0,0,0,0,0,0,0
9.09115733518369,839,8,0,3,1.61169647342312,0,1,0,1,0,1,1,0,1,0,0,0,0,0,0,0,1,0,0,0,0
9.18418766414985,839,9,0,3,1.94467955106552,0,1,0,1,0,1,1,0,1,0,0,0,0,0,0,0,0,1,0,0,0
11.8296410919118,839,10,0,3,2.32011692273655,0,1,0,1,0,1,1,0,1,0,0,0,0,0,0,0,0,0,1,0,0
-0.0591446994425502,840,1,0,1,0.01,1,0,0,0,1,0,0,0,1,1,0,0,0,0,0,0,0,0,0,0,0
-0.499432654739619,840,2,0,1,0.01,1,0,0,0,1,0,0,0,1,1,0,0,0,0,0,0,0,0,0,0,0
0.313641310939503,840,3,0,1,0.01,1,0,0,0,1,0,0,0,1,1,0,0,0,0,0,0,0,0,0,0,0
0.512079785918819,840,4,0,1,0.01,1,0,0,0,1,0,0,0,1,1,0,0,0,0,0,0,0,0,0,0,0
-0.360372596807281,840,5,0,1,0.01,1,0,0,0,1,0,0,0,1,1,0,0,0,0,0,0,0,0,0,0,0
1.02182217619835,840,6,0,1,0.01,1,0,0,0,1,0,0,0,1,1,0,0,0,0,0,0,0,0,0,0,0
-0.387313539871236,840,7,0,1,0.01,1,0,0,0,1,0,0,0,1,1,0,0,0,0,0,0,0,0,0,0,0
-2.87469744531764,840,8,0,1,0.01,1,0,0,0,1,0,0,0,1,1,0,0,0,0,0,0,0,0,0,0,0
-1.45414977860692,840,9,0,1,0.01,1,0,0,0,1,0,0,0,1,1,0,0,0,0,0,0,0,0,0,0,0
0.668270448658601,840,10,0,1,0.01,1,0,0,0,1,0,0,0,1,1,0,0,0,0,0,0,0,0,0,0,0
0.916044810357562,841,1,0,2,0.0512710963760241,1,1,0,0,0,1,0,0,0,1,0,0,0,0,0,0,0,0,0,0,0
2.10109601272066,841,2,0,2,0.105170918075648,1,1,0,0,0,1,0,0,0,1,0,0,0,0,0,0,0,0,0,0,0
0.664765641029837,841,3,0,2,0.161834242728283,1,1,0,0,0,1,0,0,0,1,0,0,0,0,0,0,0,0,0,0,0
1.05445660498409,841,4,0,2,0.22140275816017,1,1,0,0,0,1,0,0,0,1,0,0,0,0,0,0,0,0,0,0,0
2.1434850618799,841,5,0,2,0.284025416687741,1,1,0,0,0,1,0,0,0,1,0,0,0,0,0,0,0,0,0,0,0
0.593010993332522,841,6,0,2,0.349858807576003,1,1,0,0,0,1,0,0,0,1,0,0,0,0,0,0,0,0,0,0,0
0.562546344339378,841,7,0,2,0.419067548593257,1,1,0,0,0,1,0,0,0,1,0,0,0,0,0,0,0,0,0,0,0
3.00662899333407,841,8,0,2,0.49182469764127,1,1,0,0,0,1,0,0,0,1,0,0,0,0,0,0,0,0,0,0,0
1.31847137352768,841,9,0,2,0.568312185490169,1,1,0,0,0,1,0,0,0,1,0,0,0,0,0,0,0,0,0,0,0
4.03160384403378,841,10,0,2,0.648721270700128,1,1,0,0,0,1,0,0,0,1,0,0,0,0,0,0,0,0,0,0,0
-0.625993961048745,842,1,0,1,0.01,1,0,0,0,1,1,1,1,1,1,0,0,0,0,0,0,0,0,0,0,0
0.490567505006968,842,2,0,1,0.01,1,0,0,0,1,1,1,1,1,1,0,0,0,0,0,0,0,0,0,0,0
-1.92581449441007,842,3,0,1,0.01,1,0,0,0,1,1,1,1,1,1,0,0,0,0,0,0,0,0,0,0,0
-1.9038040039678,842,4,0,1,0.01,1,0,0,0,1,1,1,1,1,1,0,0,0,0,0,0,0,0,0,0,0
-0.39339814288777,842,5,0,1,0.01,1,0,0,0,1,1,1,1,1,1,0,0,0,0,0,0,0,0,0,0,0
-0.0906519186550386,842,6,0,1,0.01,1,0,0,0,1,1,1,1,1,1,0,0,0,0,0,0,0,0,0,0,0
0.450862068516327,842,7,0,1,0.01,1,0,0,0,1,1,1,1,1,1,0,0,0,0,0,0,0,0,0,0,0
0.660308974082588,842,8,0,1,0.01,1,0,0,0,1,1,1,1,1,1,0,0,0,0,0,0,0,0,0,0,0
-0.263752467945601,842,9,0,1,0.01,1,0,0,0,1,1,1,1,1,1,0,0,0,0,0,0,0,0,0,0,0
1.166286478723,842,10,0,1,0.01,1,0,0,0,1,1,1,1,1,1,0,0,0,0,0,0,0,0,0,0,0
-0.426959647193809,843,1,0,1,0.01,1,1,0,1,1,0,0,1,1,1,0,0,0,0,0,0,0,0,0,0,0
-1.89948625014852,843,2,0,1,0.01,1,1,0,1,1,0,0,1,1,1,0,0,0,0,0,0,0,0,0,0,0
2.52503968343697,843,3,0,1,0.01,1,1,0,1,1,0,0,1,1,1,0,0,0,0,0,0,0,0,0,0,0
-0.549205049476362,843,4,0,1,0.01,1,1,0,1,1,0,0,1,1,1,0,0,0,0,0,0,0,0,0,0,0
-1.13832101240819,843,5,0,1,0.01,1,1,0,1,1,0,0,1,1,1,0,0,0,0,0,0,0,0,0,0,0
1.66935512572897,843,6,0,1,0.01,1,1,0,1,1,0,0,1,1,1,0,0,0,0,0,0,0,0,0,0,0
1.18214164224426,843,7,0,1,0.01,1,1,0,1,1,0,0,1,1,1,0,0,0,0,0,0,0,0,0,0,0
0.306937317380687,843,8,0,1,0.01,1,1,0,1,1,0,0,1,1,1,0,0,0,0,0,0,0,0,0,0,0
0.530756743805276,843,9,0,1,0.01,1,1,0,1,1,0,0,1,1,1,0,0,0,0,0,0,0,0,0,0,0
1.05095520916188,843,10,0,1,0.01,1,1,0,1,1,0,0,1,1,1,0,0,0,0,0,0,0,0,0,0,0
0.905005133914513,844,1,0,2,0.0512710963760241,1,1,1,1,0,0,1,0,0,1,0,0,0,0,0,0,0,0,0,0,0
0.861956935462612,844,2,0,2,0.105170918075648,1,1,1,1,0,0,1,0,0,1,0,0,0,0,0,0,0,0,0,0,0
0.0928947877725919,844,3,0,2,0.161834242728283,1,1,1,1,0,0,1,0,0,1,0,0,0,0,0,0,0,0,0,0,0
3.59353758128292,844,4,0,2,0.22140275816017,1,1,1,1,0,0,1,0,0,1,0,0,0,0,0,0,0,0,0,0,0
2.43293284325549,844,5,0,2,0.284025416687741,1,1,1,1,0,0,1,0,0,1,0,0,0,0,0,0,0,0,0,0,0
1.18547053476295,844,6,0,2,0.349858807576003,1,1,1,1,0,0,1,0,0,1,0,0,0,0,0,0,0,0,0,0,0
2.33084161049042,844,7,0,2,0.419067548593257,1,1,1,1,0,0,1,0,0,1,0,0,0,0,0,0,0,0,0,0,0
3.20825056151553,844,8,0,2,0.49182469764127,1,1,1,1,0,0,1,0,0,1,0,0,0,0,0,0,0,0,0,0,0
3.27428034470422,844,9,0,2,0.568312185490169,1,1,1,1,0,0,1,0,0,1,0,0,0,0,0,0,0,0,0,0,0
1.93109135148397,844,10,0,2,0.648721270700128,1,1,1,1,0,0,1,0,0,1,0,0,0,0,0,0,0,0,0,0,0
-1.61655137018073,845,1,0,2,0.0512710963760241,1,0,0,1,0,1,0,0,1,1,0,0,0,0,0,0,0,0,0,0,0
-0.00674463114602503,845,2,0,2,0.105170918075648,1,0,0,1,0,1,0,0,1,1,0,0,0,0,0,0,0,0,0,0,0
0.477249568028454,845,3,0,2,0.161834242728283,1,0,0,1,0,1,0,0,1,1,0,0,0,0,0,0,0,0,0,0,0
1.15074385168753,845,4,0,2,0.22140275816017,1,0,0,1,0,1,0,0,1,1,0,0,0,0,0,0,0,0,0,0,0
1.10863018655589,845,5,0,2,0.284025416687741,1,0,0,1,0,1,0,0,1,1,0,0,0,0,0,0,0,0,0,0,0
2.12791527711931,845,6,0,2,0.349858807576003,1,0,0,1,0,1,0,0,1,1,0,0,0,0,0,0,0,0,0,0,0
2.7381595100675,845,7,0,2,0.419067548593257,1,0,0,1,0,1,0,0,1,1,0,0,0,0,0,0,0,0,0,0,0
1.92513696609145,845,8,0,2,0.49182469764127,1,0,0,1,0,1,0,0,1,1,0,0,0,0,0,0,0,0,0,0,0
2.29266622840457,845,9,0,2,0.568312185490169,1,0,0,1,0,1,0,0,1,1,0,0,0,0,0,0,0,0,0,0,0
3.2472701279234,845,10,0,2,0.648721270700128,1,0,0,1,0,1,0,0,1,1,0,0,0,0,0,0,0,0,0,0,0
0.0170721756299907,846,1,0,2,0.0512710963760241,0,1,1,1,0,0,0,1,1,1,0,0,0,0,0,0,0,0,0,0,0
0.187301525576021,846,2,0,2,0.105170918075648,0,1,1,1,0,0,0,1,1,1,0,0,0,0,0,0,0,0,0,0,0
0.813956453740204,846,3,0,2,0.161834242728283,0,1,1,1,0,0,0,1,1,1,0,0,0,0,0,0,0,0,0,0,0
1.48315778067236,846,4,0,2,0.22140275816017,0,1,1,1,0,0,0,1,1,1,0,0,0,0,0,0,0,0,0,0,0
-0.036063565075765,846,5,0,2,0.284025416687741,0,1,1,1,0,0,0,1,1,1,0,0,0,0,0,0,0,0,0,0,0
2.70457522191218,846,6,0,2,0.349858807576003,0,1,1,1,0,0,0,1,1,1,0,0,0,0,0,0,0,0,0,0,0
2.15920063828762,846,7,0,2,0.419067548593257,0,1,1,1,0,0,0,1,1,1,0,0,0,0,0,0,0,0,0,0,0
1.01467343701342,846,8,0,2,0.49182469764127,0,1,1,1,0,0,0,1,1,1,0,0,0,0,0,0,0,0,0,0,0
3.160344658768,846,9,0,2,0.568312185490169,0,1,1,1,0,0,0,1,1,1,0,0,0,0,0,0,0,0,0,0,0
3.75272529131031,846,10,0,2,0.648721270700128,0,1,1,1,0,0,0,1,1,1,0,0,0,0,0,0,0,0,0,0,0
0.076824864857218,847,1,0,1,0.01,1,1,0,1,1,1,0,0,1,1,0,0,0,1,0,0,0,0,0,0,0
-1.9509167530456,847,2,0,1,0.01,1,1,0,1,1,1,0,0,1,1,0,0,1,0,0,0,0,0,0,0,0
-0.614450280654304,847,3,0,1,0.01,1,1,0,1,1,1,0,0,1,1,0,1,0,0,0,0,0,0,0,0,0
-2.74678032351185,847,4,0,1,0.01,1,1,0,1,1,1,0,0,1,1,1,0,0,0,0,0,0,0,0,0,0
-1.04019845367191,847,5,0,1,0.01,1,1,0,1,1,1,0,0,1,1,0,0,0,0,0,0,1,0,0,0,0
-1.36707151583838,847,6,0,1,0.01,1,1,0,1,1,1,0,0,1,1,0,0,0,0,0,0,0,1,0,0,0
-0.617264227174228,847,7,0,1,0.01,1,1,0,1,1,1,0,0,1,1,0,0,0,0,0,0,0,0,1,0,0
0.804339790171214,847,8,0,1,0.01,1,1,0,1,1,1,0,0,1,1,0,0,0,0,0,0,0,0,0,1,0
0.0838497102134911,847,9,0,1,0.01,1,1,0,1,1,1,0,0,1,1,0,0,0,0,0,0,0,0,0,0,1
-1.40823571393016,847,10,0,1,0.01,1,1,0,1,1,1,0,0,1,1,0,0,0,0,0,0,0,0,0,0,0
1.34417708567398,848,1,0,3,0.127496851579376,1,0,1,1,0,1,1,1,0,1,0,0,0,0,1,0,0,0,0,0,0
0.5336457128363,848,2,0,3,0.271249150321405,1,0,1,1,0,1,1,1,0,1,0,0,0,1,0,0,0,0,0,0,0
1.34452861115354,848,3,0,3,0.43332941456034,1,0,1,1,0,1,1,1,0,1,0,0,1,0,0,0,0,0,0,0,0
2.56504059033172,848,4,0,3,0.616074402192893,1,0,1,1,0,1,1,1,0,1,0,1,0,0,0,0,0,0,0,0,0
7.40128610796102,848,5,0,3,0.822118800390509,1,0,1,1,0,1,1,1,0,1,1,0,0,0,0,0,0,0,0,0,0
3.88642566959443,848,6,0,3,1.05443321064389,1,0,1,1,0,1,1,1,0,1,0,0,0,0,0,0,1,0,0,0,0
6.28892514955385,848,7,0,3,1.31636697678109,1,0,1,1,0,1,1,1,0,1,0,0,0,0,0,0,0,1,0,0,0
7.00924882198958,848,8,0,3,1.61169647342312,1,0,1,1,0,1,1,1,0,1,0,0,0,0,0,0,0,0,1,0,0
9.15879704641832,848,9,0,3,1.94467955106552,1,0,1,1,0,1,1,1,0,1,0,0,0,0,0,0,0,0,0,1,0
12.0352026778711,848,10,0,3,2.32011692273655,1,0,1,1,0,1,1,1,0,1,0,0,0,0,0,0,0,0,0,0,1
0.00807422301509125,849,1,0,1,0.01,0,1,0,1,1,1,1,1,1,1,0,0,0,0,0,0,0,0,0,0,0
0.444713231082906,849,2,0,1,0.01,0,1,0,1,1,1,1,1,1,1,0,0,0,0,0,0,0,0,0,0,0
-0.089557604811235,849,3,0,1,0.01,0,1,0,1,1,1,1,1,1,1,0,0,0,0,0,0,0,0,0,0,0
1.23844298651603,849,4,0,1,0.01,0,1,0,1,1,1,1,1,1,1,0,0,0,0,0,0,0,0,0,0,0
0.760053782531286,849,5,0,1,0.01,0,1,0,1,1,1,1,1,1,1,0,0,0,0,0,0,0,0,0,0,0
-1.79764861543375,849,6,0,1,0.01,0,1,0,1,1,1,1,1,1,1,0,0,0,0,0,0,0,0,0,0,0
0.428217875607482,849,7,0,1,0.01,0,1,0,1,1,1,1,1,1,1,0,0,0,0,0,0,0,0,0,0,0
-1.37875627565559,849,8,0,1,0.01,0,1,0,1,1,1,1,1,1,1,0,0,0,0,0,0,0,0,0,0,0
1.41705677772197,849,9,0,1,0.01,0,1,0,1,1,1,1,1,1,1,0,0,0,0,0,0,0,0,0,0,0
0.363973106835607,849,10,0,1,0.01,0,1,0,1,1,1,1,1,1,1,0,0,0,0,0,0,0,0,0,0,0
1.25791010052533,850,1,0,1,0.01,0,0,0,0,1,0,1,1,0,0,0,0,0,0,0,0,0,0,0,0,0
-1.0442669622886,850,2,0,1,0.01,0,0,0,0,1,0,1,1,0,0,0,0,0,0,0,0,0,0,0,0,0
-1.14786637377761,850,3,0,1,0.01,0,0,0,0,1,0,1,1,0,0,0,0,0,0,0,0,0,0,0,0,0
-0.0986069021450698,850,4,0,1,0.01,0,0,0,0,1,0,1,1,0,0,0,0,0,0,0,0,0,0,0,0,0
1.51703797063739,850,5,0,1,0.01,0,0,0,0,1,0,1,1,0,0,0,0,0,0,0,0,0,0,0,0,0
-3.01588746596258,850,6,0,1,0.01,0,0,0,0,1,0,1,1,0,0,0,0,0,0,0,0,0,0,0,0,0
-0.403527530948605,850,7,0,1,0.01,0,0,0,0,1,0,1,1,0,0,0,0,0,0,0,0,0,0,0,0,0
0.738248336372511,850,8,0,1,0.01,0,0,0,0,1,0,1,1,0,0,0,0,0,0,0,0,0,0,0,0,0
-1.91982250454868,850,9,0,1,0.01,0,0,0,0,1,0,1,1,0,0,0,0,0,0,0,0,0,0,0,0,0
1.06789107875502,850,10,0,1,0.01,0,0,0,0,1,0,1,1,0,0,0,0,0,0,0,0,0,0,0,0,0
-0.999417262968894,851,1,0,1,0.01,0,1,0,1,0,0,1,0,1,1,0,0,0,0,0,0,0,0,0,0,0
-0.326531308225998,851,2,0,1,0.01,0,1,0,1,0,0,1,0,1,1,0,0,0,0,0,0,0,0,0,0,0
-1.97535113268321,851,3,0,1,0.01,0,1,0,1,0,0,1,0,1,1,0,0,0,0,0,0,0,0,0,0,0
1.433081108754,851,4,0,1,0.01,0,1,0,1,0,0,1,0,1,1,0,0,0,0,0,0,0,0,0,0,0
0.24278839262533,851,5,0,1,0.01,0,1,0,1,0,0,1,0,1,1,0,0,0,0,0,0,0,0,0,0,0
-1.83316192262479,851,6,0,1,0.01,0,1,0,1,0,0,1,0,1,1,0,0,0,0,0,0,0,0,0,0,0
1.05799316030515,851,7,0,1,0.01,0,1,0,1,0,0,1,0,1,1,0,0,0,0,0,0,0,0,0,0,0
1.1720991076391,851,8,0,1,0.01,0,1,0,1,0,0,1,0,1,1,0,0,0,0,0,0,0,0,0,0,0
-0.502283206406672,851,9,0,1,0.01,0,1,0,1,0,0,1,0,1,1,0,0,0,0,0,0,0,0,0,0,0
1.44063889331983,851,10,0,1,0.01,0,1,0,1,0,0,1,0,1,1,0,0,0,0,0,0,0,0,0,0,0
-1.12813939538221,852,1,0,1,0.01,0,1,0,0,1,0,1,1,0,1,0,0,0,0,0,0,0,0,0,0,0
0.249245399492861,852,2,0,1,0.01,0,1,0,0,1,0,1,1,0,1,0,0,0,0,0,0,0,0,0,0,0
2.32135575632077,852,3,0,1,0.01,0,1,0,0,1,0,1,1,0,1,0,0,0,0,0,0,0,0,0,0,0
-0.00201003484291951,852,4,0,1,0.01,0,1,0,0,1,0,1,1,0,1,0,0,0,0,0,0,0,0,0,0,0
-0.658035612497951,852,5,0,1,0.01,0,1,0,0,1,0,1,1,0,1,0,0,0,0,0,0,0,0,0,0,0
2.13124722987888,852,6,0,1,0.01,0,1,0,0,1,0,1,1,0,1,0,0,0,0,0,0,0,0,0,0,0
0.3386810726595,852,7,0,1,0.01,0,1,0,0,1,0,1,1,0,1,0,0,0,0,0,0,0,0,0,0,0
0.299305503726378,852,8,0,1,0.01,0,1,0,0,1,0,1,1,0,1,0,0,0,0,0,0,0,0,0,0,0
-0.706861723033246,852,9,0,1,0.01,0,1,0,0,1,0,1,1,0,1,0,0,0,0,0,0,0,0,0,0,0
0.00731326555425041,852,10,0,1,0.01,0,1,0,0,1,0,1,1,0,1,0,0,0,0,0,0,0,0,0,0,0
0.451157108304839,853,1,0,2,0.0512710963760241,0,0,0,1,0,1,1,1,0,0,0,0,0,0,0,0,0,0,0,0,0
1.08137238655799,853,2,0,2,0.105170918075648,0,0,0,1,0,1,1,1,0,0,0,0,0,0,0,0,0,0,0,0,0
1.04032878551526,853,3,0,2,0.161834242728283,0,0,0,1,0,1,1,1,0,0,0,0,0,0,0,0,0,0,0,0,0
-0.363788525814724,853,4,0,2,0.22140275816017,0,0,0,1,0,1,1,1,0,0,0,0,0,0,0,0,0,0,0,0,0
-0.141035680022659,853,5,0,2,0.284025416687741,0,0,0,1,0,1,1,1,0,0,0,0,0,0,0,0,0,0,0,0,0
3.14285624686296,853,6,0,2,0.349858807576003,0,0,0,1,0,1,1,1,0,0,0,0,0,0,0,0,0,0,0,0,0
1.38759698432836,853,7,0,2,0.419067548593257,0,0,0,1,0,1,1,1,0,0,0,0,0,0,0,0,0,0,0,0,0
2.17104705705444,853,8,0,2,0.49182469764127,0,0,0,1,0,1,1,1,0,0,0,0,0,0,0,0,0,0,0,0,0
1.88576370190248,853,9,0,2,0.568312185490169,0,0,0,1,0,1,1,1,0,0,0,0,0,0,0,0,0,0,0,0,0
3.41426959634701,853,10,0,2,0.648721270700128,0,0,0,1,0,1,1,1,0,0,0,0,0,0,0,0,0,0,0,0,0
-1.07691586565382,854,1,0,1,0.01,0,0,0,0,1,1,0,1,1,0,0,0,0,0,0,0,0,0,0,0,0
0.887936004281927,854,2,0,1,0.01,0,0,0,0,1,1,0,1,1,0,0,0,0,0,0,0,0,0,0,0,0
-0.449520352417805,854,3,0,1,0.01,0,0,0,0,1,1,0,1,1,0,0,0,0,0,0,0,0,0,0,0,0
0.198699170831432,854,4,0,1,0.01,0,0,0,0,1,1,0,1,1,0,0,0,0,0,0,0,0,0,0,0,0
2.035754404842,854,5,0,1,0.01,0,0,0,0,1,1,0,1,1,0,0,0,0,0,0,0,0,0,0,0,0
0.152252119644499,854,6,0,1,0.01,0,0,0,0,1,1,0,1,1,0,0,0,0,0,0,0,0,0,0,0,0
1.55465298554821,854,7,0,1,0.01,0,0,0,0,1,1,0,1,1,0,0,0,0,0,0,0,0,0,0,0,0
-1.70378183987511,854,8,0,1,0.01,0,0,0,0,1,1,0,1,1,0,0,0,0,0,0,0,0,0,0,0,0
-1.27033768951654,854,9,0,1,0.01,0,0,0,0,1,1,0,1,1,0,0,0,0,0,0,0,0,0,0,0,0
0.557731570519891,854,10,0,1,0.01,0,0,0,0,1,1,0,1,1,0,0,0,0,0,0,0,0,0,0,0,0
0.51433359700365,855,1,0,2,0.0512710963760241,1,1,0,0,1,1,1,0,1,1,0,0,0,0,0,0,0,0,0,0,0
1.15666144199547,855,2,0,2,0.105170918075648,1,1,0,0,1,1,1,0,1,1,0,0,0,0,0,0,0,0,0,0,0
0.996560941837162,855,3,0,2,0.161834242728283,1,1,0,0,1,1,1,0,1,1,0,0,0,0,0,0,0,0,0,0,0
0.612290971763492,855,4,0,2,0.22140275816017,1,1,0,0,1,1,1,0,1,1,0,0,0,0,0,0,0,0,0,0,0
1.25289389318112,855,5,0,2,0.284025416687741,1,1,0,0,1,1,1,0,1,1,0,0,0,0,0,0,0,0,0,0,0
2.19216012733735,855,6,0,2,0.349858807576003,1,1,0,0,1,1,1,0,1,1,0,0,0,0,0,0,0,0,0,0,0
2.47077709084503,855,7,0,2,0.419067548593257,1,1,0,0,1,1,1,0,1,1,0,0,0,0,0,0,0,0,0,0,0
1.76043220200769,855,8,0,2,0.49182469764127,1,1,0,0,1,1,1,0,1,1,0,0,0,0,0,0,0,0,0,0,0
3.10485792867256,855,9,0,2,0.568312185490169,1,1,0,0,1,1,1,0,1,1,0,0,0,0,0,0,0,0,0,0,0
4.19781755853841,855,10,0,2,0.648721270700128,1,1,0,0,1,1,1,0,1,1,0,0,0,0,0,0,0,0,0,0,0
-1.56609634041441,856,1,0,3,0.127496851579376,1,1,0,1,1,0,1,0,1,1,0,0,0,0,0,0,0,0,0,0,0
4.11703043929677,856,2,0,3,0.271249150321405,1,1,0,1,1,0,1,0,1,1,0,0,0,0,0,0,0,0,0,0,0
1.0262174139599,856,3,0,3,0.43332941456034,1,1,0,1,1,0,1,0,1,1,0,0,0,0,0,0,0,0,0,0,0
4.60407195215506,856,4,0,3,0.616074402192893,1,1,0,1,1,0,1,0,1,1,0,0,0,0,0,0,0,0,0,0,0
6.14372071329522,856,5,0,3,0.822118800390509,1,1,0,1,1,0,1,0,1,1,0,0,0,0,0,0,0,0,0,0,0
5.25466941614776,856,6,0,3,1.05443321064389,1,1,0,1,1,0,1,0,1,1,0,0,0,0,0,0,0,0,0,0,0
5.54772297043249,856,7,0,3,1.31636697678109,1,1,0,1,1,0,1,0,1,1,0,0,0,0,0,0,0,0,0,0,0
6.99511720142927,856,8,0,3,1.61169647342312,1,1,0,1,1,0,1,0,1,1,0,0,0,0,0,0,0,0,0,0,0
8.74515680151651,856,9,0,3,1.94467955106552,1,1,0,1,1,0,1,0,1,1,0,0,0,0,0,0,0,0,0,0,0
13.2902623151899,856,10,0,3,2.32011692273655,1,1,0,1,1,0,1,0,1,1,0,0,0,0,0,0,0,0,0,0,0
0.40217284345378,857,1,0,1,0.01,0,1,1,0,1,0,0,0,0,0,0,0,0,0,0,0,0,0,0,0,0
0.630361007786192,857,2,0,1,0.01,0,1,1,0,1,0,0,0,0,0,0,0,0,0,0,0,0,0,0,0,0
0.439173944529522,857,3,0,1,0.01,0,1,1,0,1,0,0,0,0,0,0,0,0,0,0,0,0,0,0,0,0
-0.0395314253886821,857,4,0,1,0.01,0,1,1,0,1,0,0,0,0,0,0,0,0,0,0,0,0,0,0,0,0
1.10991828862807,857,5,0,1,0.01,0,1,1,0,1,0,0,0,0,0,0,0,0,0,0,0,0,0,0,0,0
-0.63276369315129,857,6,0,1,0.01,0,1,1,0,1,0,0,0,0,0,0,0,0,0,0,0,0,0,0,0,0
0.584396788673441,857,7,0,1,0.01,0,1,1,0,1,0,0,0,0,0,0,0,0,0,0,0,0,0,0,0,0
1.26124235021008,857,8,0,1,0.01,0,1,1,0,1,0,0,0,0,0,0,0,0,0,0,0,0,0,0,0,0
1.62370891831619,857,9,0,1,0.01,0,1,1,0,1,0,0,0,0,0,0,0,0,0,0,0,0,0,0,0,0
1.23504958914526,857,10,0,1,0.01,0,1,1,0,1,0,0,0,0,0,0,0,0,0,0,0,0,0,0,0,0
0.326994265102917,858,1,0,2,0.0512710963760241,0,1,0,1,1,0,0,0,0,1,0,0,0,0,0,0,0,0,0,0,0
0.855147283780749,858,2,0,2,0.105170918075648,0,1,0,1,1,0,0,0,0,1,0,0,0,0,0,0,0,0,0,0,0
-0.74448782432211,858,3,0,2,0.161834242728283,0,1,0,1,1,0,0,0,0,1,0,0,0,0,0,0,0,0,0,0,0
1.78838516169065,858,4,0,2,0.22140275816017,0,1,0,1,1,0,0,0,0,1,0,0,0,0,0,0,0,0,0,0,0
0.614870155347606,858,5,0,2,0.284025416687741,0,1,0,1,1,0,0,0,0,1,0,0,0,0,0,0,0,0,0,0,0
1.6277825960366,858,6,0,2,0.349858807576003,0,1,0,1,1,0,0,0,0,1,0,0,0,0,0,0,0,0,0,0,0
1.92759403951458,858,7,0,2,0.419067548593257,0,1,0,1,1,0,0,0,0,1,0,0,0,0,0,0,0,0,0,0,0
3.22004332041916,858,8,0,2,0.49182469764127,0,1,0,1,1,0,0,0,0,1,0,0,0,0,0,0,0,0,0,0,0
3.42237414284511,858,9,0,2,0.568312185490169,0,1,0,1,1,0,0,0,0,1,0,0,0,0,0,0,0,0,0,0,0
2.63087899887054,858,10,0,2,0.648721270700128,0,1,0,1,1,0,0,0,0,1,0,0,0,0,0,0,0,0,0,0,0
1.93624422213871,859,1,0,3,0.127496851579376,1,1,1,1,1,1,0,1,1,1,0,0,0,0,0,1,0,0,0,0,0
0.585855244820643,859,2,0,3,0.271249150321405,1,1,1,1,1,1,0,1,1,1,0,0,0,0,1,0,0,0,0,0,0
2.35681665775087,859,3,0,3,0.43332941456034,1,1,1,1,1,1,0,1,1,1,0,0,0,1,0,0,0,0,0,0,0
1.93396482979443,859,4,0,3,0.616074402192893,1,1,1,1,1,1,0,1,1,1,0,0,1,0,0,0,0,0,0,0,0
6.06466303872569,859,5,0,3,0.822118800390509,1,1,1,1,1,1,0,1,1,1,0,1,0,0,0,0,0,0,0,0,0
5.80201851465169,859,6,0,3,1.05443321064389,1,1,1,1,1,1,0,1,1,1,1,0,0,0,0,0,0,0,0,0,0
6.88987493255053,859,7,0,3,1.31636697678109,1,1,1,1,1,1,0,1,1,1,0,0,0,0,0,0,1,0,0,0,0
9.87126664656182,859,8,0,3,1.61169647342312,1,1,1,1,1,1,0,1,1,1,0,0,0,0,0,0,0,1,0,0,0
9.22590008423017,859,9,0,3,1.94467955106552,1,1,1,1,1,1,0,1,1,1,0,0,0,0,0,0,0,0,1,0,0
11.6534162760081,859,10,0,3,2.32011692273655,1,1,1,1,1,1,0,1,1,1,0,0,0,0,0,0,0,0,0,1,0
0.581772001391299,860,1,0,2,0.0512710963760241,1,0,1,0,1,0,1,1,1,1,0,0,0,0,0,0,0,0,0,0,0
-0.793227286213676,860,2,0,2,0.105170918075648,1,0,1,0,1,0,1,1,1,1,0,0,0,0,0,0,0,0,0,0,0
-1.30189715537381,860,3,0,2,0.161834242728283,1,0,1,0,1,0,1,1,1,1,0,0,0,0,0,0,0,0,0,0,0
0.158959688028022,860,4,0,2,0.22140275816017,1,0,1,0,1,0,1,1,1,1,0,0,0,0,0,0,0,0,0,0,0
0.97532640356542,860,5,0,2,0.284025416687741,1,0,1,0,1,0,1,1,1,1,0,0,0,0,0,0,0,0,0,0,0
1.49107231086785,860,6,0,2,0.349858807576003,1,0,1,0,1,0,1,1,1,1,0,0,0,0,0,0,0,0,0,0,0
1.75412493435921,860,7,0,2,0.419067548593257,1,0,1,0,1,0,1,1,1,1,0,0,0,0,0,0,0,0,0,0,0
3.29240530311977,860,8,0,2,0.49182469764127,1,0,1,0,1,0,1,1,1,1,0,0,0,0,0,0,0,0,0,0,0
0.917961413059768,860,9,0,2,0.568312185490169,1,0,1,0,1,0,1,1,1,1,0,0,0,0,0,0,0,0,0,0,0
3.45708191045931,860,10,0,2,0.648721270700128,1,0,1,0,1,0,1,1,1,1,0,0,0,0,0,0,0,0,0,0,0
1.57516660881198,861,1,0,2,0.0512710963760241,0,1,1,0,1,0,1,0,0,1,0,0,0,0,0,0,0,0,0,0,0
-0.252759545263694,861,2,0,2,0.105170918075648,0,1,1,0,1,0,1,0,0,1,0,0,0,0,0,0,0,0,0,0,0
0.285388342183164,861,3,0,2,0.161834242728283,0,1,1,0,1,0,1,0,0,1,0,0,0,0,0,0,0,0,0,0,0
0.387564676840078,861,4,0,2,0.22140275816017,0,1,1,0,1,0,1,0,0,1,0,0,0,0,0,0,0,0,0,0,0
1.68858372670174,861,5,0,2,0.284025416687741,0,1,1,0,1,0,1,0,0,1,0,0,0,0,0,0,0,0,0,0,0
2.49677650854375,861,6,0,2,0.349858807576003,0,1,1,0,1,0,1,0,0,1,0,0,0,0,0,0,0,0,0,0,0
3.02472803033364,861,7,0,2,0.419067548593257,0,1,1,0,1,0,1,0,0,1,0,0,0,0,0,0,0,0,0,0,0
1.5658881128088,861,8,0,2,0.49182469764127,0,1,1,0,1,0,1,0,0,1,0,0,0,0,0,0,0,0,0,0,0
2.30253103590686,861,9,0,2,0.568312185490169,0,1,1,0,1,0,1,0,0,1,0,0,0,0,0,0,0,0,0,0,0
1.52556317658429,861,10,0,2,0.648721270700128,0,1,1,0,1,0,1,0,0,1,0,0,0,0,0,0,0,0,0,0,0
-1.11940499619624,862,1,0,1,0.01,1,0,1,1,0,0,0,0,0,1,0,0,0,0,0,0,0,0,0,0,0
1.30054955619246,862,2,0,1,0.01,1,0,1,1,0,0,0,0,0,1,0,0,0,0,0,0,0,0,0,0,0
0.173910286338953,862,3,0,1,0.01,1,0,1,1,0,0,0,0,0,1,0,0,0,0,0,0,0,0,0,0,0
0.447694245815907,862,4,0,1,0.01,1,0,1,1,0,0,0,0,0,1,0,0,0,0,0,0,0,0,0,0,0
-0.0848776207270321,862,5,0,1,0.01,1,0,1,1,0,0,0,0,0,1,0,0,0,0,0,0,0,0,0,0,0
0.698561612755728,862,6,0,1,0.01,1,0,1,1,0,0,0,0,0,1,0,0,0,0,0,0,0,0,0,0,0
-0.959860805372743,862,7,0,1,0.01,1,0,1,1,0,0,0,0,0,1,0,0,0,0,0,0,0,0,0,0,0
-0.191572111489501,862,8,0,1,0.01,1,0,1,1,0,0,0,0,0,1,0,0,0,0,0,0,0,0,0,0,0
0.287904949789323,862,9,0,1,0.01,1,0,1,1,0,0,0,0,0,1,0,0,0,0,0,0,0,0,0,0,0
-0.849983969853549,862,10,0,1,0.01,1,0,1,1,0,0,0,0,0,1,0,0,0,0,0,0,0,0,0,0,0
0.307246674256634,863,1,0,2,0.0512710963760241,1,1,1,0,1,0,0,0,0,0,0,0,0,0,0,0,0,0,0,0,0
0.971849562034867,863,2,0,2,0.105170918075648,1,1,1,0,1,0,0,0,0,0,0,0,0,0,0,0,0,0,0,0,0
0.128717171525468,863,3,0,2,0.161834242728283,1,1,1,0,1,0,0,0,0,0,0,0,0,0,0,0,0,0,0,0,0
0.768079302528612,863,4,0,2,0.22140275816017,1,1,1,0,1,0,0,0,0,0,0,0,0,0,0,0,0,0,0,0,0
2.70304705245261,863,5,0,2,0.284025416687741,1,1,1,0,1,0,0,0,0,0,0,0,0,0,0,0,0,0,0,0,0
1.03142428013548,863,6,0,2,0.349858807576003,1,1,1,0,1,0,0,0,0,0,0,0,0,0,0,0,0,0,0,0,0
4.04812705412855,863,7,0,2,0.419067548593257,1,1,1,0,1,0,0,0,0,0,0,0,0,0,0,0,0,0,0,0,0
4.30422829532863,863,8,0,2,0.49182469764127,1,1,1,0,1,0,0,0,0,0,0,0,0,0,0,0,0,0,0,0,0
2.40845437322618,863,9,0,2,0.568312185490169,1,1,1,0,1,0,0,0,0,0,0,0,0,0,0,0,0,0,0,0,0
3.14312171481133,863,10,0,2,0.648721270700128,1,1,1,0,1,0,0,0,0,0,0,0,0,0,0,0,0,0,0,0,0
0.101380254309177,864,1,0,2,0.0512710963760241,0,1,1,0,0,1,0,0,0,0,0,0,0,0,0,0,0,0,0,0,0
0.396639507348265,864,2,0,2,0.105170918075648,0,1,1,0,0,1,0,0,0,0,0,0,0,0,0,0,0,0,0,0,0
-0.747459759623025,864,3,0,2,0.161834242728283,0,1,1,0,0,1,0,0,0,0,0,0,0,0,0,0,0,0,0,0,0
1.31448495091804,864,4,0,2,0.22140275816017,0,1,1,0,0,1,0,0,0,0,0,0,0,0,0,0,0,0,0,0,0
1.73342335564122,864,5,0,2,0.284025416687741,0,1,1,0,0,1,0,0,0,0,0,0,0,0,0,0,0,0,0,0,0
2.45389283733309,864,6,0,2,0.349858807576003,0,1,1,0,0,1,0,0,0,0,0,0,0,0,0,0,0,0,0,0,0
3.9612725802641,864,7,0,2,0.419067548593257,0,1,1,0,0,1,0,0,0,0,0,0,0,0,0,0,0,0,0,0,0
2.42142593078354,864,8,0,2,0.49182469764127,0,1,1,0,0,1,0,0,0,0,0,0,0,0,0,0,0,0,0,0,0
1.51236409558342,864,9,0,2,0.568312185490169,0,1,1,0,0,1,0,0,0,0,0,0,0,0,0,0,0,0,0,0,0
3.02272793787385,864,10,0,2,0.648721270700128,0,1,1,0,0,1,0,0,0,0,0,0,0,0,0,0,0,0,0,0,0
-1.07315567997267,865,1,0,2,0.0512710963760241,1,1,1,0,0,0,0,0,0,0,0,0,0,0,1,0,0,0,0,0,0
-0.945695175082153,865,2,0,2,0.105170918075648,1,1,1,0,0,0,0,0,0,0,0,0,0,1,0,0,0,0,0,0,0
1.07362748857446,865,3,0,2,0.161834242728283,1,1,1,0,0,0,0,0,0,0,0,0,1,0,0,0,0,0,0,0,0
0.460043548955953,865,4,0,2,0.22140275816017,1,1,1,0,0,0,0,0,0,0,0,1,0,0,0,0,0,0,0,0,0
0.502871731725,865,5,0,2,0.284025416687741,1,1,1,0,0,0,0,0,0,0,1,0,0,0,0,0,0,0,0,0,0
1.14619147234951,865,6,0,2,0.349858807576003,1,1,1,0,0,0,0,0,0,0,0,0,0,0,0,0,1,0,0,0,0
-0.148168382663932,865,7,0,2,0.419067548593257,1,1,1,0,0,0,0,0,0,0,0,0,0,0,0,0,0,1,0,0,0
2.32486295629704,865,8,0,2,0.49182469764127,1,1,1,0,0,0,0,0,0,0,0,0,0,0,0,0,0,0,1,0,0
3.44827455451797,865,9,0,2,0.568312185490169,1,1,1,0,0,0,0,0,0,0,0,0,0,0,0,0,0,0,0,1,0
1.52400815539384,865,10,0,2,0.648721270700128,1,1,1,0,0,0,0,0,0,0,0,0,0,0,0,0,0,0,0,0,1
1.42744626879022,866,1,0,2,0.0512710963760241,0,1,0,0,1,1,0,1,0,1,0,0,0,0,0,0,0,0,0,0,0
0.554241704857574,866,2,0,2,0.105170918075648,0,1,0,0,1,1,0,1,0,1,0,0,0,0,0,0,0,0,0,0,0
1.65428547174249,866,3,0,2,0.161834242728283,0,1,0,0,1,1,0,1,0,1,0,0,0,0,0,0,0,0,0,0,0
0.351203488585096,866,4,0,2,0.22140275816017,0,1,0,0,1,1,0,1,0,1,0,0,0,0,0,0,0,0,0,0,0
0.405213793105248,866,5,0,2,0.284025416687741,0,1,0,0,1,1,0,1,0,1,0,0,0,0,0,0,0,0,0,0,0
1.13013911332097,866,6,0,2,0.349858807576003,0,1,0,0,1,1,0,1,0,1,0,0,0,0,0,0,0,0,0,0,0
1.78305668352288,866,7,0,2,0.419067548593257,0,1,0,0,1,1,0,1,0,1,0,0,0,0,0,0,0,0,0,0,0
1.62115993637607,866,8,0,2,0.49182469764127,0,1,0,0,1,1,0,1,0,1,0,0,0,0,0,0,0,0,0,0,0
2.8478886189486,866,9,0,2,0.568312185490169,0,1,0,0,1,1,0,1,0,1,0,0,0,0,0,0,0,0,0,0,0
3.26250389328311,866,10,0,2,0.648721270700128,0,1,0,0,1,1,0,1,0,1,0,0,0,0,0,0,0,0,0,0,0
-0.670314710589358,867,1,0,2,0.0512710963760241,0,1,1,0,1,1,1,1,0,0,0,0,1,0,0,0,0,0,0,0,0
0.135348358506243,867,2,0,2,0.105170918075648,0,1,1,0,1,1,1,1,0,0,0,1,0,0,0,0,0,0,0,0,0
1.38030656983177,867,3,0,2,0.161834242728283,0,1,1,0,1,1,1,1,0,0,1,0,0,0,0,0,0,0,0,0,0
-0.332730774775752,867,4,0,2,0.22140275816017,0,1,1,0,1,1,1,1,0,0,0,0,0,0,0,0,1,0,0,0,0
0.976993079690073,867,5,0,2,0.284025416687741,0,1,1,0,1,1,1,1,0,0,0,0,0,0,0,0,0,1,0,0,0
1.20753960605172,867,6,0,2,0.349858807576003,0,1,1,0,1,1,1,1,0,0,0,0,0,0,0,0,0,0,1,0,0
3.11689556826599,867,7,0,2,0.419067548593257,0,1,1,0,1,1,1,1,0,0,0,0,0,0,0,0,0,0,0,1,0
4.65639081335587,867,8,0,2,0.49182469764127,0,1,1,0,1,1,1,1,0,0,0,0,0,0,0,0,0,0,0,0,1
2.83954816680763,867,9,0,2,0.568312185490169,0,1,1,0,1,1,1,1,0,0,0,0,0,0,0,0,0,0,0,0,0
3.32133716649711,867,10,0,2,0.648721270700128,0,1,1,0,1,1,1,1,0,0,0,0,0,0,0,0,0,0,0,0,0
-0.44825470404364,868,1,0,1,0.01,0,0,1,0,1,1,1,0,1,0,0,0,0,0,0,0,0,0,0,0,0
0.328652513469079,868,2,0,1,0.01,0,0,1,0,1,1,1,0,1,0,0,0,0,0,0,0,0,0,0,0,0
0.26992383608398,868,3,0,1,0.01,0,0,1,0,1,1,1,0,1,0,0,0,0,0,0,0,0,0,0,0,0
0.220860142743368,868,4,0,1,0.01,0,0,1,0,1,1,1,0,1,0,0,0,0,0,0,0,0,0,0,0,0
-2.13721076590879,868,5,0,1,0.01,0,0,1,0,1,1,1,0,1,0,0,0,0,0,0,0,0,0,0,0,0
0.319625629409424,868,6,0,1,0.01,0,0,1,0,1,1,1,0,1,0,0,0,0,0,0,0,0,0,0,0,0
-0.806292592357932,868,7,0,1,0.01,0,0,1,0,1,1,1,0,1,0,0,0,0,0,0,0,0,0,0,0,0
0.603770799125808,868,8,0,1,0.01,0,0,1,0,1,1,1,0,1,0,0,0,0,0,0,0,0,0,0,0,0
-1.57230773443685,868,9,0,1,0.01,0,0,1,0,1,1,1,0,1,0,0,0,0,0,0,0,0,0,0,0,0
0.974423059566068,868,10,0,1,0.01,0,0,1,0,1,1,1,0,1,0,0,0,0,0,0,0,0,0,0,0,0
-0.506241280659108,869,1,0,2,0.0512710963760241,1,0,1,0,0,0,0,1,1,1,0,0,0,1,0,0,0,0,0,0,0
-0.0550337760274074,869,2,0,2,0.105170918075648,1,0,1,0,0,0,0,1,1,1,0,0,1,0,0,0,0,0,0,0,0
2.23118884486734,869,3,0,2,0.161834242728283,1,0,1,0,0,0,0,1,1,1,0,1,0,0,0,0,0,0,0,0,0
1.61443355852237,869,4,0,2,0.22140275816017,1,0,1,0,0,0,0,1,1,1,1,0,0,0,0,0,0,0,0,0,0
0.797720465413862,869,5,0,2,0.284025416687741,1,0,1,0,0,0,0,1,1,1,0,0,0,0,0,0,1,0,0,0,0
1.43970391854389,869,6,0,2,0.349858807576003,1,0,1,0,0,0,0,1,1,1,0,0,0,0,0,0,0,1,0,0,0
1.93899283023492,869,7,0,2,0.419067548593257,1,0,1,0,0,0,0,1,1,1,0,0,0,0,0,0,0,0,1,0,0
2.58898424717604,869,8,0,2,0.49182469764127,1,0,1,0,0,0,0,1,1,1,0,0,0,0,0,0,0,0,0,1,0
0.832659580059837,869,9,0,2,0.568312185490169,1,0,1,0,0,0,0,1,1,1,0,0,0,0,0,0,0,0,0,0,1
4.60276156048934,869,10,0,2,0.648721270700128,1,0,1,0,0,0,0,1,1,1,0,0,0,0,0,0,0,0,0,0,0
-0.763071910172192,870,1,0,2,0.0512710963760241,1,1,1,0,1,0,1,0,0,1,0,0,0,0,0,0,0,0,0,0,0
0.346405431244935,870,2,0,2,0.105170918075648,1,1,1,0,1,0,1,0,0,1,0,0,0,0,0,0,0,0,0,0,0
1.25475083897501,870,3,0,2,0.161834242728283,1,1,1,0,1,0,1,0,0,1,0,0,0,0,0,0,0,0,0,0,0
1.24325529691067,870,4,0,2,0.22140275816017,1,1,1,0,1,0,1,0,0,1,0,0,0,0,0,0,0,0,0,0,0
0.60704954206218,870,5,0,2,0.284025416687741,1,1,1,0,1,0,1,0,0,1,0,0,0,0,0,0,0,0,0,0,0
2.46385235439154,870,6,0,2,0.349858807576003,1,1,1,0,1,0,1,0,0,1,0,0,0,0,0,0,0,0,0,0,0
2.77803634675783,870,7,0,2,0.419067548593257,1,1,1,0,1,0,1,0,0,1,0,0,0,0,0,0,0,0,0,0,0
1.8975415805889,870,8,0,2,0.49182469764127,1,1,1,0,1,0,1,0,0,1,0,0,0,0,0,0,0,0,0,0,0
2.47377561281211,870,9,0,2,0.568312185490169,1,1,1,0,1,0,1,0,0,1,0,0,0,0,0,0,0,0,0,0,0
4.23113845690423,870,10,0,2,0.648721270700128,1,1,1,0,1,0,1,0,0,1,0,0,0,0,0,0,0,0,0,0,0
0.729650465173201,871,1,0,3,0.127496851579376,1,1,0,0,0,1,1,0,0,1,0,0,0,0,0,0,0,0,0,0,0
1.29224876745902,871,2,0,3,0.271249150321405,1,1,0,0,0,1,1,0,0,1,0,0,0,0,0,0,0,0,0,0,0
0.712101756079009,871,3,0,3,0.43332941456034,1,1,0,0,0,1,1,0,0,1,0,0,0,0,0,0,0,0,0,0,0
2.59069305812848,871,4,0,3,0.616074402192893,1,1,0,0,0,1,1,0,0,1,0,0,0,0,0,0,0,0,0,0,0
4.47147060293539,871,5,0,3,0.822118800390509,1,1,0,0,0,1,1,0,0,1,0,0,0,0,0,0,0,0,0,0,0
4.28672932703508,871,6,0,3,1.05443321064389,1,1,0,0,0,1,1,0,0,1,0,0,0,0,0,0,0,0,0,0,0
5.58229943924612,871,7,0,3,1.31636697678109,1,1,0,0,0,1,1,0,0,1,0,0,0,0,0,0,0,0,0,0,0
9.49423535696073,871,8,0,3,1.61169647342312,1,1,0,0,0,1,1,0,0,1,0,0,0,0,0,0,0,0,0,0,0
9.04927946188009,871,9,0,3,1.94467955106552,1,1,0,0,0,1,1,0,0,1,0,0,0,0,0,0,0,0,0,0,0
10.848337068228,871,10,0,3,2.32011692273655,1,1,0,0,0,1,1,0,0,1,0,0,0,0,0,0,0,0,0,0,0
0.440724357582645,872,1,0,2,0.0512710963760241,0,1,1,1,0,0,1,1,1,1,0,1,0,0,0,0,0,0,0,0,0
-0.391832832009794,872,2,0,2,0.105170918075648,0,1,1,1,0,0,1,1,1,1,1,0,0,0,0,0,0,0,0,0,0
0.57177330989252,872,3,0,2,0.161834242728283,0,1,1,1,0,0,1,1,1,1,0,0,0,0,0,0,1,0,0,0,0
0.154275502708444,872,4,0,2,0.22140275816017,0,1,1,1,0,0,1,1,1,1,0,0,0,0,0,0,0,1,0,0,0
-0.033314171869903,872,5,0,2,0.284025416687741,0,1,1,1,0,0,1,1,1,1,0,0,0,0,0,0,0,0,1,0,0
1.04064878071504,872,6,0,2,0.349858807576003,0,1,1,1,0,0,1,1,1,1,0,0,0,0,0,0,0,0,0,1,0
3.75308195129639,872,7,0,2,0.419067548593257,0,1,1,1,0,0,1,1,1,1,0,0,0,0,0,0,0,0,0,0,1
0.804418912976845,872,8,0,2,0.49182469764127,0,1,1,1,0,0,1,1,1,1,0,0,0,0,0,0,0,0,0,0,0
2.20618894282974,872,9,0,2,0.568312185490169,0,1,1,1,0,0,1,1,1,1,0,0,0,0,0,0,0,0,0,0,0
3.41908675504789,872,10,0,2,0.648721270700128,0,1,1,1,0,0,1,1,1,1,0,0,0,0,0,0,0,0,0,0,0
-0.60284936579922,873,1,0,1,0.01,1,0,1,0,0,1,0,1,1,0,0,0,0,0,0,0,0,0,0,0,0
1.09280760551662,873,2,0,1,0.01,1,0,1,0,0,1,0,1,1,0,0,0,0,0,0,0,0,0,0,0,0
1.15542038010231,873,3,0,1,0.01,1,0,1,0,0,1,0,1,1,0,0,0,0,0,0,0,0,0,0,0,0
-0.99912317937501,873,4,0,1,0.01,1,0,1,0,0,1,0,1,1,0,0,0,0,0,0,0,0,0,0,0,0
-0.761924749507137,873,5,0,1,0.01,1,0,1,0,0,1,0,1,1,0,0,0,0,0,0,0,0,0,0,0,0
0.540137809229745,873,6,0,1,0.01,1,0,1,0,0,1,0,1,1,0,0,0,0,0,0,0,0,0,0,0,0
0.318675834438636,873,7,0,1,0.01,1,0,1,0,0,1,0,1,1,0,0,0,0,0,0,0,0,0,0,0,0
0.245179755559669,873,8,0,1,0.01,1,0,1,0,0,1,0,1,1,0,0,0,0,0,0,0,0,0,0,0,0
1.39933160262645,873,9,0,1,0.01,1,0,1,0,0,1,0,1,1,0,0,0,0,0,0,0,0,0,0,0,0
-0.19582574283142,873,10,0,1,0.01,1,0,1,0,0,1,0,1,1,0,0,0,0,0,0,0,0,0,0,0,0
0.326518497988508,874,1,0,2,0.0512710963760241,1,0,0,1,0,0,1,0,0,0,0,0,0,0,0,0,0,0,0,0,0
0.326578868807907,874,2,0,2,0.105170918075648,1,0,0,1,0,0,1,0,0,0,0,0,0,0,0,0,0,0,0,0,0
0.49430299240113,874,3,0,2,0.161834242728283,1,0,0,1,0,0,1,0,0,0,0,0,0,0,0,0,0,0,0,0,0
1.53725204317959,874,4,0,2,0.22140275816017,1,0,0,1,0,0,1,0,0,0,0,0,0,0,0,0,0,0,0,0,0
3.40566801316206,874,5,0,2,0.284025416687741,1,0,0,1,0,0,1,0,0,0,0,0,0,0,0,0,0,0,0,0,0
1.93439123786113,874,6,0,2,0.349858807576003,1,0,0,1,0,0,1,0,0,0,0,0,0,0,0,0,0,0,0,0,0
2.34144666971107,874,7,0,2,0.419067548593257,1,0,0,1,0,0,1,0,0,0,0,0,0,0,0,0,0,0,0,0,0
0.817258313298905,874,8,0,2,0.49182469764127,1,0,0,1,0,0,1,0,0,0,0,0,0,0,0,0,0,0,0,0,0
4.0338111891147,874,9,0,2,0.568312185490169,1,0,0,1,0,0,1,0,0,0,0,0,0,0,0,0,0,0,0,0,0
2.97971639021454,874,10,0,2,0.648721270700128,1,0,0,1,0,0,1,0,0,0,0,0,0,0,0,0,0,0,0,0,0
-0.41993661315515,875,1,0,2,0.0512710963760241,1,1,1,1,1,1,0,0,0,1,0,0,0,0,0,0,0,0,0,0,0
0.491895855487195,875,2,0,2,0.105170918075648,1,1,1,1,1,1,0,0,0,1,0,0,0,0,0,0,0,0,0,0,0
1.16817563420209,875,3,0,2,0.161834242728283,1,1,1,1,1,1,0,0,0,1,0,0,0,0,0,0,0,0,0,0,0
-0.998644974718221,875,4,0,2,0.22140275816017,1,1,1,1,1,1,0,0,0,1,0,0,0,0,0,0,0,0,0,0,0
0.880363326457323,875,5,0,2,0.284025416687741,1,1,1,1,1,1,0,0,0,1,0,0,0,0,0,0,0,0,0,0,0
0.646572116446519,875,6,0,2,0.349858807576003,1,1,1,1,1,1,0,0,0,1,0,0,0,0,0,0,0,0,0,0,0
2.96633327708239,875,7,0,2,0.419067548593257,1,1,1,1,1,1,0,0,0,1,0,0,0,0,0,0,0,0,0,0,0
5.86048733898431,875,8,0,2,0.49182469764127,1,1,1,1,1,1,0,0,0,1,0,0,0,0,0,0,0,0,0,0,0
2.84313952283215,875,9,0,2,0.568312185490169,1,1,1,1,1,1,0,0,0,1,0,0,0,0,0,0,0,0,0,0,0
2.74451085890954,875,10,0,2,0.648721270700128,1,1,1,1,1,1,0,0,0,1,0,0,0,0,0,0,0,0,0,0,0
1.502023380208,876,1,0,2,0.0512710963760241,1,1,0,0,0,0,1,0,0,0,0,0,0,0,0,0,0,0,0,0,0
1.50245592739259,876,2,0,2,0.105170918075648,1,1,0,0,0,0,1,0,0,0,0,0,0,0,0,0,0,0,0,0,0
0.273805106885635,876,3,0,2,0.161834242728283,1,1,0,0,0,0,1,0,0,0,0,0,0,0,0,0,0,0,0,0,0
-0.383511071552028,876,4,0,2,0.22140275816017,1,1,0,0,0,0,1,0,0,0,0,0,0,0,0,0,0,0,0,0,0
2.60621560561377,876,5,0,2,0.284025416687741,1,1,0,0,0,0,1,0,0,0,0,0,0,0,0,0,0,0,0,0,0
2.67484583436078,876,6,0,2,0.349858807576003,1,1,0,0,0,0,1,0,0,0,0,0,0,0,0,0,0,0,0,0,0
2.6789271670375,876,7,0,2,0.419067548593257,1,1,0,0,0,0,1,0,0,0,0,0,0,0,0,0,0,0,0,0,0
2.15522900882014,876,8,0,2,0.49182469764127,1,1,0,0,0,0,1,0,0,0,0,0,0,0,0,0,0,0,0,0,0
1.46471008249975,876,9,0,2,0.568312185490169,1,1,0,0,0,0,1,0,0,0,0,0,0,0,0,0,0,0,0,0,0
3.37078072462837,876,10,0,2,0.648721270700128,1,1,0,0,0,0,1,0,0,0,0,0,0,0,0,0,0,0,0,0,0
0.520060881973854,877,1,0,2,0.0512710963760241,1,1,0,1,0,0,1,1,0,0,0,0,0,0,0,1,0,0,0,0,0
0.800861828911157,877,2,0,2,0.105170918075648,1,1,0,1,0,0,1,1,0,0,0,0,0,0,1,0,0,0,0,0,0
1.50353839541022,877,3,0,2,0.161834242728283,1,1,0,1,0,0,1,1,0,0,0,0,0,1,0,0,0,0,0,0,0
0.940407765835288,877,4,0,2,0.22140275816017,1,1,0,1,0,0,1,1,0,0,0,0,1,0,0,0,0,0,0,0,0
1.03020757534748,877,5,0,2,0.284025416687741,1,1,0,1,0,0,1,1,0,0,0,1,0,0,0,0,0,0,0,0,0
0.836902305328101,877,6,0,2,0.349858807576003,1,1,0,1,0,0,1,1,0,0,1,0,0,0,0,0,0,0,0,0,0
1.44728796542876,877,7,0,2,0.419067548593257,1,1,0,1,0,0,1,1,0,0,0,0,0,0,0,0,1,0,0,0,0
2.20268172945807,877,8,0,2,0.49182469764127,1,1,0,1,0,0,1,1,0,0,0,0,0,0,0,0,0,1,0,0,0
0.496239147480674,877,9,0,2,0.568312185490169,1,1,0,1,0,0,1,1,0,0,0,0,0,0,0,0,0,0,1,0,0
1.72283471148677,877,10,0,2,0.648721270700128,1,1,0,1,0,0,1,1,0,0,0,0,0,0,0,0,0,0,0,1,0
0.657561250372391,878,1,0,3,0.127496851579376,1,0,1,0,1,1,1,0,0,0,0,0,0,0,0,0,0,0,0,0,0
3.34523523217966,878,2,0,3,0.271249150321405,1,0,1,0,1,1,1,0,0,0,0,0,0,0,0,0,0,0,0,0,0
0.739438739827008,878,3,0,3,0.43332941456034,1,0,1,0,1,1,1,0,0,0,0,0,0,0,0,0,0,0,0,0,0
2.18497531885709,878,4,0,3,0.616074402192893,1,0,1,0,1,1,1,0,0,0,0,0,0,0,0,0,0,0,0,0,0
3.99895277134899,878,5,0,3,0.822118800390509,1,0,1,0,1,1,1,0,0,0,0,0,0,0,0,0,0,0,0,0,0
4.74388800235752,878,6,0,3,1.05443321064389,1,0,1,0,1,1,1,0,0,0,0,0,0,0,0,0,0,0,0,0,0
7.3597159189314,878,7,0,3,1.31636697678109,1,0,1,0,1,1,1,0,0,0,0,0,0,0,0,0,0,0,0,0,0
11.0993692239942,878,8,0,3,1.61169647342312,1,0,1,0,1,1,1,0,0,0,0,0,0,0,0,0,0,0,0,0,0
9.25524021387735,878,9,0,3,1.94467955106552,1,0,1,0,1,1,1,0,0,0,0,0,0,0,0,0,0,0,0,0,0
12.5883296683616,878,10,0,3,2.32011692273655,1,0,1,0,1,1,1,0,0,0,0,0,0,0,0,0,0,0,0,0,0
0.752605202053164,879,1,0,2,0.0512710963760241,1,0,0,1,0,0,1,0,0,0,0,0,0,0,0,0,0,0,0,0,0
0.506673628739113,879,2,0,2,0.105170918075648,1,0,0,1,0,0,1,0,0,0,0,0,0,0,0,0,0,0,0,0,0
0.166862845478951,879,3,0,2,0.161834242728283,1,0,0,1,0,0,1,0,0,0,0,0,0,0,0,0,0,0,0,0,0
2.70117652242037,879,4,0,2,0.22140275816017,1,0,0,1,0,0,1,0,0,0,0,0,0,0,0,0,0,0,0,0,0
0.926837036923017,879,5,0,2,0.284025416687741,1,0,0,1,0,0,1,0,0,0,0,0,0,0,0,0,0,0,0,0,0
1.86790198983087,879,6,0,2,0.349858807576003,1,0,0,1,0,0,1,0,0,0,0,0,0,0,0,0,0,0,0,0,0
1.44891870785359,879,7,0,2,0.419067548593257,1,0,0,1,0,0,1,0,0,0,0,0,0,0,0,0,0,0,0,0,0
0.919251936802329,879,8,0,2,0.49182469764127,1,0,0,1,0,0,1,0,0,0,0,0,0,0,0,0,0,0,0,0,0
3.28200002495186,879,9,0,2,0.568312185490169,1,0,0,1,0,0,1,0,0,0,0,0,0,0,0,0,0,0,0,0,0
3.37715386181479,879,10,0,2,0.648721270700128,1,0,0,1,0,0,1,0,0,0,0,0,0,0,0,0,0,0,0,0,0
0.881265403699796,880,1,0,1,0.01,0,0,1,0,0,1,0,1,0,1,0,0,0,0,0,0,0,0,0,0,0
1.76641070346399,880,2,0,1,0.01,0,0,1,0,0,1,0,1,0,1,0,0,0,0,0,0,0,0,0,0,0
-0.781291236445158,880,3,0,1,0.01,0,0,1,0,0,1,0,1,0,1,0,0,0,0,0,0,0,0,0,0,0
-0.703989804358507,880,4,0,1,0.01,0,0,1,0,0,1,0,1,0,1,0,0,0,0,0,0,0,0,0,0,0
-0.809714732365761,880,5,0,1,0.01,0,0,1,0,0,1,0,1,0,1,0,0,0,0,0,0,0,0,0,0,0
-0.811354515243834,880,6,0,1,0.01,0,0,1,0,0,1,0,1,0,1,0,0,0,0,0,0,0,0,0,0,0
0.940010326739171,880,7,0,1,0.01,0,0,1,0,0,1,0,1,0,1,0,0,0,0,0,0,0,0,0,0,0
-0.450798266172625,880,8,0,1,0.01,0,0,1,0,0,1,0,1,0,1,0,0,0,0,0,0,0,0,0,0,0
-0.341514492972937,880,9,0,1,0.01,0,0,1,0,0,1,0,1,0,1,0,0,0,0,0,0,0,0,0,0,0
0.066701009882297,880,10,0,1,0.01,0,0,1,0,0,1,0,1,0,1,0,0,0,0,0,0,0,0,0,0,0
1.44828304835697,881,1,0,2,0.0512710963760241,0,1,1,0,0,1,1,1,0,0,0,0,0,0,0,0,0,0,0,0,0
1.56362648444852,881,2,0,2,0.105170918075648,0,1,1,0,0,1,1,1,0,0,0,0,0,0,0,0,0,0,0,0,0
-0.212225914973017,881,3,0,2,0.161834242728283,0,1,1,0,0,1,1,1,0,0,0,0,0,0,0,0,0,0,0,0,0
0.141836558119073,881,4,0,2,0.22140275816017,0,1,1,0,0,1,1,1,0,0,0,0,0,0,0,0,0,0,0,0,0
-0.0691612992677864,881,5,0,2,0.284025416687741,0,1,1,0,0,1,1,1,0,0,0,0,0,0,0,0,0,0,0,0,0
0.00739599212161246,881,6,0,2,0.349858807576003,0,1,1,0,0,1,1,1,0,0,0,0,0,0,0,0,0,0,0,0,0
2.14466471814948,881,7,0,2,0.419067548593257,0,1,1,0,0,1,1,1,0,0,0,0,0,0,0,0,0,0,0,0,0
1.37110355476943,881,8,0,2,0.49182469764127,0,1,1,0,0,1,1,1,0,0,0,0,0,0,0,0,0,0,0,0,0
4.06088250606118,881,9,0,2,0.568312185490169,0,1,1,0,0,1,1,1,0,0,0,0,0,0,0,0,0,0,0,0,0
4.47256125145933,881,10,0,2,0.648721270700128,0,1,1,0,0,1,1,1,0,0,0,0,0,0,0,0,0,0,0,0,0
0.700655737057522,882,1,0,1,0.01,0,0,1,1,0,0,1,0,1,0,0,0,0,0,0,0,0,0,0,0,0
0.709561187633447,882,2,0,1,0.01,0,0,1,1,0,0,1,0,1,0,0,0,0,0,0,0,0,0,0,0,0
0.527412777840282,882,3,0,1,0.01,0,0,1,1,0,0,1,0,1,0,0,0,0,0,0,0,0,0,0,0,0
0.769728433435303,882,4,0,1,0.01,0,0,1,1,0,0,1,0,1,0,0,0,0,0,0,0,0,0,0,0,0
-1.53409698969559,882,5,0,1,0.01,0,0,1,1,0,0,1,0,1,0,0,0,0,0,0,0,0,0,0,0,0
0.234511783117941,882,6,0,1,0.01,0,0,1,1,0,0,1,0,1,0,0,0,0,0,0,0,0,0,0,0,0
-1.72164378499084,882,7,0,1,0.01,0,0,1,1,0,0,1,0,1,0,0,0,0,0,0,0,0,0,0,0,0
0.493989881511325,882,8,0,1,0.01,0,0,1,1,0,0,1,0,1,0,0,0,0,0,0,0,0,0,0,0,0
-0.918994373481513,882,9,0,1,0.01,0,0,1,1,0,0,1,0,1,0,0,0,0,0,0,0,0,0,0,0,0
0.636516157683958,882,10,0,1,0.01,0,0,1,1,0,0,1,0,1,0,0,0,0,0,0,0,0,0,0,0,0
-0.667396032943506,883,1,0,1,0.01,0,0,0,0,1,1,0,0,1,1,0,0,0,0,0,0,0,0,0,0,0
-0.732818124895115,883,2,0,1,0.01,0,0,0,0,1,1,0,0,1,1,0,0,0,0,0,0,0,0,0,0,0
-2.71744641566559,883,3,0,1,0.01,0,0,0,0,1,1,0,0,1,1,0,0,0,0,0,0,0,0,0,0,0
-0.568948651281689,883,4,0,1,0.01,0,0,0,0,1,1,0,0,1,1,0,0,0,0,0,0,0,0,0,0,0
0.101193245439532,883,5,0,1,0.01,0,0,0,0,1,1,0,0,1,1,0,0,0,0,0,0,0,0,0,0,0
1.39765594002291,883,6,0,1,0.01,0,0,0,0,1,1,0,0,1,1,0,0,0,0,0,0,0,0,0,0,0
-0.732326527850482,883,7,0,1,0.01,0,0,0,0,1,1,0,0,1,1,0,0,0,0,0,0,0,0,0,0,0
-0.802195435613179,883,8,0,1,0.01,0,0,0,0,1,1,0,0,1,1,0,0,0,0,0,0,0,0,0,0,0
0.759671583910638,883,9,0,1,0.01,0,0,0,0,1,1,0,0,1,1,0,0,0,0,0,0,0,0,0,0,0
-1.56344154487633,883,10,0,1,0.01,0,0,0,0,1,1,0,0,1,1,0,0,0,0,0,0,0,0,0,0,0
-2.58325132496756,884,1,0,1,0.01,0,1,1,1,1,0,1,1,0,0,0,0,0,0,0,0,0,0,0,0,0
-0.242271892694904,884,2,0,1,0.01,0,1,1,1,1,0,1,1,0,0,0,0,0,0,0,0,0,0,0,0,0
-0.89983057670157,884,3,0,1,0.01,0,1,1,1,1,0,1,1,0,0,0,0,0,0,0,0,0,0,0,0,0
1.81791356353245,884,4,0,1,0.01,0,1,1,1,1,0,1,1,0,0,0,0,0,0,0,0,0,0,0,0,0
-0.0333482896687212,884,5,0,1,0.01,0,1,1,1,1,0,1,1,0,0,0,0,0,0,0,0,0,0,0,0,0
-0.325341528138862,884,6,0,1,0.01,0,1,1,1,1,0,1,1,0,0,0,0,0,0,0,0,0,0,0,0,0
0.645379117644857,884,7,0,1,0.01,0,1,1,1,1,0,1,1,0,0,0,0,0,0,0,0,0,0,0,0,0
-0.548861393604937,884,8,0,1,0.01,0,1,1,1,1,0,1,1,0,0,0,0,0,0,0,0,0,0,0,0,0
-0.400638696351563,884,9,0,1,0.01,0,1,1,1,1,0,1,1,0,0,0,0,0,0,0,0,0,0,0,0,0
-0.179263884630571,884,10,0,1,0.01,0,1,1,1,1,0,1,1,0,0,0,0,0,0,0,0,0,0,0,0,0
1.49832225515303,885,1,0,1,0.01,1,0,1,1,0,0,0,0,1,1,0,0,0,0,0,0,0,0,0,0,0
0.904485566392786,885,2,0,1,0.01,1,0,1,1,0,0,0,0,1,1,0,0,0,0,0,0,0,0,0,0,0
-1.85880963572772,885,3,0,1,0.01,1,0,1,1,0,0,0,0,1,1,0,0,0,0,0,0,0,0,0,0,0
0.670623543645284,885,4,0,1,0.01,1,0,1,1,0,0,0,0,1,1,0,0,0,0,0,0,0,0,0,0,0
1.75308493030517,885,5,0,1,0.01,1,0,1,1,0,0,0,0,1,1,0,0,0,0,0,0,0,0,0,0,0
0.990439193394667,885,6,0,1,0.01,1,0,1,1,0,0,0,0,1,1,0,0,0,0,0,0,0,0,0,0,0
-0.327872289499594,885,7,0,1,0.01,1,0,1,1,0,0,0,0,1,1,0,0,0,0,0,0,0,0,0,0,0
0.15061532866933,885,8,0,1,0.01,1,0,1,1,0,0,0,0,1,1,0,0,0,0,0,0,0,0,0,0,0
0.264760021666597,885,9,0,1,0.01,1,0,1,1,0,0,0,0,1,1,0,0,0,0,0,0,0,0,0,0,0
-0.456435456193449,885,10,0,1,0.01,1,0,1,1,0,0,0,0,1,1,0,0,0,0,0,0,0,0,0,0,0
0.64923440048576,886,1,0,2,0.0512710963760241,0,0,0,0,1,1,1,0,0,1,0,0,0,0,0,0,0,0,0,0,0
-0.116301210070098,886,2,0,2,0.105170918075648,0,0,0,0,1,1,1,0,0,1,0,0,0,0,0,0,0,0,0,0,0
1.2480330428527,886,3,0,2,0.161834242728283,0,0,0,0,1,1,1,0,0,1,0,0,0,0,0,0,0,0,0,0,0
1.96282200250284,886,4,0,2,0.22140275816017,0,0,0,0,1,1,1,0,0,1,0,0,0,0,0,0,0,0,0,0,0
0.827302827452165,886,5,0,2,0.284025416687741,0,0,0,0,1,1,1,0,0,1,0,0,0,0,0,0,0,0,0,0,0
2.69091290277538,886,6,0,2,0.349858807576003,0,0,0,0,1,1,1,0,0,1,0,0,0,0,0,0,0,0,0,0,0
-0.624504832575104,886,7,0,2,0.419067548593257,0,0,0,0,1,1,1,0,0,1,0,0,0,0,0,0,0,0,0,0,0
2.05375809916427,886,8,0,2,0.49182469764127,0,0,0,0,1,1,1,0,0,1,0,0,0,0,0,0,0,0,0,0,0
3.01411726080249,886,9,0,2,0.568312185490169,0,0,0,0,1,1,1,0,0,1,0,0,0,0,0,0,0,0,0,0,0
2.16981322187374,886,10,0,2,0.648721270700128,0,0,0,0,1,1,1,0,0,1,0,0,0,0,0,0,0,0,0,0,0
2.439220323575,887,1,0,2,0.0512710963760241,0,0,0,1,0,0,0,1,1,0,0,0,0,0,0,0,0,0,0,0,0
0.527515791679472,887,2,0,2,0.105170918075648,0,0,0,1,0,0,0,1,1,0,0,0,0,0,0,0,0,0,0,0,0
1.32267019538257,887,3,0,2,0.161834242728283,0,0,0,1,0,0,0,1,1,0,0,0,0,0,0,0,0,0,0,0,0
0.612408590144845,887,4,0,2,0.22140275816017,0,0,0,1,0,0,0,1,1,0,0,0,0,0,0,0,0,0,0,0,0
2.39206450861651,887,5,0,2,0.284025416687741,0,0,0,1,0,0,0,1,1,0,0,0,0,0,0,0,0,0,0,0,0
3.04658623901968,887,6,0,2,0.349858807576003,0,0,0,1,0,0,0,1,1,0,0,0,0,0,0,0,0,0,0,0,0
2.60727889268266,887,7,0,2,0.419067548593257,0,0,0,1,0,0,0,1,1,0,0,0,0,0,0,0,0,0,0,0,0
1.08955476781626,887,8,0,2,0.49182469764127,0,0,0,1,0,0,0,1,1,0,0,0,0,0,0,0,0,0,0,0,0
2.57911884696436,887,9,0,2,0.568312185490169,0,0,0,1,0,0,0,1,1,0,0,0,0,0,0,0,0,0,0,0,0
5.28703873359309,887,10,0,2,0.648721270700128,0,0,0,1,0,0,0,1,1,0,0,0,0,0,0,0,0,0,0,0,0
2.11323071076891,888,1,0,2,0.0512710963760241,0,0,1,1,1,0,0,1,0,1,0,0,0,0,0,0,0,0,0,0,0
2.53928893908541,888,2,0,2,0.105170918075648,0,0,1,1,1,0,0,1,0,1,0,0,0,0,0,0,0,0,0,0,0
2.31344879804006,888,3,0,2,0.161834242728283,0,0,1,1,1,0,0,1,0,1,0,0,0,0,0,0,0,0,0,0,0
1.41652739980413,888,4,0,2,0.22140275816017,0,0,1,1,1,0,0,1,0,1,0,0,0,0,0,0,0,0,0,0,0
2.08256768860439,888,5,0,2,0.284025416687741,0,0,1,1,1,0,0,1,0,1,0,0,0,0,0,0,0,0,0,0,0
1.91981198797701,888,6,0,2,0.349858807576003,0,0,1,1,1,0,0,1,0,1,0,0,0,0,0,0,0,0,0,0,0
2.58775830152965,888,7,0,2,0.419067548593257,0,0,1,1,1,0,0,1,0,1,0,0,0,0,0,0,0,0,0,0,0
2.43596390477013,888,8,0,2,0.49182469764127,0,0,1,1,1,0,0,1,0,1,0,0,0,0,0,0,0,0,0,0,0
3.4026040792166,888,9,0,2,0.568312185490169,0,0,1,1,1,0,0,1,0,1,0,0,0,0,0,0,0,0,0,0,0
1.94280916236048,888,10,0,2,0.648721270700128,0,0,1,1,1,0,0,1,0,1,0,0,0,0,0,0,0,0,0,0,0
-1.47816488021423,889,1,0,1,0.01,0,0,0,1,1,0,1,0,0,0,0,0,0,0,0,0,0,0,0,0,0
0.437121606961228,889,2,0,1,0.01,0,0,0,1,1,0,1,0,0,0,0,0,0,0,0,0,0,0,0,0,0
-1.31284373953371,889,3,0,1,0.01,0,0,0,1,1,0,1,0,0,0,0,0,0,0,0,0,0,0,0,0,0
1.14704299508632,889,4,0,1,0.01,0,0,0,1,1,0,1,0,0,0,0,0,0,0,0,0,0,0,0,0,0
0.507463316968519,889,5,0,1,0.01,0,0,0,1,1,0,1,0,0,0,0,0,0,0,0,0,0,0,0,0,0
0.582005928140406,889,6,0,1,0.01,0,0,0,1,1,0,1,0,0,0,0,0,0,0,0,0,0,0,0,0,0
-1.24071679623766,889,7,0,1,0.01,0,0,0,1,1,0,1,0,0,0,0,0,0,0,0,0,0,0,0,0,0
1.81446818991656,889,8,0,1,0.01,0,0,0,1,1,0,1,0,0,0,0,0,0,0,0,0,0,0,0,0,0
0.169084558814249,889,9,0,1,0.01,0,0,0,1,1,0,1,0,0,0,0,0,0,0,0,0,0,0,0,0,0
-0.403151685301748,889,10,0,1,0.01,0,0,0,1,1,0,1,0,0,0,0,0,0,0,0,0,0,0,0,0,0
-0.598937594240879,890,1,0,3,0.127496851579376,0,1,0,1,0,0,0,1,0,0,0,0,0,0,0,0,0,0,0,0,0
3.05137437851536,890,2,0,3,0.271249150321405,0,1,0,1,0,0,0,1,0,0,0,0,0,0,0,1,0,0,0,0,0
-0.207618435271354,890,3,0,3,0.43332941456034,0,1,0,1,0,0,0,1,0,0,0,0,0,0,1,0,0,0,0,0,0
3.32976993828817,890,4,0,3,0.616074402192893,0,1,0,1,0,0,0,1,0,0,0,0,0,1,0,0,0,0,0,0,0
4.57280320554981,890,5,0,3,0.822118800390509,0,1,0,1,0,0,0,1,0,0,0,0,1,0,0,0,0,0,0,0,0
4.83924376689051,890,6,0,3,1.05443321064389,0,1,0,1,0,0,0,1,0,0,0,1,0,0,0,0,0,0,0,0,0
7.70711686622739,890,7,0,3,1.31636697678109,0,1,0,1,0,0,0,1,0,0,1,0,0,0,0,0,0,0,0,0,0
7.49679278663137,890,8,0,3,1.61169647342312,0,1,0,1,0,0,0,1,0,0,0,0,0,0,0,0,1,0,0,0,0
10.0987063678318,890,9,0,3,1.94467955106552,0,1,0,1,0,0,0,1,0,0,0,0,0,0,0,0,0,1,0,0,0
12.0635464900206,890,10,0,3,2.32011692273655,0,1,0,1,0,0,0,1,0,0,0,0,0,0,0,0,0,0,1,0,0
-0.740819094564264,891,1,0,1,0.01,1,0,1,1,1,0,1,0,1,1,0,0,0,0,0,0,0,0,0,0,0
1.44404702637676,891,2,0,1,0.01,1,0,1,1,1,0,1,0,1,1,0,0,0,0,0,0,0,0,0,0,0
0.116067778830299,891,3,0,1,0.01,1,0,1,1,1,0,1,0,1,1,0,0,0,0,0,0,0,0,0,0,0
1.21050970901461,891,4,0,1,0.01,1,0,1,1,1,0,1,0,1,1,0,0,0,0,0,0,0,0,0,0,0
0.697794084833848,891,5,0,1,0.01,1,0,1,1,1,0,1,0,1,1,0,0,0,0,0,0,0,0,0,0,0
-0.995228014430589,891,6,0,1,0.01,1,0,1,1,1,0,1,0,1,1,0,0,0,0,0,0,0,0,0,0,0
1.50490662304162,891,7,0,1,0.01,1,0,1,1,1,0,1,0,1,1,0,0,0,0,0,0,0,0,0,0,0
1.21132439581376,891,8,0,1,0.01,1,0,1,1,1,0,1,0,1,1,0,0,0,0,0,0,0,0,0,0,0
-0.36732102770987,891,9,0,1,0.01,1,0,1,1,1,0,1,0,1,1,0,0,0,0,0,0,0,0,0,0,0
1.23295077041041,891,10,0,1,0.01,1,0,1,1,1,0,1,0,1,1,0,0,0,0,0,0,0,0,0,0,0
0.307628389303215,892,1,0,1,0.01,1,1,0,1,1,1,1,1,1,1,0,0,0,0,0,0,0,0,0,0,0
0.532282171438296,892,2,0,1,0.01,1,1,0,1,1,1,1,1,1,1,0,0,0,0,0,0,0,0,0,0,0
-0.472913223737702,892,3,0,1,0.01,1,1,0,1,1,1,1,1,1,1,0,0,0,0,0,0,0,0,0,0,0
0.622021401241595,892,4,0,1,0.01,1,1,0,1,1,1,1,1,1,1,0,0,0,0,0,0,0,0,0,0,0
0.674130836163258,892,5,0,1,0.01,1,1,0,1,1,1,1,1,1,1,0,0,0,0,0,0,0,0,0,0,0
1.40530465825918,892,6,0,1,0.01,1,1,0,1,1,1,1,1,1,1,0,0,0,0,0,0,0,0,0,0,0
-1.46511069044866,892,7,0,1,0.01,1,1,0,1,1,1,1,1,1,1,0,0,0,0,0,0,0,0,0,0,0
-0.525255728777428,892,8,0,1,0.01,1,1,0,1,1,1,1,1,1,1,0,0,0,0,0,0,0,0,0,0,0
0.296664250007015,892,9,0,1,0.01,1,1,0,1,1,1,1,1,1,1,0,0,0,0,0,0,0,0,0,0,0
0.146575579640414,892,10,0,1,0.01,1,1,0,1,1,1,1,1,1,1,0,0,0,0,0,0,0,0,0,0,0
-0.15684383644,893,1,0,1,0.01,1,1,0,1,1,0,1,0,0,1,0,0,0,0,0,0,0,0,0,0,0
-1.04360780344199,893,2,0,1,0.01,1,1,0,1,1,0,1,0,0,1,0,0,0,0,0,0,0,0,0,0,0
0.666053310008974,893,3,0,1,0.01,1,1,0,1,1,0,1,0,0,1,0,0,0,0,0,0,0,0,0,0,0
-0.508564592504028,893,4,0,1,0.01,1,1,0,1,1,0,1,0,0,1,0,0,0,0,0,0,0,0,0,0,0
0.977760769193812,893,5,0,1,0.01,1,1,0,1,1,0,1,0,0,1,0,0,0,0,0,0,0,0,0,0,0
1.18391096189776,893,6,0,1,0.01,1,1,0,1,1,0,1,0,0,1,0,0,0,0,0,0,0,0,0,0,0
1.219332716702,893,7,0,1,0.01,1,1,0,1,1,0,1,0,0,1,0,0,0,0,0,0,0,0,0,0,0
-0.437500709632843,893,8,0,1,0.01,1,1,0,1,1,0,1,0,0,1,0,0,0,0,0,0,0,0,0,0,0
0.344095649594489,893,9,0,1,0.01,1,1,0,1,1,0,1,0,0,1,0,0,0,0,0,0,0,0,0,0,0
-0.275709437742748,893,10,0,1,0.01,1,1,0,1,1,0,1,0,0,1,0,0,0,0,0,0,0,0,0,0,0
0.10800429584195,894,1,0,1,0.01,1,1,1,0,0,1,1,0,0,1,0,0,0,0,0,0,0,0,0,0,0
1.40714636395066,894,2,0,1,0.01,1,1,1,0,0,1,1,0,0,1,0,0,0,0,0,0,0,0,0,0,0
2.08494074227554,894,3,0,1,0.01,1,1,1,0,0,1,1,0,0,1,0,0,0,0,0,0,0,0,0,0,0
2.58189750779026,894,4,0,1,0.01,1,1,1,0,0,1,1,0,0,1,0,0,0,0,0,0,0,0,0,0,0
1.38057064516819,894,5,0,1,0.01,1,1,1,0,0,1,1,0,0,1,0,0,0,0,0,0,0,0,0,0,0
1.32033794418524,894,6,0,1,0.01,1,1,1,0,0,1,1,0,0,1,0,0,0,0,0,0,0,0,0,0,0
-2.34927878714528,894,7,0,1,0.01,1,1,1,0,0,1,1,0,0,1,0,0,0,0,0,0,0,0,0,0,0
0.305026033445891,894,8,0,1,0.01,1,1,1,0,0,1,1,0,0,1,0,0,0,0,0,0,0,0,0,0,0
-1.40379497388612,894,9,0,1,0.01,1,1,1,0,0,1,1,0,0,1,0,0,0,0,0,0,0,0,0,0,0
1.75695440705386,894,10,0,1,0.01,1,1,1,0,0,1,1,0,0,1,0,0,0,0,0,0,0,0,0,0,0
-0.936529061163287,895,1,0,1,0.01,1,0,1,1,0,0,0,0,1,0,0,0,0,0,0,0,0,0,0,0,0
1.74526408979731,895,2,0,1,0.01,1,0,1,1,0,0,0,0,1,0,0,0,0,0,0,0,0,0,0,0,0
-0.11242193619357,895,3,0,1,0.01,1,0,1,1,0,0,0,0,1,0,0,0,0,0,0,0,0,0,0,0,0
-1.3571277368684,895,4,0,1,0.01,1,0,1,1,0,0,0,0,1,0,0,0,0,0,0,0,0,0,0,0,0
-0.102428815893639,895,5,0,1,0.01,1,0,1,1,0,0,0,0,1,0,0,0,0,0,0,0,0,0,0,0,0
1.29929056993429,895,6,0,1,0.01,1,0,1,1,0,0,0,0,1,0,0,0,0,0,0,0,0,0,0,0,0
0.482923068286247,895,7,0,1,0.01,1,0,1,1,0,0,0,0,1,0,0,0,0,0,0,0,0,0,0,0,0
0.194940951781852,895,8,0,1,0.01,1,0,1,1,0,0,0,0,1,0,0,0,0,0,0,0,0,0,0,0,0
-1.06099015077715,895,9,0,1,0.01,1,0,1,1,0,0,0,0,1,0,0,0,0,0,0,0,0,0,0,0,0
1.6816445786343,895,10,0,1,0.01,1,0,1,1,0,0,0,0,1,0,0,0,0,0,0,0,0,0,0,0,0
2.3431108701938,896,1,0,1,0.01,0,0,1,1,0,0,0,1,1,0,0,0,0,0,0,0,0,0,0,0,0
-1.43782707213135,896,2,0,1,0.01,0,0,1,1,0,0,0,1,1,0,0,0,0,0,0,0,0,0,0,0,0
0.881686479686578,896,3,0,1,0.01,0,0,1,1,0,0,0,1,1,0,0,0,0,0,0,0,0,0,0,0,0
0.47550210504155,896,4,0,1,0.01,0,0,1,1,0,0,0,1,1,0,0,0,0,0,0,0,0,0,0,0,0
-0.997585223510383,896,5,0,1,0.01,0,0,1,1,0,0,0,1,1,0,0,0,0,0,0,0,0,0,0,0,0
0.618995342206173,896,6,0,1,0.01,0,0,1,1,0,0,0,1,1,0,0,0,0,0,0,0,0,0,0,0,0
-0.815228995852825,896,7,0,1,0.01,0,0,1,1,0,0,0,1,1,0,0,0,0,0,0,0,0,0,0,0,0
-1.0405524770528,896,8,0,1,0.01,0,0,1,1,0,0,0,1,1,0,0,0,0,0,0,0,0,0,0,0,0
-0.431667763189423,896,9,0,1,0.01,0,0,1,1,0,0,0,1,1,0,0,0,0,0,0,0,0,0,0,0,0
-0.962918302517393,896,10,0,1,0.01,0,0,1,1,0,0,0,1,1,0,0,0,0,0,0,0,0,0,0,0,0
-0.269985550843165,897,1,0,1,0.01,1,1,0,1,1,1,0,0,0,0,0,0,1,0,0,0,0,0,0,0,0
-0.07555093044752,897,2,0,1,0.01,1,1,0,1,1,1,0,0,0,0,0,1,0,0,0,0,0,0,0,0,0
0.61480728520891,897,3,0,1,0.01,1,1,0,1,1,1,0,0,0,0,1,0,0,0,0,0,0,0,0,0,0
0.363305762176083,897,4,0,1,0.01,1,1,0,1,1,1,0,0,0,0,0,0,0,0,0,0,1,0,0,0,0
-2.06083926326515,897,5,0,1,0.01,1,1,0,1,1,1,0,0,0,0,0,0,0,0,0,0,0,1,0,0,0
-0.0681460747319121,897,6,0,1,0.01,1,1,0,1,1,1,0,0,0,0,0,0,0,0,0,0,0,0,1,0,0
1.87082948392028,897,7,0,1,0.01,1,1,0,1,1,1,0,0,0,0,0,0,0,0,0,0,0,0,0,1,0
-0.298467947251679,897,8,0,1,0.01,1,1,0,1,1,1,0,0,0,0,0,0,0,0,0,0,0,0,0,0,1
1.81986737589623,897,9,0,1,0.01,1,1,0,1,1,1,0,0,0,0,0,0,0,0,0,0,0,0,0,0,0
-1.66038771992272,897,10,0,1,0.01,1,1,0,1,1,1,0,0,0,0,0,0,0,0,0,0,0,0,0,0,0
-0.0680758318827572,898,1,0,1,0.01,1,0,0,1,0,1,1,0,0,1,0,0,0,0,0,0,0,0,0,0,0
-1.72232852622047,898,2,0,1,0.01,1,0,0,1,0,1,1,0,0,1,0,0,0,0,0,0,0,0,0,0,0
-0.907635617112178,898,3,0,1,0.01,1,0,0,1,0,1,1,0,0,1,0,0,0,0,0,0,0,0,0,0,0
1.36609879952127,898,4,0,1,0.01,1,0,0,1,0,1,1,0,0,1,0,0,0,0,0,0,0,0,0,0,0
-0.214625692039065,898,5,0,1,0.01,1,0,0,1,0,1,1,0,0,1,0,0,0,0,0,0,0,0,0,0,0
1.02523512335847,898,6,0,1,0.01,1,0,0,1,0,1,1,0,0,1,0,0,0,0,0,0,0,0,0,0,0
-0.248199977458384,898,7,0,1,0.01,1,0,0,1,0,1,1,0,0,1,0,0,0,0,0,0,0,0,0,0,0
-2.51834101460059,898,8,0,1,0.01,1,0,0,1,0,1,1,0,0,1,0,0,0,0,0,0,0,0,0,0,0
0.158649048296747,898,9,0,1,0.01,1,0,0,1,0,1,1,0,0,1,0,0,0,0,0,0,0,0,0,0,0
2.07661439815662,898,10,0,1,0.01,1,0,0,1,0,1,1,0,0,1,0,0,0,0,0,0,0,0,0,0,0
1.06031678255761,899,1,0,3,0.127496851579376,1,0,0,0,1,0,1,0,0,0,0,0,0,0,0,0,0,0,0,0,0
1.87890419085173,899,2,0,3,0.271249150321405,1,0,0,0,1,0,1,0,0,0,0,0,0,0,0,0,0,0,0,0,0
2.06466302832429,899,3,0,3,0.43332941456034,1,0,0,0,1,0,1,0,0,0,0,0,0,0,0,1,0,0,0,0,0
3.13187133553417,899,4,0,3,0.616074402192893,1,0,0,0,1,0,1,0,0,0,0,0,0,0,1,0,0,0,0,0,0
3.71584762663415,899,5,0,3,0.822118800390509,1,0,0,0,1,0,1,0,0,0,0,0,0,1,0,0,0,0,0,0,0
5.42203468037454,899,6,0,3,1.05443321064389,1,0,0,0,1,0,1,0,0,0,0,0,1,0,0,0,0,0,0,0,0
6.29109460127901,899,7,0,3,1.31636697678109,1,0,0,0,1,0,1,0,0,0,0,1,0,0,0,0,0,0,0,0,0
6.80802388230458,899,8,0,3,1.61169647342312,1,0,0,0,1,0,1,0,0,0,1,0,0,0,0,0,0,0,0,0,0
8.7796823001019,899,9,0,3,1.94467955106552,1,0,0,0,1,0,1,0,0,0,0,0,0,0,0,0,1,0,0,0,0
11.3898461937824,899,10,0,3,2.32011692273655,1,0,0,0,1,0,1,0,0,0,0,0,0,0,0,0,0,1,0,0,0
1.40293911716674,900,1,0,3,0.127496851579376,1,1,1,1,0,1,1,1,0,1,0,0,0,1,0,0,0,0,0,0,0
0.400131704104435,900,2,0,3,0.271249150321405,1,1,1,1,0,1,1,1,0,1,0,0,1,0,0,0,0,0,0,0,0
0.44091810031518,900,3,0,3,0.43332941456034,1,1,1,1,0,1,1,1,0,1,0,1,0,0,0,0,0,0,0,0,0
4.67704528595865,900,4,0,3,0.616074402192893,1,1,1,1,0,1,1,1,0,1,1,0,0,0,0,0,0,0,0,0,0
2.60002463621409,900,5,0,3,0.822118800390509,1,1,1,1,0,1,1,1,0,1,0,0,0,0,0,0,1,0,0,0,0
5.0556442808996,900,6,0,3,1.05443321064389,1,1,1,1,0,1,1,1,0,1,0,0,0,0,0,0,0,1,0,0,0
5.82533639089561,900,7,0,3,1.31636697678109,1,1,1,1,0,1,1,1,0,1,0,0,0,0,0,0,0,0,1,0,0
7.64737463214378,900,8,0,3,1.61169647342312,1,1,1,1,0,1,1,1,0,1,0,0,0,0,0,0,0,0,0,1,0
8.58621343233118,900,9,0,3,1.94467955106552,1,1,1,1,0,1,1,1,0,1,0,0,0,0,0,0,0,0,0,0,1
12.3283881047718,900,10,0,3,2.32011692273655,1,1,1,1,0,1,1,1,0,1,0,0,0,0,0,0,0,0,0,0,0
-0.333986199541288,901,1,0,1,0.01,0,0,0,1,0,0,1,0,0,1,0,0,0,0,0,0,0,0,0,0,0
1.33201966246688,901,2,0,1,0.01,0,0,0,1,0,0,1,0,0,1,0,0,0,0,0,0,0,0,0,0,0
0.303998885799005,901,3,0,1,0.01,0,0,0,1,0,0,1,0,0,1,0,0,0,0,0,0,0,0,0,0,0
-0.329863768074069,901,4,0,1,0.01,0,0,0,1,0,0,1,0,0,1,0,0,0,0,0,0,0,0,0,0,0
1.34425798223234,901,5,0,1,0.01,0,0,0,1,0,0,1,0,0,1,0,0,0,0,0,0,0,0,0,0,0
-1.43321654023885,901,6,0,1,0.01,0,0,0,1,0,0,1,0,0,1,0,0,0,0,0,0,0,0,0,0,0
-0.786136585872709,901,7,0,1,0.01,0,0,0,1,0,0,1,0,0,1,0,0,0,0,0,0,0,0,0,0,0
-2.2388935488142,901,8,0,1,0.01,0,0,0,1,0,0,1,0,0,1,0,0,0,0,0,0,0,0,0,0,0
0.151203475435008,901,9,0,1,0.01,0,0,0,1,0,0,1,0,0,1,0,0,0,0,0,0,0,0,0,0,0
-0.357163960454598,901,10,0,1,0.01,0,0,0,1,0,0,1,0,0,1,0,0,0,0,0,0,0,0,0,0,0
0.426857836053729,902,1,0,1,0.01,1,1,1,0,1,1,1,0,1,0,0,0,0,0,0,0,0,0,0,0,0
-0.11306925285158,902,2,0,1,0.01,1,1,1,0,1,1,1,0,1,0,0,0,0,0,0,0,0,0,0,0,0
0.488387796297514,902,3,0,1,0.01,1,1,1,0,1,1,1,0,1,0,0,0,0,0,0,0,0,0,0,0,0
1.46306940925435,902,4,0,1,0.01,1,1,1,0,1,1,1,0,1,0,0,0,0,0,0,0,0,0,0,0,0
-0.318383251036059,902,5,0,1,0.01,1,1,1,0,1,1,1,0,1,0,0,0,0,0,0,0,0,0,0,0,0
-1.26683846317866,902,6,0,1,0.01,1,1,1,0,1,1,1,0,1,0,0,0,0,0,0,0,0,0,0,0,0
1.07765941616161,902,7,0,1,0.01,1,1,1,0,1,1,1,0,1,0,0,0,0,0,0,0,0,0,0,0,0
-0.324667269115588,902,8,0,1,0.01,1,1,1,0,1,1,1,0,1,0,0,0,0,0,0,0,0,0,0,0,0
0.163206201195817,902,9,0,1,0.01,1,1,1,0,1,1,1,0,1,0,0,0,0,0,0,0,0,0,0,0,0
0.161509096915764,902,10,0,1,0.01,1,1,1,0,1,1,1,0,1,0,0,0,0,0,0,0,0,0,0,0,0
-0.276830175680953,903,1,0,1,0.01,1,1,1,1,0,1,1,0,0,0,0,0,0,0,0,0,0,0,0,0,0
0.367985314212035,903,2,0,1,0.01,1,1,1,1,0,1,1,0,0,0,0,0,0,0,0,0,0,0,0,0,0
0.599803537274111,903,3,0,1,0.01,1,1,1,1,0,1,1,0,0,0,0,0,0,0,0,0,0,0,0,0,0
1.26114303099385,903,4,0,1,0.01,1,1,1,1,0,1,1,0,0,0,0,0,0,0,0,0,0,0,0,0,0
1.2470734826343,903,5,0,1,0.01,1,1,1,1,0,1,1,0,0,0,0,0,0,0,0,0,0,0,0,0,0
0.251178620664459,903,6,0,1,0.01,1,1,1,1,0,1,1,0,0,0,0,0,0,0,0,0,0,0,0,0,0
0.749562971096946,903,7,0,1,0.01,1,1,1,1,0,1,1,0,0,0,0,0,0,0,0,0,0,0,0,0,0
0.421409973349414,903,8,0,1,0.01,1,1,1,1,0,1,1,0,0,0,0,0,0,0,0,0,0,0,0,0,0
-0.187163640232468,903,9,0,1,0.01,1,1,1,1,0,1,1,0,0,0,0,0,0,0,0,0,0,0,0,0,0
0.141391856401862,903,10,0,1,0.01,1,1,1,1,0,1,1,0,0,0,0,0,0,0,0,0,0,0,0,0,0
2.45901920122817,904,1,0,2,0.0512710963760241,0,1,0,0,1,0,1,1,1,1,0,0,0,0,0,0,0,0,0,0,0
0.0553112177505439,904,2,0,2,0.105170918075648,0,1,0,0,1,0,1,1,1,1,0,0,0,0,0,0,0,0,0,0,0
-0.232177872152108,904,3,0,2,0.161834242728283,0,1,0,0,1,0,1,1,1,1,0,0,0,0,0,0,0,0,0,0,0
0.547181012837558,904,4,0,2,0.22140275816017,0,1,0,0,1,0,1,1,1,1,0,0,0,0,0,0,0,0,0,0,0
1.06904996261749,904,5,0,2,0.284025416687741,0,1,0,0,1,0,1,1,1,1,0,0,0,0,0,0,0,0,0,0,0
1.67548064367382,904,6,0,2,0.349858807576003,0,1,0,0,1,0,1,1,1,1,0,0,0,0,0,0,0,0,0,0,0
1.81149467918941,904,7,0,2,0.419067548593257,0,1,0,0,1,0,1,1,1,1,0,0,0,0,0,0,0,0,0,0,0
1.44661734040534,904,8,0,2,0.49182469764127,0,1,0,0,1,0,1,1,1,1,0,0,0,0,0,0,0,0,0,0,0
4.03624868167345,904,9,0,2,0.568312185490169,0,1,0,0,1,0,1,1,1,1,0,0,0,0,0,0,0,0,0,0,0
2.19290903605152,904,10,0,2,0.648721270700128,0,1,0,0,1,0,1,1,1,1,0,0,0,0,0,0,0,0,0,0,0
-1.35901216727631,905,1,0,1,0.01,0,0,0,0,1,1,0,1,0,0,0,0,0,0,0,0,0,0,0,0,0
0.173536628769543,905,2,0,1,0.01,0,0,0,0,1,1,0,1,0,0,0,0,0,0,0,0,0,0,0,0,0
-0.849404793015134,905,3,0,1,0.01,0,0,0,0,1,1,0,1,0,0,0,0,0,0,0,0,0,0,0,0,0
0.150984731421824,905,4,0,1,0.01,0,0,0,0,1,1,0,1,0,0,0,0,0,0,0,0,0,0,0,0,0
0.330794564266264,905,5,0,1,0.01,0,0,0,0,1,1,0,1,0,0,0,0,0,0,0,0,0,0,0,0,0
-0.757556621620538,905,6,0,1,0.01,0,0,0,0,1,1,0,1,0,0,0,0,0,0,0,0,0,0,0,0,0
0.682696445312234,905,7,0,1,0.01,0,0,0,0,1,1,0,1,0,0,0,0,0,0,0,0,0,0,0,0,0
1.34304047065295,905,8,0,1,0.01,0,0,0,0,1,1,0,1,0,0,0,0,0,0,0,0,0,0,0,0,0
0.534455226659741,905,9,0,1,0.01,0,0,0,0,1,1,0,1,0,0,0,0,0,0,0,0,0,0,0,0,0
-0.827718578246126,905,10,0,1,0.01,0,0,0,0,1,1,0,1,0,0,0,0,0,0,0,0,0,0,0,0,0
-1.60321244358088,906,1,0,1,0.01,1,1,1,1,1,1,0,0,1,1,1,0,0,0,0,0,0,0,0,0,0
-0.61515179880687,906,2,0,1,0.01,1,1,1,1,1,1,0,0,1,1,0,0,0,0,0,0,1,0,0,0,0
0.0177587627692726,906,3,0,1,0.01,1,1,1,1,1,1,0,0,1,1,0,0,0,0,0,0,0,1,0,0,0
-1.38248621895216,906,4,0,1,0.01,1,1,1,1,1,1,0,0,1,1,0,0,0,0,0,0,0,0,1,0,0
-0.686789353626171,906,5,0,1,0.01,1,1,1,1,1,1,0,0,1,1,0,0,0,0,0,0,0,0,0,1,0
1.37271479604283,906,6,0,1,0.01,1,1,1,1,1,1,0,0,1,1,0,0,0,0,0,0,0,0,0,0,1
-0.318761644733025,906,7,0,1,0.01,1,1,1,1,1,1,0,0,1,1,0,0,0,0,0,0,0,0,0,0,0
0.645558849903483,906,8,0,1,0.01,1,1,1,1,1,1,0,0,1,1,0,0,0,0,0,0,0,0,0,0,0
0.581812566976258,906,9,0,1,0.01,1,1,1,1,1,1,0,0,1,1,0,0,0,0,0,0,0,0,0,0,0
1.15967141156362,906,10,0,1,0.01,1,1,1,1,1,1,0,0,1,1,0,0,0,0,0,0,0,0,0,0,0
-0.965039271938318,907,1,0,1,0.01,1,0,0,0,0,1,1,1,0,0,0,1,0,0,0,0,0,0,0,0,0
-2.67517437656117,907,2,0,1,0.01,1,0,0,0,0,1,1,1,0,0,1,0,0,0,0,0,0,0,0,0,0
0.853506794184099,907,3,0,1,0.01,1,0,0,0,0,1,1,1,0,0,0,0,0,0,0,0,1,0,0,0,0
-0.230651876900404,907,4,0,1,0.01,1,0,0,0,0,1,1,1,0,0,0,0,0,0,0,0,0,1,0,0,0
0.558408169697482,907,5,0,1,0.01,1,0,0,0,0,1,1,1,0,0,0,0,0,0,0,0,0,0,1,0,0
-1.74477697660606,907,6,0,1,0.01,1,0,0,0,0,1,1,1,0,0,0,0,0,0,0,0,0,0,0,1,0
1.05369068877159,907,7,0,1,0.01,1,0,0,0,0,1,1,1,0,0,0,0,0,0,0,0,0,0,0,0,1
-3.15884342864862,907,8,0,1,0.01,1,0,0,0,0,1,1,1,0,0,0,0,0,0,0,0,0,0,0,0,0
0.810530616534438,907,9,0,1,0.01,1,0,0,0,0,1,1,1,0,0,0,0,0,0,0,0,0,0,0,0,0
0.0772847399098656,907,10,0,1,0.01,1,0,0,0,0,1,1,1,0,0,0,0,0,0,0,0,0,0,0,0,0
-0.00725302236198137,908,1,0,1,0.01,1,1,0,0,0,1,1,0,0,1,0,0,0,0,0,0,0,0,0,0,0
-0.337058437929381,908,2,0,1,0.01,1,1,0,0,0,1,1,0,0,1,0,0,0,0,0,0,0,0,0,0,0
0.677186383584241,908,3,0,1,0.01,1,1,0,0,0,1,1,0,0,1,0,0,0,0,0,0,0,0,0,0,0
0.893664363320948,908,4,0,1,0.01,1,1,0,0,0,1,1,0,0,1,0,0,0,0,0,0,0,0,0,0,0
0.638491488105113,908,5,0,1,0.01,1,1,0,0,0,1,1,0,0,1,0,0,0,0,0,0,0,0,0,0,0
-0.983919159943032,908,6,0,1,0.01,1,1,0,0,0,1,1,0,0,1,0,0,0,0,0,0,0,0,0,0,0
-0.635646251200037,908,7,0,1,0.01,1,1,0,0,0,1,1,0,0,1,0,0,0,0,0,0,0,0,0,0,0
1.55923853926788,908,8,0,1,0.01,1,1,0,0,0,1,1,0,0,1,0,0,0,0,0,0,0,0,0,0,0
-0.192733144415194,908,9,0,1,0.01,1,1,0,0,0,1,1,0,0,1,0,0,0,0,0,0,0,0,0,0,0
1.32024748533788,908,10,0,1,0.01,1,1,0,0,0,1,1,0,0,1,0,0,0,0,0,0,0,0,0,0,0
1.0291221443607,909,1,0,2,0.0512710963760241,1,0,1,1,0,1,0,1,0,1,0,0,0,0,0,0,0,0,0,0,0
-0.766487251593347,909,2,0,2,0.105170918075648,1,0,1,1,0,1,0,1,0,1,0,0,0,0,0,0,0,0,0,0,0
0.379446856701449,909,3,0,2,0.161834242728283,1,0,1,1,0,1,0,1,0,1,0,0,0,0,0,0,0,0,0,0,0
2.44358589299888,909,4,0,2,0.22140275816017,1,0,1,1,0,1,0,1,0,1,0,0,0,0,0,0,0,0,0,0,0
1.28052259395614,909,5,0,2,0.284025416687741,1,0,1,1,0,1,0,1,0,1,0,0,0,0,0,0,0,0,0,0,0
1.78881274356517,909,6,0,2,0.349858807576003,1,0,1,1,0,1,0,1,0,1,0,0,0,0,0,0,0,0,0,0,0
1.70950541951529,909,7,0,2,0.419067548593257,1,0,1,1,0,1,0,1,0,1,0,0,0,0,0,0,0,0,0,0,0
3.92485884195077,909,8,0,2,0.49182469764127,1,0,1,1,0,1,0,1,0,1,0,0,0,0,0,0,0,0,0,0,0
3.10507507162144,909,9,0,2,0.568312185490169,1,0,1,1,0,1,0,1,0,1,0,0,0,0,0,0,0,0,0,0,0
2.71126112780999,909,10,0,2,0.648721270700128,1,0,1,1,0,1,0,1,0,1,0,0,0,0,0,0,0,0,0,0,0
0.317107054934055,910,1,0,2,0.0512710963760241,0,1,0,1,1,0,0,0,1,1,0,0,0,0,0,0,0,0,0,0,0
-1.14826194133089,910,2,0,2,0.105170918075648,0,1,0,1,1,0,0,0,1,1,0,0,0,0,0,0,0,0,0,0,0
0.908605843298794,910,3,0,2,0.161834242728283,0,1,0,1,1,0,0,0,1,1,0,0,0,0,0,0,0,0,0,0,0
0.196480816072892,910,4,0,2,0.22140275816017,0,1,0,1,1,0,0,0,1,1,0,0,0,0,0,0,0,0,0,0,0
0.516770816770202,910,5,0,2,0.284025416687741,0,1,0,1,1,0,0,0,1,1,0,0,0,0,0,0,0,0,0,0,0
3.15570951457123,910,6,0,2,0.349858807576003,0,1,0,1,1,0,0,0,1,1,0,0,0,0,0,0,0,0,0,0,0
2.71322216104755,910,7,0,2,0.419067548593257,0,1,0,1,1,0,0,0,1,1,0,0,0,0,0,0,0,0,0,0,0
2.06934614140624,910,8,0,2,0.49182469764127,0,1,0,1,1,0,0,0,1,1,0,0,0,0,0,0,0,0,0,0,0
2.68325986308372,910,9,0,2,0.568312185490169,0,1,0,1,1,0,0,0,1,1,0,0,0,0,0,0,0,0,0,0,0
3.22490700619604,910,10,0,2,0.648721270700128,0,1,0,1,1,0,0,0,1,1,0,0,0,0,0,0,0,0,0,0,0
-0.361989453265914,911,1,0,2,0.0512710963760241,0,0,0,0,0,0,0,1,1,1,0,0,0,0,0,0,0,0,0,0,0
-0.13931966271225,911,2,0,2,0.105170918075648,0,0,0,0,0,0,0,1,1,1,0,0,0,0,0,0,0,0,0,0,0
1.50995151416322,911,3,0,2,0.161834242728283,0,0,0,0,0,0,0,1,1,1,0,0,0,0,0,0,0,0,0,0,0
2.13980030393938,911,4,0,2,0.22140275816017,0,0,0,0,0,0,0,1,1,1,0,0,0,0,0,0,0,0,0,0,0
1.48061757727942,911,5,0,2,0.284025416687741,0,0,0,0,0,0,0,1,1,1,0,0,0,0,0,0,0,0,0,0,0
-0.186021140053651,911,6,0,2,0.349858807576003,0,0,0,0,0,0,0,1,1,1,0,0,0,0,0,0,0,0,0,0,0
2.56231163406647,911,7,0,2,0.419067548593257,0,0,0,0,0,0,0,1,1,1,0,0,0,0,0,0,0,0,0,0,0
2.55727301502138,911,8,0,2,0.49182469764127,0,0,0,0,0,0,0,1,1,1,0,0,0,0,0,0,0,0,0,0,0
2.46111429107976,911,9,0,2,0.568312185490169,0,0,0,0,0,0,0,1,1,1,0,0,0,0,0,0,0,0,0,0,0
3.03120529990234,911,10,0,2,0.648721270700128,0,0,0,0,0,0,0,1,1,1,0,0,0,0,0,0,0,0,0,0,0
1.45533172986933,912,1,0,2,0.0512710963760241,1,1,1,0,1,1,0,1,1,0,0,0,0,0,0,0,0,0,0,0,0
1.45924818949511,912,2,0,2,0.105170918075648,1,1,1,0,1,1,0,1,1,0,0,0,0,0,0,0,0,0,0,0,0
2.18887074574558,912,3,0,2,0.161834242728283,1,1,1,0,1,1,0,1,1,0,0,0,0,0,0,0,0,0,0,0,0
0.273199876321085,912,4,0,2,0.22140275816017,1,1,1,0,1,1,0,1,1,0,0,0,0,0,0,0,0,0,0,0,0
1.85950765444772,912,5,0,2,0.284025416687741,1,1,1,0,1,1,0,1,1,0,0,0,0,0,0,0,0,0,0,0,0
-0.564995082487854,912,6,0,2,0.349858807576003,1,1,1,0,1,1,0,1,1,0,0,0,0,0,0,0,0,0,0,0,0
1.76237348692196,912,7,0,2,0.419067548593257,1,1,1,0,1,1,0,1,1,0,0,0,0,0,0,0,0,0,0,0,0
3.60998072608513,912,8,0,2,0.49182469764127,1,1,1,0,1,1,0,1,1,0,0,0,0,0,0,0,0,0,0,0,0
2.99439786160379,912,9,0,2,0.568312185490169,1,1,1,0,1,1,0,1,1,0,0,0,0,0,0,0,0,0,0,0,0
2.03689223850767,912,10,0,2,0.648721270700128,1,1,1,0,1,1,0,1,1,0,0,0,0,0,0,0,0,0,0,0,0
-0.423562910079731,913,1,0,1,0.01,1,1,1,1,1,0,0,0,0,0,0,0,0,0,0,0,0,0,0,0,0
0.51299955060605,913,2,0,1,0.01,1,1,1,1,1,0,0,0,0,0,0,0,0,0,0,0,0,0,0,0,0
-0.402112337680268,913,3,0,1,0.01,1,1,1,1,1,0,0,0,0,0,0,0,0,0,0,0,0,0,0,0,0
0.427816766389828,913,4,0,1,0.01,1,1,1,1,1,0,0,0,0,0,0,0,0,0,0,0,0,0,0,0,0
-0.244075442547006,913,5,0,1,0.01,1,1,1,1,1,0,0,0,0,0,0,0,0,0,0,0,0,0,0,0,0
-0.138592536418549,913,6,0,1,0.01,1,1,1,1,1,0,0,0,0,0,0,0,0,0,0,0,0,0,0,0,0
1.35240700749444,913,7,0,1,0.01,1,1,1,1,1,0,0,0,0,0,0,0,0,0,0,0,0,0,0,0,0
-1.0306128770773,913,8,0,1,0.01,1,1,1,1,1,0,0,0,0,0,0,0,0,0,0,0,0,0,0,0,0
1.54380740338174,913,9,0,1,0.01,1,1,1,1,1,0,0,0,0,0,0,0,0,0,0,0,0,0,0,0,0
1.91959205106634,913,10,0,1,0.01,1,1,1,1,1,0,0,0,0,0,0,0,0,0,0,0,0,0,0,0,0
0.226477230289774,914,1,0,1,0.01,1,1,1,0,0,1,1,0,1,1,0,0,0,0,0,0,0,0,0,0,0
-0.756456408577753,914,2,0,1,0.01,1,1,1,0,0,1,1,0,1,1,0,0,0,0,0,0,0,0,0,0,0
1.3582621488813,914,3,0,1,0.01,1,1,1,0,0,1,1,0,1,1,0,0,0,0,0,0,0,0,0,0,0
0.60379806043287,914,4,0,1,0.01,1,1,1,0,0,1,1,0,1,1,0,0,0,0,0,0,0,0,0,0,0
0.809154821393923,914,5,0,1,0.01,1,1,1,0,0,1,1,0,1,1,0,0,0,0,0,0,0,0,0,0,0
0.375980091153663,914,6,0,1,0.01,1,1,1,0,0,1,1,0,1,1,0,0,0,0,0,0,0,0,0,0,0
2.17868913017629,914,7,0,1,0.01,1,1,1,0,0,1,1,0,1,1,0,0,0,0,0,0,0,0,0,0,0
0.0828191188647634,914,8,0,1,0.01,1,1,1,0,0,1,1,0,1,1,0,0,0,0,0,0,0,0,0,0,0
0.302007677789762,914,9,0,1,0.01,1,1,1,0,0,1,1,0,1,1,0,0,0,0,0,0,0,0,0,0,0
1.00883066888968,914,10,0,1,0.01,1,1,1,0,0,1,1,0,1,1,0,0,0,0,0,0,0,0,0,0,0
0.230711646990053,915,1,0,2,0.0512710963760241,0,1,1,1,1,1,1,1,0,1,0,0,0,0,0,0,0,0,0,0,0
1.65322652643142,915,2,0,2,0.105170918075648,0,1,1,1,1,1,1,1,0,1,0,0,0,0,0,0,0,0,0,0,0
0.522894472948865,915,3,0,2,0.161834242728283,0,1,1,1,1,1,1,1,0,1,0,0,0,0,0,0,0,0,0,0,0
0.988067558720773,915,4,0,2,0.22140275816017,0,1,1,1,1,1,1,1,0,1,0,0,0,0,0,0,0,0,0,0,0
2.35062717228095,915,5,0,2,0.284025416687741,0,1,1,1,1,1,1,1,0,1,0,0,0,0,0,0,0,0,0,0,0
1.1320636230739,915,6,0,2,0.349858807576003,0,1,1,1,1,1,1,1,0,1,0,0,0,0,0,0,0,0,0,0,0
2.80626757067571,915,7,0,2,0.419067548593257,0,1,1,1,1,1,1,1,0,1,0,0,0,0,0,0,0,0,0,0,0
1.4968146905501,915,8,0,2,0.49182469764127,0,1,1,1,1,1,1,1,0,1,0,0,0,0,0,0,0,0,0,0,0
0.300643001612504,915,9,0,2,0.568312185490169,0,1,1,1,1,1,1,1,0,1,0,0,0,0,0,0,0,0,0,0,0
4.42029147411208,915,10,0,2,0.648721270700128,0,1,1,1,1,1,1,1,0,1,0,0,0,0,0,0,0,0,0,0,0
1.17593940097051,916,1,0,1,0.01,1,1,0,0,0,0,1,0,1,1,0,0,0,0,0,0,0,0,0,0,0
0.99993479008085,916,2,0,1,0.01,1,1,0,0,0,0,1,0,1,1,0,0,0,0,0,0,0,0,0,0,0
-1.15795290218542,916,3,0,1,0.01,1,1,0,0,0,0,1,0,1,1,0,0,0,0,0,0,0,0,0,0,0
0.210556672266669,916,4,0,1,0.01,1,1,0,0,0,0,1,0,1,1,0,0,0,0,0,0,0,0,0,0,0
2.09628134398139,916,5,0,1,0.01,1,1,0,0,0,0,1,0,1,1,0,0,0,0,0,0,0,0,0,0,0
0.206317228418335,916,6,0,1,0.01,1,1,0,0,0,0,1,0,1,1,0,0,0,0,0,0,0,0,0,0,0
-0.00658125839746321,916,7,0,1,0.01,1,1,0,0,0,0,1,0,1,1,0,0,0,0,0,0,0,0,0,0,0
0.674124336552577,916,8,0,1,0.01,1,1,0,0,0,0,1,0,1,1,0,0,0,0,0,0,0,0,0,0,0
-0.2301216442355,916,9,0,1,0.01,1,1,0,0,0,0,1,0,1,1,0,0,0,0,0,0,0,0,0,0,0
-0.152871305844131,916,10,0,1,0.01,1,1,0,0,0,0,1,0,1,1,0,0,0,0,0,0,0,0,0,0,0
0.482510778343201,917,1,0,1,0.01,0,1,1,1,0,1,0,0,0,1,0,0,0,0,0,0,0,0,0,0,0
0.561015918051982,917,2,0,1,0.01,0,1,1,1,0,1,0,0,0,1,0,0,0,0,0,0,0,0,0,0,0
-0.12121612840965,917,3,0,1,0.01,0,1,1,1,0,1,0,0,0,1,0,0,0,0,0,0,0,0,0,0,0
-0.429925490304571,917,4,0,1,0.01,0,1,1,1,0,1,0,0,0,1,0,0,0,0,0,0,0,0,0,0,0
0.792966233685021,917,5,0,1,0.01,0,1,1,1,0,1,0,0,0,1,0,0,0,0,0,0,0,0,0,0,0
0.884930014182861,917,6,0,1,0.01,0,1,1,1,0,1,0,0,0,1,0,0,0,0,0,0,0,0,0,0,0
0.790571670486834,917,7,0,1,0.01,0,1,1,1,0,1,0,0,0,1,0,0,0,0,0,0,0,0,0,0,0
-1.07580922680945,917,8,0,1,0.01,0,1,1,1,0,1,0,0,0,1,0,0,0,0,0,0,0,0,0,0,0
1.61839643526676,917,9,0,1,0.01,0,1,1,1,0,1,0,0,0,1,0,0,0,0,0,0,0,0,0,0,0
-0.139180187528475,917,10,0,1,0.01,0,1,1,1,0,1,0,0,0,1,0,0,0,0,0,0,0,0,0,0,0
2.96806899152471,918,1,0,2,0.0512710963760241,0,0,0,0,0,1,0,0,0,1,0,0,0,0,0,0,0,0,0,0,0
2.2756680491964,918,2,0,2,0.105170918075648,0,0,0,0,0,1,0,0,0,1,0,0,0,0,0,0,0,0,0,0,0
1.88936639333571,918,3,0,2,0.161834242728283,0,0,0,0,0,1,0,0,0,1,0,0,0,0,0,0,0,0,0,0,0
1.28856302266381,918,4,0,2,0.22140275816017,0,0,0,0,0,1,0,0,0,1,0,0,0,0,0,0,0,0,0,0,0
3.283349541863,918,5,0,2,0.284025416687741,0,0,0,0,0,1,0,0,0,1,0,0,0,0,0,0,0,0,0,0,0
-0.583706580653055,918,6,0,2,0.349858807576003,0,0,0,0,0,1,0,0,0,1,0,0,0,0,0,0,0,0,0,0,0
2.42582346337969,918,7,0,2,0.419067548593257,0,0,0,0,0,1,0,0,0,1,0,0,0,0,0,0,0,0,0,0,0
3.78972008554155,918,8,0,2,0.49182469764127,0,0,0,0,0,1,0,0,0,1,0,0,0,0,0,0,0,0,0,0,0
2.20246435649556,918,9,0,2,0.568312185490169,0,0,0,0,0,1,0,0,0,1,0,0,0,0,0,0,0,0,0,0,0
3.58399689535746,918,10,0,2,0.648721270700128,0,0,0,0,0,1,0,0,0,1,0,0,0,0,0,0,0,0,0,0,0
-0.649349689945063,919,1,0,1,0.01,1,0,1,1,0,1,1,0,0,0,0,0,0,0,0,0,0,0,0,0,0
-1.45351540197738,919,2,0,1,0.01,1,0,1,1,0,1,1,0,0,0,0,0,0,0,0,0,0,0,0,0,0
-1.25341022850475,919,3,0,1,0.01,1,0,1,1,0,1,1,0,0,0,0,0,0,0,0,0,0,0,0,0,0
0.723503075522545,919,4,0,1,0.01,1,0,1,1,0,1,1,0,0,0,0,0,0,0,0,0,0,0,0,0,0
0.514037703367589,919,5,0,1,0.01,1,0,1,1,0,1,1,0,0,0,0,0,0,0,0,0,0,0,0,0,0
1.65792671720867,919,6,0,1,0.01,1,0,1,1,0,1,1,0,0,0,0,0,0,0,0,0,0,0,0,0,0
-0.308674874450477,919,7,0,1,0.01,1,0,1,1,0,1,1,0,0,0,0,0,0,0,0,0,0,0,0,0,0
-0.830259182048749,919,8,0,1,0.01,1,0,1,1,0,1,1,0,0,0,0,0,0,0,0,0,0,0,0,0,0
0.331489458768255,919,9,0,1,0.01,1,0,1,1,0,1,1,0,0,0,0,0,0,0,0,0,0,0,0,0,0
0.341466371612677,919,10,0,1,0.01,1,0,1,1,0,1,1,0,0,0,0,0,0,0,0,0,0,0,0,0,0
-0.25712468961584,920,1,0,2,0.0512710963760241,1,0,0,0,0,1,0,1,0,1,1,0,0,0,0,0,0,0,0,0,0
-0.118823329175095,920,2,0,2,0.105170918075648,1,0,0,0,0,1,0,1,0,1,0,0,0,0,0,0,1,0,0,0,0
1.52938435767172,920,3,0,2,0.161834242728283,1,0,0,0,0,1,0,1,0,1,0,0,0,0,0,0,0,1,0,0,0
-1.44662468633102,920,4,0,2,0.22140275816017,1,0,0,0,0,1,0,1,0,1,0,0,0,0,0,0,0,0,1,0,0
3.21114430161243,920,5,0,2,0.284025416687741,1,0,0,0,0,1,0,1,0,1,0,0,0,0,0,0,0,0,0,1,0
2.28931053950336,920,6,0,2,0.349858807576003,1,0,0,0,0,1,0,1,0,1,0,0,0,0,0,0,0,0,0,0,1
2.40389250425007,920,7,0,2,0.419067548593257,1,0,0,0,0,1,0,1,0,1,0,0,0,0,0,0,0,0,0,0,0
1.94565420882385,920,8,0,2,0.49182469764127,1,0,0,0,0,1,0,1,0,1,0,0,0,0,0,0,0,0,0,0,0
4.11566482626331,920,9,0,2,0.568312185490169,1,0,0,0,0,1,0,1,0,1,0,0,0,0,0,0,0,0,0,0,0
3.01039116207844,920,10,0,2,0.648721270700128,1,0,0,0,0,1,0,1,0,1,0,0,0,0,0,0,0,0,0,0,0
-1.79222017055839,921,1,0,2,0.0512710963760241,0,1,1,0,0,1,0,0,1,0,0,0,0,0,0,0,0,0,0,0,0
-0.663425038701756,921,2,0,2,0.105170918075648,0,1,1,0,0,1,0,0,1,0,0,0,0,0,0,0,0,0,0,0,0
0.555288838013287,921,3,0,2,0.161834242728283,0,1,1,0,0,1,0,0,1,0,0,0,0,0,0,0,0,0,0,0,0
1.91103221505672,921,4,0,2,0.22140275816017,0,1,1,0,0,1,0,0,1,0,0,0,0,0,0,0,0,0,0,0,0
0.159676068059508,921,5,0,2,0.284025416687741,0,1,1,0,0,1,0,0,1,0,0,0,0,0,0,0,0,0,0,0,0
2.95181750620521,921,6,0,2,0.349858807576003,0,1,1,0,0,1,0,0,1,0,0,0,0,0,0,0,0,0,0,0,0
1.56691925560145,921,7,0,2,0.419067548593257,0,1,1,0,0,1,0,0,1,0,0,0,0,0,0,0,0,0,0,0,0
2.97976514125831,921,8,0,2,0.49182469764127,0,1,1,0,0,1,0,0,1,0,0,0,0,0,0,0,0,0,0,0,0
4.36418029489188,921,9,0,2,0.568312185490169,0,1,1,0,0,1,0,0,1,0,0,0,0,0,0,0,0,0,0,0,0
3.25563948644652,921,10,0,2,0.648721270700128,0,1,1,0,0,1,0,0,1,0,0,0,0,0,0,0,0,0,0,0,0
0.661282450707769,922,1,0,2,0.0512710963760241,0,0,1,1,0,0,1,1,1,1,0,0,0,0,0,0,0,0,0,0,0
1.58351690447369,922,2,0,2,0.105170918075648,0,0,1,1,0,0,1,1,1,1,0,0,0,0,0,0,0,0,0,0,0
1.73908171354375,922,3,0,2,0.161834242728283,0,0,1,1,0,0,1,1,1,1,0,0,0,0,0,0,0,0,0,0,0
-0.0248500176423196,922,4,0,2,0.22140275816017,0,0,1,1,0,0,1,1,1,1,0,0,0,0,0,0,0,0,0,0,0
1.51334848504802,922,5,0,2,0.284025416687741,0,0,1,1,0,0,1,1,1,1,0,0,0,0,0,0,0,0,0,0,0
1.38339409510784,922,6,0,2,0.349858807576003,0,0,1,1,0,0,1,1,1,1,0,0,0,0,0,0,0,0,0,0,0
1.57726201427992,922,7,0,2,0.419067548593257,0,0,1,1,0,0,1,1,1,1,0,0,0,0,0,0,0,0,0,0,0
0.513173358926799,922,8,0,2,0.49182469764127,0,0,1,1,0,0,1,1,1,1,0,0,0,0,0,0,0,0,0,0,0
2.86656826341918,922,9,0,2,0.568312185490169,0,0,1,1,0,0,1,1,1,1,0,0,0,0,0,0,0,0,0,0,0
5.42078822335455,922,10,0,2,0.648721270700128,0,0,1,1,0,0,1,1,1,1,0,0,0,0,0,0,0,0,0,0,0
1.3619074632002,923,1,0,3,0.127496851579376,1,1,1,1,1,1,1,0,1,0,0,0,0,0,1,0,0,0,0,0,0
2.33555176403283,923,2,0,3,0.271249150321405,1,1,1,1,1,1,1,0,1,0,0,0,0,1,0,0,0,0,0,0,0
1.58548082415816,923,3,0,3,0.43332941456034,1,1,1,1,1,1,1,0,1,0,0,0,1,0,0,0,0,0,0,0,0
2.06434789820633,923,4,0,3,0.616074402192893,1,1,1,1,1,1,1,0,1,0,0,1,0,0,0,0,0,0,0,0,0
4.42829068861052,923,5,0,3,0.822118800390509,1,1,1,1,1,1,1,0,1,0,1,0,0,0,0,0,0,0,0,0,0
5.56936331436631,923,6,0,3,1.05443321064389,1,1,1,1,1,1,1,0,1,0,0,0,0,0,0,0,1,0,0,0,0
4.87882475256357,923,7,0,3,1.31636697678109,1,1,1,1,1,1,1,0,1,0,0,0,0,0,0,0,0,1,0,0,0
7.93904939748424,923,8,0,3,1.61169647342312,1,1,1,1,1,1,1,0,1,0,0,0,0,0,0,0,0,0,1,0,0
10.6977437486639,923,9,0,3,1.94467955106552,1,1,1,1,1,1,1,0,1,0,0,0,0,0,0,0,0,0,0,1,0
11.2166335626258,923,10,0,3,2.32011692273655,1,1,1,1,1,1,1,0,1,0,0,0,0,0,0,0,0,0,0,0,1
0.468673266294479,924,1,0,1,0.01,1,1,1,1,1,0,1,0,0,0,0,0,0,0,1,0,0,0,0,0,0
-0.340659992724617,924,2,0,1,0.01,1,1,1,1,1,0,1,0,0,0,0,0,0,1,0,0,0,0,0,0,0
-0.07698846195861,924,3,0,1,0.01,1,1,1,1,1,0,1,0,0,0,0,0,1,0,0,0,0,0,0,0,0
-1.5806743536688,924,4,0,1,0.01,1,1,1,1,1,0,1,0,0,0,0,1,0,0,0,0,0,0,0,0,0
-0.373597085934668,924,5,0,1,0.01,1,1,1,1,1,0,1,0,0,0,1,0,0,0,0,0,0,0,0,0,0
0.675379389978916,924,6,0,1,0.01,1,1,1,1,1,0,1,0,0,0,0,0,0,0,0,0,1,0,0,0,0
-1.09035193280733,924,7,0,1,0.01,1,1,1,1,1,0,1,0,0,0,0,0,0,0,0,0,0,1,0,0,0
-0.546428781701421,924,8,0,1,0.01,1,1,1,1,1,0,1,0,0,0,0,0,0,0,0,0,0,0,1,0,0
2.10733387918039,924,9,0,1,0.01,1,1,1,1,1,0,1,0,0,0,0,0,0,0,0,0,0,0,0,1,0
-0.108100075182914,924,10,0,1,0.01,1,1,1,1,1,0,1,0,0,0,0,0,0,0,0,0,0,0,0,0,1
-0.223236350050264,925,1,0,3,0.127496851579376,0,0,1,0,0,0,1,1,1,0,0,0,1,0,0,0,0,0,0,0,0
-0.109034187928601,925,2,0,3,0.271249150321405,0,0,1,0,0,0,1,1,1,0,0,1,0,0,0,0,0,0,0,0,0
1.87824268952209,925,3,0,3,0.43332941456034,0,0,1,0,0,0,1,1,1,0,1,0,0,0,0,0,0,0,0,0,0
2.56198375257767,925,4,0,3,0.616074402192893,0,0,1,0,0,0,1,1,1,0,0,0,0,0,0,0,1,0,0,0,0
4.11728876277553,925,5,0,3,0.822118800390509,0,0,1,0,0,0,1,1,1,0,0,0,0,0,0,0,0,1,0,0,0
5.8853511353811,925,6,0,3,1.05443321064389,0,0,1,0,0,0,1,1,1,0,0,0,0,0,0,0,0,0,1,0,0
6.14055339842265,925,7,0,3,1.31636697678109,0,0,1,0,0,0,1,1,1,0,0,0,0,0,0,0,0,0,0,1,0
6.82383168998996,925,8,0,3,1.61169647342312,0,0,1,0,0,0,1,1,1,0,0,0,0,0,0,0,0,0,0,0,1
9.85774663187209,925,9,0,3,1.94467955106552,0,0,1,0,0,0,1,1,1,0,0,0,0,0,0,0,0,0,0,0,0
11.9494187618877,925,10,0,3,2.32011692273655,0,0,1,0,0,0,1,1,1,0,0,0,0,0,0,0,0,0,0,0,0
1.92810720943628,926,1,0,3,0.127496851579376,0,0,0,1,0,1,0,1,1,1,0,0,0,0,0,1,0,0,0,0,0
1.29917685842164,926,2,0,3,0.271249150321405,0,0,0,1,0,1,0,1,1,1,0,0,0,0,1,0,0,0,0,0,0
2.41008531342978,926,3,0,3,0.43332941456034,0,0,0,1,0,1,0,1,1,1,0,0,0,1,0,0,0,0,0,0,0
2.24334997983379,926,4,0,3,0.616074402192893,0,0,0,1,0,1,0,1,1,1,0,0,1,0,0,0,0,0,0,0,0
3.21577066739392,926,5,0,3,0.822118800390509,0,0,0,1,0,1,0,1,1,1,0,1,0,0,0,0,0,0,0,0,0
3.82255991629467,926,6,0,3,1.05443321064389,0,0,0,1,0,1,0,1,1,1,1,0,0,0,0,0,0,0,0,0,0
7.42112657480383,926,7,0,3,1.31636697678109,0,0,0,1,0,1,0,1,1,1,0,0,0,0,0,0,1,0,0,0,0
7.45817413158149,926,8,0,3,1.61169647342312,0,0,0,1,0,1,0,1,1,1,0,0,0,0,0,0,0,1,0,0,0
8.62510065533092,926,9,0,3,1.94467955106552,0,0,0,1,0,1,0,1,1,1,0,0,0,0,0,0,0,0,1,0,0
12.2693022410568,926,10,0,3,2.32011692273655,0,0,0,1,0,1,0,1,1,1,0,0,0,0,0,0,0,0,0,1,0
-0.418143592558912,927,1,0,1,0.01,0,1,0,1,0,0,0,1,0,1,0,0,0,0,0,0,0,0,0,0,0
0.776688215390384,927,2,0,1,0.01,0,1,0,1,0,0,0,1,0,1,0,0,0,0,0,0,0,0,0,0,0
-1.51546675894327,927,3,0,1,0.01,0,1,0,1,0,0,0,1,0,1,0,0,0,0,0,0,0,0,0,0,0
-0.542602964701992,927,4,0,1,0.01,0,1,0,1,0,0,0,1,0,1,0,0,0,0,0,0,0,0,0,0,0
-0.455184283102557,927,5,0,1,0.01,0,1,0,1,0,0,0,1,0,1,0,0,0,0,0,0,0,0,0,0,0
1.1877442074592,927,6,0,1,0.01,0,1,0,1,0,0,0,1,0,1,0,0,0,0,0,0,0,0,0,0,0
0.492346269356234,927,7,0,1,0.01,0,1,0,1,0,0,0,1,0,1,0,0,0,0,0,0,0,0,0,0,0
-0.893023020691522,927,8,0,1,0.01,0,1,0,1,0,0,0,1,0,1,0,0,0,0,0,0,0,0,0,0,0
-0.0684345924979682,927,9,0,1,0.01,0,1,0,1,0,0,0,1,0,1,0,0,0,0,0,0,0,0,0,0,0
-1.29460380956248,927,10,0,1,0.01,0,1,0,1,0,0,0,1,0,1,0,0,0,0,0,0,0,0,0,0,0
0.796700853098899,928,1,0,1,0.01,1,0,1,1,0,0,1,1,1,1,0,0,0,0,0,0,0,0,0,0,0
1.48247287197606,928,2,0,1,0.01,1,0,1,1,0,0,1,1,1,1,0,0,0,0,0,0,0,0,0,0,0
0.104430195730027,928,3,0,1,0.01,1,0,1,1,0,0,1,1,1,1,0,0,0,0,0,0,0,0,0,0,0
-0.0739283090850719,928,4,0,1,0.01,1,0,1,1,0,0,1,1,1,1,0,0,0,0,0,0,0,0,0,0,0
0.986580034867537,928,5,0,1,0.01,1,0,1,1,0,0,1,1,1,1,0,0,0,0,0,0,0,0,0,0,0
0.533713684881251,928,6,0,1,0.01,1,0,1,1,0,0,1,1,1,1,0,0,0,0,0,0,0,0,0,0,0
0.8957469801121,928,7,0,1,0.01,1,0,1,1,0,0,1,1,1,1,0,0,0,0,0,0,0,0,0,0,0
-0.922240413029121,928,8,0,1,0.01,1,0,1,1,0,0,1,1,1,1,0,0,0,0,0,0,0,0,0,0,0
-0.576288344238532,928,9,0,1,0.01,1,0,1,1,0,0,1,1,1,1,0,0,0,0,0,0,0,0,0,0,0
-0.152845779291804,928,10,0,1,0.01,1,0,1,1,0,0,1,1,1,1,0,0,0,0,0,0,0,0,0,0,0
0.463599214664767,929,1,0,2,0.0512710963760241,1,1,1,0,0,0,1,0,0,1,0,0,0,0,0,0,0,0,0,0,0
-0.724956790970062,929,2,0,2,0.105170918075648,1,1,1,0,0,0,1,0,0,1,0,0,0,0,0,0,0,0,0,0,0
1.51741664887963,929,3,0,2,0.161834242728283,1,1,1,0,0,0,1,0,0,1,0,0,0,0,0,0,0,0,0,0,0
-0.0126597677492832,929,4,0,2,0.22140275816017,1,1,1,0,0,0,1,0,0,1,0,0,0,0,0,0,0,0,0,0,0
0.776259461719398,929,5,0,2,0.284025416687741,1,1,1,0,0,0,1,0,0,1,0,0,0,0,0,0,0,0,0,0,0
1.50685004880143,929,6,0,2,0.349858807576003,1,1,1,0,0,0,1,0,0,1,0,0,0,0,0,0,0,0,0,0,0
0.794744607479239,929,7,0,2,0.419067548593257,1,1,1,0,0,0,1,0,0,1,0,0,0,0,0,0,0,0,0,0,0
0.791570963876651,929,8,0,2,0.49182469764127,1,1,1,0,0,0,1,0,0,1,0,0,0,0,0,0,0,0,0,0,0
1.95909640419297,929,9,0,2,0.568312185490169,1,1,1,0,0,0,1,0,0,1,0,0,0,0,0,0,0,0,0,0,0
3.23932208855385,929,10,0,2,0.648721270700128,1,1,1,0,0,0,1,0,0,1,0,0,0,0,0,0,0,0,0,0,0
-0.340614956431346,930,1,0,1,0.01,0,1,0,0,1,0,0,1,0,1,0,0,0,0,0,0,0,0,0,0,0
0.465671155573702,930,2,0,1,0.01,0,1,0,0,1,0,0,1,0,1,0,0,0,0,0,0,0,0,0,0,0
0.199846875377077,930,3,0,1,0.01,0,1,0,0,1,0,0,1,0,1,0,0,0,0,0,0,0,0,0,0,0
1.17955956982393,930,4,0,1,0.01,0,1,0,0,1,0,0,1,0,1,0,0,0,0,0,0,0,0,0,0,0
-0.0331033110809983,930,5,0,1,0.01,0,1,0,0,1,0,0,1,0,1,0,0,0,0,0,0,0,0,0,0,0
0.510271576756366,930,6,0,1,0.01,0,1,0,0,1,0,0,1,0,1,0,0,0,0,0,0,0,0,0,0,0
-0.161360328618784,930,7,0,1,0.01,0,1,0,0,1,0,0,1,0,1,0,0,0,0,0,0,0,0,0,0,0
-0.861825011215391,930,8,0,1,0.01,0,1,0,0,1,0,0,1,0,1,0,0,0,0,0,0,0,0,0,0,0
0.930368166334186,930,9,0,1,0.01,0,1,0,0,1,0,0,1,0,1,0,0,0,0,0,0,0,0,0,0,0
1.07668919580058,930,10,0,1,0.01,0,1,0,0,1,0,0,1,0,1,0,0,0,0,0,0,0,0,0,0,0
0.148506980916078,931,1,0,1,0.01,1,0,0,0,1,0,0,1,1,1,0,0,0,0,0,0,0,0,0,0,0
0.704957427151113,931,2,0,1,0.01,1,0,0,0,1,0,0,1,1,1,0,0,0,0,0,0,0,0,0,0,0
1.09673571310821,931,3,0,1,0.01,1,0,0,0,1,0,0,1,1,1,0,0,0,0,0,0,0,0,0,0,0
1.18140963533233,931,4,0,1,0.01,1,0,0,0,1,0,0,1,1,1,0,0,0,0,0,0,0,0,0,0,0
0.144445614243092,931,5,0,1,0.01,1,0,0,0,1,0,0,1,1,1,0,0,0,0,0,0,0,0,0,0,0
1.04563335016227,931,6,0,1,0.01,1,0,0,0,1,0,0,1,1,1,0,0,0,0,0,0,0,0,0,0,0
2.2509811099518,931,7,0,1,0.01,1,0,0,0,1,0,0,1,1,1,0,0,0,0,0,0,0,0,0,0,0
0.405591588676463,931,8,0,1,0.01,1,0,0,0,1,0,0,1,1,1,0,0,0,0,0,0,0,0,0,0,0
-0.0417089519707231,931,9,0,1,0.01,1,0,0,0,1,0,0,1,1,1,0,0,0,0,0,0,0,0,0,0,0
-0.453503823762291,931,10,0,1,0.01,1,0,0,0,1,0,0,1,1,1,0,0,0,0,0,0,0,0,0,0,0
0.344181695413298,932,1,0,2,0.0512710963760241,1,1,1,0,0,1,1,1,0,0,0,0,0,0,0,0,0,0,0,0,0
-0.204567919462589,932,2,0,2,0.105170918075648,1,1,1,0,0,1,1,1,0,0,0,0,0,0,0,0,0,0,0,0,0
0.121961750106751,932,3,0,2,0.161834242728283,1,1,1,0,0,1,1,1,0,0,0,0,0,0,0,0,0,0,0,0,0
2.23868654827514,932,4,0,2,0.22140275816017,1,1,1,0,0,1,1,1,0,0,0,0,0,0,0,0,0,0,0,0,0
0.365392642443455,932,5,0,2,0.284025416687741,1,1,1,0,0,1,1,1,0,0,0,0,0,0,0,0,0,0,0,0,0
2.32720992244707,932,6,0,2,0.349858807576003,1,1,1,0,0,1,1,1,0,0,0,0,0,0,0,0,0,0,0,0,0
2.47110901523806,932,7,0,2,0.419067548593257,1,1,1,0,0,1,1,1,0,0,0,0,0,0,0,0,0,0,0,0,0
1.75875149109282,932,8,0,2,0.49182469764127,1,1,1,0,0,1,1,1,0,0,0,0,0,0,0,0,0,0,0,0,0
3.91196963684665,932,9,0,2,0.568312185490169,1,1,1,0,0,1,1,1,0,0,0,0,0,0,0,0,0,0,0,0,0
4.33128383330061,932,10,0,2,0.648721270700128,1,1,1,0,0,1,1,1,0,0,0,0,0,0,0,0,0,0,0,0,0
0.115201604964549,933,1,0,1,0.01,0,0,1,1,1,0,1,0,1,1,0,0,0,0,0,0,0,0,0,0,0
-0.279738492773939,933,2,0,1,0.01,0,0,1,1,1,0,1,0,1,1,0,0,0,0,0,0,0,0,0,0,0
-0.655266611521151,933,3,0,1,0.01,0,0,1,1,1,0,1,0,1,1,0,0,0,0,0,0,0,0,0,0,0
1.48439927688803,933,4,0,1,0.01,0,0,1,1,1,0,1,0,1,1,0,0,0,0,0,0,0,0,0,0,0
-0.763850502926166,933,5,0,1,0.01,0,0,1,1,1,0,1,0,1,1,0,0,0,0,0,0,0,0,0,0,0
-1.2889233776337,933,6,0,1,0.01,0,0,1,1,1,0,1,0,1,1,0,0,0,0,0,0,0,0,0,0,0
0.0311758427882921,933,7,0,1,0.01,0,0,1,1,1,0,1,0,1,1,0,0,0,0,0,0,0,0,0,0,0
0.389805102994954,933,8,0,1,0.01,0,0,1,1,1,0,1,0,1,1,0,0,0,0,0,0,0,0,0,0,0
0.190131795552539,933,9,0,1,0.01,0,0,1,1,1,0,1,0,1,1,0,0,0,0,0,0,0,0,0,0,0
0.316246575255777,933,10,0,1,0.01,0,0,1,1,1,0,1,0,1,1,0,0,0,0,0,0,0,0,0,0,0
0.209231204772165,934,1,0,1,0.01,1,0,0,1,1,0,0,1,1,1,0,0,0,0,0,0,0,0,0,0,0
0.729470254519833,934,2,0,1,0.01,1,0,0,1,1,0,0,1,1,1,0,0,0,0,0,0,0,0,0,0,0
-0.11110146709662,934,3,0,1,0.01,1,0,0,1,1,0,0,1,1,1,0,0,0,0,0,0,0,0,0,0,0
-0.37488228246292,934,4,0,1,0.01,1,0,0,1,1,0,0,1,1,1,0,0,0,0,0,0,0,0,0,0,0
1.96226789553316,934,5,0,1,0.01,1,0,0,1,1,0,0,1,1,1,0,0,0,0,0,0,0,0,0,0,0
1.54653910399216,934,6,0,1,0.01,1,0,0,1,1,0,0,1,1,1,0,0,0,0,0,0,0,0,0,0,0
-0.873609574606129,934,7,0,1,0.01,1,0,0,1,1,0,0,1,1,1,0,0,0,0,0,0,0,0,0,0,0
-0.69681152446689,934,8,0,1,0.01,1,0,0,1,1,0,0,1,1,1,0,0,0,0,0,0,0,0,0,0,0
-0.790240428115223,934,9,0,1,0.01,1,0,0,1,1,0,0,1,1,1,0,0,0,0,0,0,0,0,0,0,0
-0.847801470343548,934,10,0,1,0.01,1,0,0,1,1,0,0,1,1,1,0,0,0,0,0,0,0,0,0,0,0
0.280544900735389,935,1,0,1,0.01,1,0,0,1,0,0,0,1,1,1,1,0,0,0,0,0,0,0,0,0,0
0.835116995268078,935,2,0,1,0.01,1,0,0,1,0,0,0,1,1,1,0,0,0,0,0,0,1,0,0,0,0
-0.508348251952747,935,3,0,1,0.01,1,0,0,1,0,0,0,1,1,1,0,0,0,0,0,0,0,1,0,0,0
0.451422356228998,935,4,0,1,0.01,1,0,0,1,0,0,0,1,1,1,0,0,0,0,0,0,0,0,1,0,0
0.463510200816808,935,5,0,1,0.01,1,0,0,1,0,0,0,1,1,1,0,0,0,0,0,0,0,0,0,1,0
0.453728631959642,935,6,0,1,0.01,1,0,0,1,0,0,0,1,1,1,0,0,0,0,0,0,0,0,0,0,1
1.63098035369257,935,7,0,1,0.01,1,0,0,1,0,0,0,1,1,1,0,0,0,0,0,0,0,0,0,0,0
-0.401373692098088,935,8,0,1,0.01,1,0,0,1,0,0,0,1,1,1,0,0,0,0,0,0,0,0,0,0,0
-1.48358782735182,935,9,0,1,0.01,1,0,0,1,0,0,0,1,1,1,0,0,0,0,0,0,0,0,0,0,0
0.218625648622341,935,10,0,1,0.01,1,0,0,1,0,0,0,1,1,1,0,0,0,0,0,0,0,0,0,0,0
0.207378217998892,936,1,0,1,0.01,1,0,0,1,0,0,0,0,1,0,0,0,0,0,0,0,0,0,0,0,0
-0.692238466575644,936,2,0,1,0.01,1,0,0,1,0,0,0,0,1,0,0,0,0,0,0,0,0,0,0,0,0
-0.0145047842385459,936,3,0,1,0.01,1,0,0,1,0,0,0,0,1,0,0,0,0,0,0,0,0,0,0,0,0
-0.552784540325724,936,4,0,1,0.01,1,0,0,1,0,0,0,0,1,0,0,0,0,0,0,0,0,0,0,0,0
-0.0235204127082209,936,5,0,1,0.01,1,0,0,1,0,0,0,0,1,0,0,0,0,0,0,0,0,0,0,0,0
-1.13280737188233,936,6,0,1,0.01,1,0,0,1,0,0,0,0,1,0,0,0,0,0,0,0,0,0,0,0,0
-2.09888879335203,936,7,0,1,0.01,1,0,0,1,0,0,0,0,1,0,0,0,0,0,0,0,0,0,0,0,0
-1.51135691048617,936,8,0,1,0.01,1,0,0,1,0,0,0,0,1,0,0,0,0,0,0,0,0,0,0,0,0
-1.78523573671619,936,9,0,1,0.01,1,0,0,1,0,0,0,0,1,0,0,0,0,0,0,0,0,0,0,0,0
1.73433384616848,936,10,0,1,0.01,1,0,0,1,0,0,0,0,1,0,0,0,0,0,0,0,0,0,0,0,0
0.0649284801556348,937,1,0,1,0.01,0,1,0,1,0,1,1,0,1,1,0,0,0,0,0,0,0,0,0,0,0
-0.468893734496021,937,2,0,1,0.01,0,1,0,1,0,1,1,0,1,1,0,0,0,0,0,0,0,0,0,0,0
-0.432859816444658,937,3,0,1,0.01,0,1,0,1,0,1,1,0,1,1,0,0,0,0,0,0,0,0,0,0,0
1.57874064365893,937,4,0,1,0.01,0,1,0,1,0,1,1,0,1,1,0,0,0,0,0,0,0,0,0,0,0
-0.193897440935904,937,5,0,1,0.01,0,1,0,1,0,1,1,0,1,1,0,0,0,0,0,0,0,0,0,0,0
0.577722001862896,937,6,0,1,0.01,0,1,0,1,0,1,1,0,1,1,0,0,0,0,0,0,0,0,0,0,0
-0.355188896644685,937,7,0,1,0.01,0,1,0,1,0,1,1,0,1,1,0,0,0,0,0,0,0,0,0,0,0
-0.37921981038332,937,8,0,1,0.01,0,1,0,1,0,1,1,0,1,1,0,0,0,0,0,0,0,0,0,0,0
-0.54475685720151,937,9,0,1,0.01,0,1,0,1,0,1,1,0,1,1,0,0,0,0,0,0,0,0,0,0,0
-0.395962089982851,937,10,0,1,0.01,0,1,0,1,0,1,1,0,1,1,0,0,0,0,0,0,0,0,0,0,0
0.901816092659247,938,1,0,1,0.01,1,0,1,0,0,0,1,1,0,0,0,0,0,0,0,0,0,0,0,0,0
0.13317735368977,938,2,0,1,0.01,1,0,1,0,0,0,1,1,0,0,0,0,0,0,0,0,0,0,0,0,0
-0.614462188386507,938,3,0,1,0.01,1,0,1,0,0,0,1,1,0,0,0,0,0,0,0,0,0,0,0,0,0
-1.46317710480264,938,4,0,1,0.01,1,0,1,0,0,0,1,1,0,0,0,0,0,0,0,0,0,0,0,0,0
-0.208455391829,938,5,0,1,0.01,1,0,1,0,0,0,1,1,0,0,0,0,0,0,0,0,0,0,0,0,0
1.32976670046875,938,6,0,1,0.01,1,0,1,0,0,0,1,1,0,0,0,0,0,0,0,0,0,0,0,0,0
-1.00527903429422,938,7,0,1,0.01,1,0,1,0,0,0,1,1,0,0,0,0,0,0,0,0,0,0,0,0,0
0.160533492356115,938,8,0,1,0.01,1,0,1,0,0,0,1,1,0,0,0,0,0,0,0,0,0,0,0,0,0
2.21799654787445,938,9,0,1,0.01,1,0,1,0,0,0,1,1,0,0,0,0,0,0,0,0,0,0,0,0,0
-0.314496971488577,938,10,0,1,0.01,1,0,1,0,0,0,1,1,0,0,0,0,0,0,0,0,0,0,0,0,0
1.38694057348055,939,1,0,3,0.127496851579376,0,1,0,0,0,0,0,0,0,0,0,0,0,0,0,0,0,0,0,0,0
0.958177630404811,939,2,0,3,0.271249150321405,0,1,0,0,0,0,0,0,0,0,0,0,0,0,0,0,0,0,0,0,0
0.494961516489175,939,3,0,3,0.43332941456034,0,1,0,0,0,0,0,0,0,0,0,0,0,0,0,0,0,0,0,0,0
3.1169222141484,939,4,0,3,0.616074402192893,0,1,0,0,0,0,0,0,0,0,0,0,0,0,0,0,0,0,0,0,0
3.44964728402572,939,5,0,3,0.822118800390509,0,1,0,0,0,0,0,0,0,0,0,0,0,0,0,0,0,0,0,0,0
5.95458813945158,939,6,0,3,1.05443321064389,0,1,0,0,0,0,0,0,0,0,0,0,0,0,0,0,0,0,0,0,0
6.68820928845732,939,7,0,3,1.31636697678109,0,1,0,0,0,0,0,0,0,0,0,0,0,0,0,0,0,0,0,0,0
7.5987766050484,939,8,0,3,1.61169647342312,0,1,0,0,0,0,0,0,0,0,0,0,0,0,0,0,0,0,0,0,0
10.5813266103332,939,9,0,3,1.94467955106552,0,1,0,0,0,0,0,0,0,0,0,0,0,0,0,0,0,0,0,0,0
10.7073583368494,939,10,0,3,2.32011692273655,0,1,0,0,0,0,0,0,0,0,0,0,0,0,0,0,0,0,0,0,0
0.42052098604584,940,1,0,1,0.01,0,1,0,1,0,0,0,0,0,1,0,0,1,0,0,0,0,0,0,0,0
0.0772477319268686,940,2,0,1,0.01,0,1,0,1,0,0,0,0,0,1,0,1,0,0,0,0,0,0,0,0,0
-0.244364030347956,940,3,0,1,0.01,0,1,0,1,0,0,0,0,0,1,1,0,0,0,0,0,0,0,0,0,0
0.0175435071020471,940,4,0,1,0.01,0,1,0,1,0,0,0,0,0,1,0,0,0,0,0,0,1,0,0,0,0
1.36252116566742,940,5,0,1,0.01,0,1,0,1,0,0,0,0,0,1,0,0,0,0,0,0,0,1,0,0,0
-0.471156408622835,940,6,0,1,0.01,0,1,0,1,0,0,0,0,0,1,0,0,0,0,0,0,0,0,1,0,0
0.0633467113249784,940,7,0,1,0.01,0,1,0,1,0,0,0,0,0,1,0,0,0,0,0,0,0,0,0,1,0
1.64545249534978,940,8,0,1,0.01,0,1,0,1,0,0,0,0,0,1,0,0,0,0,0,0,0,0,0,0,1
-0.62409782025783,940,9,0,1,0.01,0,1,0,1,0,0,0,0,0,1,0,0,0,0,0,0,0,0,0,0,0
1.90081758039138,940,10,0,1,0.01,0,1,0,1,0,0,0,0,0,1,0,0,0,0,0,0,0,0,0,0,0
-0.915337181863244,941,1,0,2,0.0512710963760241,0,1,0,0,1,1,0,0,0,1,0,0,0,0,0,0,0,0,0,0,0
1.20400920288397,941,2,0,2,0.105170918075648,0,1,0,0,1,1,0,0,0,1,0,0,0,0,0,0,0,0,0,0,0
0.637504152245293,941,3,0,2,0.161834242728283,0,1,0,0,1,1,0,0,0,1,0,0,0,0,0,0,0,0,0,0,0
1.52180760616652,941,4,0,2,0.22140275816017,0,1,0,0,1,1,0,0,0,1,0,0,0,0,0,0,0,0,0,0,0
1.56670206106858,941,5,0,2,0.284025416687741,0,1,0,0,1,1,0,0,0,1,0,0,0,0,0,0,0,0,0,0,0
1.62551594065297,941,6,0,2,0.349858807576003,0,1,0,0,1,1,0,0,0,1,0,0,0,0,0,0,0,0,0,0,0
2.02725942340872,941,7,0,2,0.419067548593257,0,1,0,0,1,1,0,0,0,1,0,0,0,0,0,0,0,0,0,0,0
2.2324983589496,941,8,0,2,0.49182469764127,0,1,0,0,1,1,0,0,0,1,0,0,0,0,0,0,0,0,0,0,0
2.3946534164979,941,9,0,2,0.568312185490169,0,1,0,0,1,1,0,0,0,1,0,0,0,0,0,0,0,0,0,0,0
3.3166405315145,941,10,0,2,0.648721270700128,0,1,0,0,1,1,0,0,0,1,0,0,0,0,0,0,0,0,0,0,0
0.873876082233845,942,1,0,3,0.127496851579376,1,1,1,1,0,0,0,1,1,0,0,0,1,0,0,0,0,0,0,0,0
1.48551656791066,942,2,0,3,0.271249150321405,1,1,1,1,0,0,0,1,1,0,0,1,0,0,0,0,0,0,0,0,0
3.13166290640567,942,3,0,3,0.43332941456034,1,1,1,1,0,0,0,1,1,0,1,0,0,0,0,0,0,0,0,0,0
3.03928945216992,942,4,0,3,0.616074402192893,1,1,1,1,0,0,0,1,1,0,0,0,0,0,0,0,1,0,0,0,0
2.73625677092106,942,5,0,3,0.822118800390509,1,1,1,1,0,0,0,1,1,0,0,0,0,0,0,0,0,1,0,0,0
5.58925845865111,942,6,0,3,1.05443321064389,1,1,1,1,0,0,0,1,1,0,0,0,0,0,0,0,0,0,1,0,0
7.50824732819699,942,7,0,3,1.31636697678109,1,1,1,1,0,0,0,1,1,0,0,0,0,0,0,0,0,0,0,1,0
9.15715556910355,942,8,0,3,1.61169647342312,1,1,1,1,0,0,0,1,1,0,0,0,0,0,0,0,0,0,0,0,1
9.27102441278962,942,9,0,3,1.94467955106552,1,1,1,1,0,0,0,1,1,0,0,0,0,0,0,0,0,0,0,0,0
11.7413114503543,942,10,0,3,2.32011692273655,1,1,1,1,0,0,0,1,1,0,0,0,0,0,0,0,0,0,0,0,0
0.207928192713525,943,1,0,2,0.0512710963760241,0,0,1,1,0,0,1,1,1,1,0,0,0,0,0,0,0,0,0,0,0
-0.299675533168631,943,2,0,2,0.105170918075648,0,0,1,1,0,0,1,1,1,1,0,0,0,0,0,0,0,0,0,0,0
1.74652162838517,943,3,0,2,0.161834242728283,0,0,1,1,0,0,1,1,1,1,0,0,0,0,0,0,0,0,0,0,0
2.62554437506528,943,4,0,2,0.22140275816017,0,0,1,1,0,0,1,1,1,1,0,0,0,0,0,0,0,0,0,0,0
1.66165459671927,943,5,0,2,0.284025416687741,0,0,1,1,0,0,1,1,1,1,0,0,0,0,0,0,0,0,0,0,0
1.42355683858805,943,6,0,2,0.349858807576003,0,0,1,1,0,0,1,1,1,1,0,0,0,0,0,0,0,0,0,0,0
1.03906002474585,943,7,0,2,0.419067548593257,0,0,1,1,0,0,1,1,1,1,0,0,0,0,0,0,0,0,0,0,0
3.97481483737168,943,8,0,2,0.49182469764127,0,0,1,1,0,0,1,1,1,1,0,0,0,0,0,0,0,0,0,0,0
2.12077734481101,943,9,0,2,0.568312185490169,0,0,1,1,0,0,1,1,1,1,0,0,0,0,0,0,0,0,0,0,0
3.68473405048847,943,10,0,2,0.648721270700128,0,0,1,1,0,0,1,1,1,1,0,0,0,0,0,0,0,0,0,0,0
1.22077028156216,944,1,0,2,0.0512710963760241,1,1,0,0,1,0,0,0,1,0,0,0,0,0,0,0,0,0,0,0,0
-0.425354300379518,944,2,0,2,0.105170918075648,1,1,0,0,1,0,0,0,1,0,0,0,0,0,0,0,0,0,0,0,0
2.02359765544366,944,3,0,2,0.161834242728283,1,1,0,0,1,0,0,0,1,0,0,0,0,0,0,0,0,0,0,0,0
0.509474209294399,944,4,0,2,0.22140275816017,1,1,0,0,1,0,0,0,1,0,0,0,0,0,0,0,0,0,0,0,0
1.81502678236363,944,5,0,2,0.284025416687741,1,1,0,0,1,0,0,0,1,0,0,0,0,0,0,1,0,0,0,0,0
2.11295531498179,944,6,0,2,0.349858807576003,1,1,0,0,1,0,0,0,1,0,0,0,0,0,1,0,0,0,0,0,0
2.49381177827917,944,7,0,2,0.419067548593257,1,1,0,0,1,0,0,0,1,0,0,0,0,1,0,0,0,0,0,0,0
2.20359719009746,944,8,0,2,0.49182469764127,1,1,0,0,1,0,0,0,1,0,0,0,1,0,0,0,0,0,0,0,0
1.19225117442015,944,9,0,2,0.568312185490169,1,1,0,0,1,0,0,0,1,0,0,1,0,0,0,0,0,0,0,0,0
3.64773479945999,944,10,0,2,0.648721270700128,1,1,0,0,1,0,0,0,1,0,1,0,0,0,0,0,0,0,0,0,0
-1.47124397101919,945,1,0,3,0.127496851579376,1,1,0,1,0,1,0,1,0,0,0,0,0,0,0,0,0,0,0,0,0
2.82443523805767,945,2,0,3,0.271249150321405,1,1,0,1,0,1,0,1,0,0,0,0,0,0,0,0,0,0,0,0,0
0.27188189699307,945,3,0,3,0.43332941456034,1,1,0,1,0,1,0,1,0,0,0,0,0,0,0,1,0,0,0,0,0
2.87837624432674,945,4,0,3,0.616074402192893,1,1,0,1,0,1,0,1,0,0,0,0,0,0,1,0,0,0,0,0,0
5.69674109101243,945,5,0,3,0.822118800390509,1,1,0,1,0,1,0,1,0,0,0,0,0,1,0,0,0,0,0,0,0
7.68167880361775,945,6,0,3,1.05443321064389,1,1,0,1,0,1,0,1,0,0,0,0,1,0,0,0,0,0,0,0,0
5.69715521506899,945,7,0,3,1.31636697678109,1,1,0,1,0,1,0,1,0,0,0,1,0,0,0,0,0,0,0,0,0
8.25519224491383,945,8,0,3,1.61169647342312,1,1,0,1,0,1,0,1,0,0,1,0,0,0,0,0,0,0,0,0,0
8.12215375806804,945,9,0,3,1.94467955106552,1,1,0,1,0,1,0,1,0,0,0,0,0,0,0,0,1,0,0,0,0
13.6681423861171,945,10,0,3,2.32011692273655,1,1,0,1,0,1,0,1,0,0,0,0,0,0,0,0,0,1,0,0,0
0.861135571536083,946,1,0,1,0.01,1,1,0,0,1,1,0,1,0,1,0,0,0,1,0,0,0,0,0,0,0
1.38650257450839,946,2,0,1,0.01,1,1,0,0,1,1,0,1,0,1,0,0,1,0,0,0,0,0,0,0,0
-0.499978914677385,946,3,0,1,0.01,1,1,0,0,1,1,0,1,0,1,0,1,0,0,0,0,0,0,0,0,0
-1.49415106900722,946,4,0,1,0.01,1,1,0,0,1,1,0,1,0,1,1,0,0,0,0,0,0,0,0,0,0
-0.573716528864144,946,5,0,1,0.01,1,1,0,0,1,1,0,1,0,1,0,0,0,0,0,0,1,0,0,0,0
-0.305346408045496,946,6,0,1,0.01,1,1,0,0,1,1,0,1,0,1,0,0,0,0,0,0,0,1,0,0,0
0.033333471544336,946,7,0,1,0.01,1,1,0,0,1,1,0,1,0,1,0,0,0,0,0,0,0,0,1,0,0
1.63166667332694,946,8,0,1,0.01,1,1,0,0,1,1,0,1,0,1,0,0,0,0,0,0,0,0,0,1,0
-0.051705674729577,946,9,0,1,0.01,1,1,0,0,1,1,0,1,0,1,0,0,0,0,0,0,0,0,0,0,1
1.12327413294924,946,10,0,1,0.01,1,1,0,0,1,1,0,1,0,1,0,0,0,0,0,0,0,0,0,0,0
0.144017235691049,947,1,0,2,0.0512710963760241,1,0,0,0,1,1,0,0,0,0,0,0,0,0,0,0,0,0,0,0,0
-0.83684196403537,947,2,0,2,0.105170918075648,1,0,0,0,1,1,0,0,0,0,0,0,0,0,0,0,0,0,0,0,0
0.846768954109868,947,3,0,2,0.161834242728283,1,0,0,0,1,1,0,0,0,0,0,0,0,0,0,0,0,0,0,0,0
0.229642965483549,947,4,0,2,0.22140275816017,1,0,0,0,1,1,0,0,0,0,0,0,0,0,0,0,0,0,0,0,0
0.801497641439459,947,5,0,2,0.284025416687741,1,0,0,0,1,1,0,0,0,0,0,0,0,0,0,0,0,0,0,0,0
1.70078722431096,947,6,0,2,0.349858807576003,1,0,0,0,1,1,0,0,0,0,0,0,0,0,0,0,0,0,0,0,0
0.802161758202663,947,7,0,2,0.419067548593257,1,0,0,0,1,1,0,0,0,0,0,0,0,0,0,0,0,0,0,0,0
2.55334145921567,947,8,0,2,0.49182469764127,1,0,0,0,1,1,0,0,0,0,0,0,0,0,0,0,0,0,0,0,0
2.44913478204066,947,9,0,2,0.568312185490169,1,0,0,0,1,1,0,0,0,0,0,0,0,0,0,0,0,0,0,0,0
3.10787345733718,947,10,0,2,0.648721270700128,1,0,0,0,1,1,0,0,0,0,0,0,0,0,0,0,0,0,0,0,0
0.557367180619822,948,1,0,3,0.127496851579376,0,0,0,1,0,1,1,1,1,1,0,0,0,0,0,0,0,0,0,0,0
1.66764085871736,948,2,0,3,0.271249150321405,0,0,0,1,0,1,1,1,1,1,0,0,0,0,0,0,0,0,0,0,0
2.03003916995802,948,3,0,3,0.43332941456034,0,0,0,1,0,1,1,1,1,1,0,0,0,0,0,0,0,0,0,0,0
3.13811347489103,948,4,0,3,0.616074402192893,0,0,0,1,0,1,1,1,1,1,0,0,0,0,0,1,0,0,0,0,0
4.30047831936331,948,5,0,3,0.822118800390509,0,0,0,1,0,1,1,1,1,1,0,0,0,0,1,0,0,0,0,0,0
3.58313437766116,948,6,0,3,1.05443321064389,0,0,0,1,0,1,1,1,1,1,0,0,0,1,0,0,0,0,0,0,0
4.24614761231185,948,7,0,3,1.31636697678109,0,0,0,1,0,1,1,1,1,1,0,0,1,0,0,0,0,0,0,0,0
6.81865019125268,948,8,0,3,1.61169647342312,0,0,0,1,0,1,1,1,1,1,0,1,0,0,0,0,0,0,0,0,0
9.24878950569019,948,9,0,3,1.94467955106552,0,0,0,1,0,1,1,1,1,1,1,0,0,0,0,0,0,0,0,0,0
12.0669638296136,948,10,0,3,2.32011692273655,0,0,0,1,0,1,1,1,1,1,0,0,0,0,0,0,1,0,0,0,0
-0.725252224133441,949,1,0,1,0.01,1,1,0,1,1,0,0,0,0,1,0,0,0,0,0,0,0,0,0,0,0
0.401959389499784,949,2,0,1,0.01,1,1,0,1,1,0,0,0,0,1,0,0,0,0,0,0,0,0,0,0,0
0.149930904031916,949,3,0,1,0.01,1,1,0,1,1,0,0,0,0,1,0,0,0,0,0,0,0,0,0,0,0
-0.26426630130713,949,4,0,1,0.01,1,1,0,1,1,0,0,0,0,1,0,0,0,0,0,0,0,0,0,0,0
-0.456922735689136,949,5,0,1,0.01,1,1,0,1,1,0,0,0,0,1,0,0,0,0,0,0,0,0,0,0,0
-0.835188739133523,949,6,0,1,0.01,1,1,0,1,1,0,0,0,0,1,0,0,0,0,0,0,0,0,0,0,0
1.01721724956663,949,7,0,1,0.01,1,1,0,1,1,0,0,0,0,1,0,0,0,0,0,0,0,0,0,0,0
-1.13884373013391,949,8,0,1,0.01,1,1,0,1,1,0,0,0,0,1,0,0,0,0,0,0,0,0,0,0,0
-1.06975861737175,949,9,0,1,0.01,1,1,0,1,1,0,0,0,0,1,0,0,0,0,0,0,0,0,0,0,0
-0.886448731428002,949,10,0,1,0.01,1,1,0,1,1,0,0,0,0,1,0,0,0,0,0,0,0,0,0,0,0
-0.928129797224787,950,1,0,2,0.0512710963760241,0,0,1,1,1,1,0,1,1,1,0,0,0,0,0,0,0,0,0,0,0
0.64106037034455,950,2,0,2,0.105170918075648,0,0,1,1,1,1,0,1,1,1,0,0,0,0,0,0,0,0,0,0,0
0.686816855394738,950,3,0,2,0.161834242728283,0,0,1,1,1,1,0,1,1,1,0,0,0,0,0,0,0,0,0,0,0
2.00218497830817,950,4,0,2,0.22140275816017,0,0,1,1,1,1,0,1,1,1,0,0,0,0,0,0,0,0,0,0,0
2.3587958451589,950,5,0,2,0.284025416687741,0,0,1,1,1,1,0,1,1,1,0,0,0,0,0,0,0,0,0,0,0
0.381177829344334,950,6,0,2,0.349858807576003,0,0,1,1,1,1,0,1,1,1,0,0,0,0,0,0,0,0,0,0,0
2.06127808427216,950,7,0,2,0.419067548593257,0,0,1,1,1,1,0,1,1,1,0,0,0,0,0,0,0,0,0,0,0
2.32243986905384,950,8,0,2,0.49182469764127,0,0,1,1,1,1,0,1,1,1,0,0,0,0,0,0,0,0,0,0,0
3.25285475574981,950,9,0,2,0.568312185490169,0,0,1,1,1,1,0,1,1,1,0,0,0,0,0,0,0,0,0,0,0
3.19050709243014,950,10,0,2,0.648721270700128,0,0,1,1,1,1,0,1,1,1,0,0,0,0,0,0,0,0,0,0,0
-0.946107129559923,951,1,0,2,0.0512710963760241,0,1,1,0,0,0,0,0,0,1,0,0,0,0,0,0,0,0,0,0,0
1.27959663629655,951,2,0,2,0.105170918075648,0,1,1,0,0,0,0,0,0,1,0,0,0,0,0,0,0,0,0,0,0
2.07123392539426,951,3,0,2,0.161834242728283,0,1,1,0,0,0,0,0,0,1,0,0,0,0,0,0,0,0,0,0,0
2.27388862553034,951,4,0,2,0.22140275816017,0,1,1,0,0,0,0,0,0,1,0,0,0,0,0,0,0,0,0,0,0
1.62025094941161,951,5,0,2,0.284025416687741,0,1,1,0,0,0,0,0,0,1,0,0,0,0,0,0,0,0,0,0,0
2.4209546577479,951,6,0,2,0.349858807576003,0,1,1,0,0,0,0,0,0,1,0,0,0,0,0,0,0,0,0,0,0
1.64215342839519,951,7,0,2,0.419067548593257,0,1,1,0,0,0,0,0,0,1,0,0,0,0,0,0,0,0,0,0,0
2.4068108049015,951,8,0,2,0.49182469764127,0,1,1,0,0,0,0,0,0,1,0,0,0,0,0,0,0,0,0,0,0
1.98451802491975,951,9,0,2,0.568312185490169,0,1,1,0,0,0,0,0,0,1,0,0,0,0,0,0,0,0,0,0,0
4.55717980416525,951,10,0,2,0.648721270700128,0,1,1,0,0,0,0,0,0,1,0,0,0,0,0,0,0,0,0,0,0
0.695456554984087,952,1,0,1,0.01,1,1,1,1,0,0,0,1,1,1,0,0,0,0,0,0,0,0,0,0,0
0.678703482758652,952,2,0,1,0.01,1,1,1,1,0,0,0,1,1,1,0,0,0,0,0,0,0,0,0,0,0
-1.10752158439923,952,3,0,1,0.01,1,1,1,1,0,0,0,1,1,1,0,0,0,0,0,0,0,0,0,0,0
-0.132920186407626,952,4,0,1,0.01,1,1,1,1,0,0,0,1,1,1,0,0,0,0,0,0,0,0,0,0,0
-2.89323416513541,952,5,0,1,0.01,1,1,1,1,0,0,0,1,1,1,0,0,0,0,0,0,0,0,0,0,0
1.36333736250555,952,6,0,1,0.01,1,1,1,1,0,0,0,1,1,1,0,0,0,0,0,0,0,0,0,0,0
0.102449180903501,952,7,0,1,0.01,1,1,1,1,0,0,0,1,1,1,0,0,0,0,0,0,0,0,0,0,0
-0.847250323254311,952,8,0,1,0.01,1,1,1,1,0,0,0,1,1,1,0,0,0,0,0,0,0,0,0,0,0
0.021678939721883,952,9,0,1,0.01,1,1,1,1,0,0,0,1,1,1,0,0,0,0,0,0,0,0,0,0,0
0.569779241390392,952,10,0,1,0.01,1,1,1,1,0,0,0,1,1,1,0,0,0,0,0,0,0,0,0,0,0
-0.0398795281738051,953,1,0,2,0.0512710963760241,1,1,1,0,0,1,1,1,0,1,0,0,0,0,0,0,0,0,0,0,0
1.73452436863041,953,2,0,2,0.105170918075648,1,1,1,0,0,1,1,1,0,1,0,0,0,0,0,0,0,0,0,0,0
-0.657770422279181,953,3,0,2,0.161834242728283,1,1,1,0,0,1,1,1,0,1,0,0,0,0,0,0,0,0,0,0,0
0.971783266446269,953,4,0,2,0.22140275816017,1,1,1,0,0,1,1,1,0,1,0,0,0,0,0,0,0,0,0,0,0
1.09075000474487,953,5,0,2,0.284025416687741,1,1,1,0,0,1,1,1,0,1,0,0,0,0,0,0,0,0,0,0,0
3.38894506627774,953,6,0,2,0.349858807576003,1,1,1,0,0,1,1,1,0,1,0,0,0,0,0,0,0,0,0,0,0
1.80217599363817,953,7,0,2,0.419067548593257,1,1,1,0,0,1,1,1,0,1,0,0,0,0,0,0,0,0,0,0,0
2.85392179253152,953,8,0,2,0.49182469764127,1,1,1,0,0,1,1,1,0,1,0,0,0,0,0,0,0,0,0,0,0
2.6273800773534,953,9,0,2,0.568312185490169,1,1,1,0,0,1,1,1,0,1,0,0,0,0,0,0,0,0,0,0,0
3.52112913367324,953,10,0,2,0.648721270700128,1,1,1,0,0,1,1,1,0,1,0,0,0,0,0,0,0,0,0,0,0
0.913604662915242,954,1,0,1,0.01,0,1,1,0,1,1,0,0,0,0,0,0,0,0,0,0,0,0,0,0,0
-1.23096059998415,954,2,0,1,0.01,0,1,1,0,1,1,0,0,0,0,0,0,0,0,0,0,0,0,0,0,0
-0.113114452379524,954,3,0,1,0.01,0,1,1,0,1,1,0,0,0,0,0,0,0,0,0,0,0,0,0,0,0
0.747827765679778,954,4,0,1,0.01,0,1,1,0,1,1,0,0,0,0,0,0,0,0,0,0,0,0,0,0,0
0.0596909985177289,954,5,0,1,0.01,0,1,1,0,1,1,0,0,0,0,0,0,0,0,0,0,0,0,0,0,0
-0.908090039772759,954,6,0,1,0.01,0,1,1,0,1,1,0,0,0,0,0,0,0,0,0,0,0,0,0,0,0
-0.985001167912866,954,7,0,1,0.01,0,1,1,0,1,1,0,0,0,0,0,0,0,0,0,0,0,0,0,0,0
0.506643942516397,954,8,0,1,0.01,0,1,1,0,1,1,0,0,0,0,0,0,0,0,0,0,0,0,0,0,0
0.281217124886507,954,9,0,1,0.01,0,1,1,0,1,1,0,0,0,0,0,0,0,0,0,0,0,0,0,0,0
-0.556379478902928,954,10,0,1,0.01,0,1,1,0,1,1,0,0,0,0,0,0,0,0,0,0,0,0,0,0,0
-0.297232169672735,955,1,0,1,0.01,1,0,1,1,0,1,0,1,1,1,0,1,0,0,0,0,0,0,0,0,0
-0.807186816706109,955,2,0,1,0.01,1,0,1,1,0,1,0,1,1,1,1,0,0,0,0,0,0,0,0,0,0
-1.03443178357552,955,3,0,1,0.01,1,0,1,1,0,1,0,1,1,1,0,0,0,0,0,0,1,0,0,0,0
-0.168919496746922,955,4,0,1,0.01,1,0,1,1,0,1,0,1,1,1,0,0,0,0,0,0,0,1,0,0,0
0.8285220512146,955,5,0,1,0.01,1,0,1,1,0,1,0,1,1,1,0,0,0,0,0,0,0,0,1,0,0
0.124655969413297,955,6,0,1,0.01,1,0,1,1,0,1,0,1,1,1,0,0,0,0,0,0,0,0,0,1,0
0.356894128616129,955,7,0,1,0.01,1,0,1,1,0,1,0,1,1,1,0,0,0,0,0,0,0,0,0,0,1
-0.504343643826043,955,8,0,1,0.01,1,0,1,1,0,1,0,1,1,1,0,0,0,0,0,0,0,0,0,0,0
-0.928385814853929,955,9,0,1,0.01,1,0,1,1,0,1,0,1,1,1,0,0,0,0,0,0,0,0,0,0,0
-0.259440824523506,955,10,0,1,0.01,1,0,1,1,0,1,0,1,1,1,0,0,0,0,0,0,0,0,0,0,0
-0.526130789125359,956,1,0,2,0.0512710963760241,1,1,0,1,0,0,0,1,0,1,0,0,0,0,0,0,0,0,0,0,0
0.602663632218295,956,2,0,2,0.105170918075648,1,1,0,1,0,0,0,1,0,1,0,0,0,0,0,0,0,0,0,0,0
0.415046121717803,956,3,0,2,0.161834242728283,1,1,0,1,0,0,0,1,0,1,0,0,0,0,0,0,0,0,0,0,0
1.74092935301236,956,4,0,2,0.22140275816017,1,1,0,1,0,0,0,1,0,1,0,0,0,0,0,0,0,0,0,0,0
1.56234510823302,956,5,0,2,0.284025416687741,1,1,0,1,0,0,0,1,0,1,0,0,0,0,0,0,0,0,0,0,0
1.40484838262346,956,6,0,2,0.349858807576003,1,1,0,1,0,0,0,1,0,1,0,0,0,0,0,0,0,0,0,0,0
2.31296190679216,956,7,0,2,0.419067548593257,1,1,0,1,0,0,0,1,0,1,0,0,0,0,0,0,0,0,0,0,0
3.07019496542323,956,8,0,2,0.49182469764127,1,1,0,1,0,0,0,1,0,1,0,0,0,0,0,0,0,0,0,0,0
2.70969299123389,956,9,0,2,0.568312185490169,1,1,0,1,0,0,0,1,0,1,0,0,0,0,0,0,0,0,0,0,0
3.52815279834679,956,10,0,2,0.648721270700128,1,1,0,1,0,0,0,1,0,1,0,0,0,0,0,0,0,0,0,0,0
1.37923129506224,957,1,0,1,0.01,0,0,0,1,0,0,0,0,0,1,0,0,0,1,0,0,0,0,0,0,0
1.59143683039632,957,2,0,1,0.01,0,0,0,1,0,0,0,0,0,1,0,0,1,0,0,0,0,0,0,0,0
-1.24042999442001,957,3,0,1,0.01,0,0,0,1,0,0,0,0,0,1,0,1,0,0,0,0,0,0,0,0,0
-1.0251537965679,957,4,0,1,0.01,0,0,0,1,0,0,0,0,0,1,1,0,0,0,0,0,0,0,0,0,0
-1.02008696051726,957,5,0,1,0.01,0,0,0,1,0,0,0,0,0,1,0,0,0,0,0,0,1,0,0,0,0
1.07919374906,957,6,0,1,0.01,0,0,0,1,0,0,0,0,0,1,0,0,0,0,0,0,0,1,0,0,0
0.766695644416602,957,7,0,1,0.01,0,0,0,1,0,0,0,0,0,1,0,0,0,0,0,0,0,0,1,0,0
1.27089027031978,957,8,0,1,0.01,0,0,0,1,0,0,0,0,0,1,0,0,0,0,0,0,0,0,0,1,0
-1.88740506397262,957,9,0,1,0.01,0,0,0,1,0,0,0,0,0,1,0,0,0,0,0,0,0,0,0,0,1
0.669088379555659,957,10,0,1,0.01,0,0,0,1,0,0,0,0,0,1,0,0,0,0,0,0,0,0,0,0,0
-1.49405877401977,958,1,0,1,0.01,0,1,0,0,1,0,1,0,0,0,0,0,0,0,0,0,0,0,0,0,0
-0.652269372858212,958,2,0,1,0.01,0,1,0,0,1,0,1,0,0,0,0,0,0,0,0,0,0,0,0,0,0
1.17132071719833,958,3,0,1,0.01,0,1,0,0,1,0,1,0,0,0,0,0,0,0,0,0,0,0,0,0,0
-1.34818695802031,958,4,0,1,0.01,0,1,0,0,1,0,1,0,0,0,0,0,0,0,0,0,0,0,0,0,0
1.70176926504992,958,5,0,1,0.01,0,1,0,0,1,0,1,0,0,0,0,0,0,0,0,0,0,0,0,0,0
-0.504913590992501,958,6,0,1,0.01,0,1,0,0,1,0,1,0,0,0,0,0,0,0,0,0,0,0,0,0,0
-0.760900179657709,958,7,0,1,0.01,0,1,0,0,1,0,1,0,0,0,0,0,0,0,0,0,0,0,0,0,0
-1.76391801280922,958,8,0,1,0.01,0,1,0,0,1,0,1,0,0,0,0,0,0,0,0,0,0,0,0,0,0
1.60567736769314,958,9,0,1,0.01,0,1,0,0,1,0,1,0,0,0,0,0,0,0,0,0,0,0,0,0,0
-0.599761235837879,958,10,0,1,0.01,0,1,0,0,1,0,1,0,0,0,0,0,0,0,0,0,0,0,0,0,0
1.18897611933887,959,1,0,2,0.0512710963760241,0,0,1,0,0,1,0,1,1,0,0,0,0,0,0,0,0,0,0,0,0
2.15459086720279,959,2,0,2,0.105170918075648,0,0,1,0,0,1,0,1,1,0,0,0,0,0,0,0,0,0,0,0,0
-0.685007193797179,959,3,0,2,0.161834242728283,0,0,1,0,0,1,0,1,1,0,0,0,0,0,0,0,0,0,0,0,0
1.67226515832054,959,4,0,2,0.22140275816017,0,0,1,0,0,1,0,1,1,0,0,0,0,0,0,0,0,0,0,0,0
1.90212173242602,959,5,0,2,0.284025416687741,0,0,1,0,0,1,0,1,1,0,0,0,0,0,0,0,0,0,0,0,0
1.53355210307631,959,6,0,2,0.349858807576003,0,0,1,0,0,1,0,1,1,0,0,0,0,0,0,0,0,0,0,0,0
1.05623438651237,959,7,0,2,0.419067548593257,0,0,1,0,0,1,0,1,1,0,0,0,0,0,0,0,0,0,0,0,0
1.95490524064649,959,8,0,2,0.49182469764127,0,0,1,0,0,1,0,1,1,0,0,0,0,0,0,0,0,0,0,0,0
2.26258711751862,959,9,0,2,0.568312185490169,0,0,1,0,0,1,0,1,1,0,0,0,0,0,0,0,0,0,0,0,0
4.44836503693853,959,10,0,2,0.648721270700128,0,0,1,0,0,1,0,1,1,0,0,0,0,0,0,0,0,0,0,0,0
-0.972267211922823,960,1,0,1,0.01,1,1,0,0,0,0,0,1,1,0,0,0,0,0,0,0,0,0,0,0,0
-0.357595493042578,960,2,0,1,0.01,1,1,0,0,0,0,0,1,1,0,0,0,0,0,0,0,0,0,0,0,0
-0.686397773187923,960,3,0,1,0.01,1,1,0,0,0,0,0,1,1,0,0,0,0,0,0,0,0,0,0,0,0
0.763297496935447,960,4,0,1,0.01,1,1,0,0,0,0,0,1,1,0,0,0,0,0,0,0,0,0,0,0,0
-0.670647463331233,960,5,0,1,0.01,1,1,0,0,0,0,0,1,1,0,0,0,0,0,0,0,0,0,0,0,0
1.01952595866986,960,6,0,1,0.01,1,1,0,0,0,0,0,1,1,0,0,0,0,0,0,0,0,0,0,0,0
-0.107975779991783,960,7,0,1,0.01,1,1,0,0,0,0,0,1,1,0,0,0,0,0,0,0,0,0,0,0,0
1.13540893884282,960,8,0,1,0.01,1,1,0,0,0,0,0,1,1,0,0,0,0,0,0,0,0,0,0,0,0
2.24919873893759,960,9,0,1,0.01,1,1,0,0,0,0,0,1,1,0,0,0,0,0,0,0,0,0,0,0,0
1.47701529281242,960,10,0,1,0.01,1,1,0,0,0,0,0,1,1,0,0,0,0,0,0,0,0,0,0,0,0
2.09593765361311,961,1,0,3,0.127496851579376,0,1,0,0,0,1,1,0,0,0,0,0,0,0,0,0,0,0,0,0,0
2.27367821843611,961,2,0,3,0.271249150321405,0,1,0,0,0,1,1,0,0,0,0,0,0,0,0,0,0,0,0,0,0
2.66939466799098,961,3,0,3,0.43332941456034,0,1,0,0,0,1,1,0,0,0,0,0,0,0,0,0,0,0,0,0,0
2.1888703753141,961,4,0,3,0.616074402192893,0,1,0,0,0,1,1,0,0,0,0,0,0,0,0,0,0,0,0,0,0
3.15981172252048,961,5,0,3,0.822118800390509,0,1,0,0,0,1,1,0,0,0,0,0,0,0,0,0,0,0,0,0,0
3.90901170633521,961,6,0,3,1.05443321064389,0,1,0,0,0,1,1,0,0,0,0,0,0,0,0,0,0,0,0,0,0
6.78016260219618,961,7,0,3,1.31636697678109,0,1,0,0,0,1,1,0,0,0,0,0,0,0,0,0,0,0,0,0,0
9.48560324629082,961,8,0,3,1.61169647342312,0,1,0,0,0,1,1,0,0,0,0,0,0,0,0,0,0,0,0,0,0
9.93834959995904,961,9,0,3,1.94467955106552,0,1,0,0,0,1,1,0,0,0,0,0,0,0,0,0,0,0,0,0,0
11.7998854067917,961,10,0,3,2.32011692273655,0,1,0,0,0,1,1,0,0,0,0,0,0,0,0,0,0,0,0,0,0
0.117856248571109,962,1,0,2,0.0512710963760241,0,1,1,1,0,1,1,1,0,1,0,0,0,0,0,0,0,0,0,0,0
-1.09212123328915,962,2,0,2,0.105170918075648,0,1,1,1,0,1,1,1,0,1,0,0,0,0,0,0,0,0,0,0,0
2.02557682471092,962,3,0,2,0.161834242728283,0,1,1,1,0,1,1,1,0,1,0,0,0,0,0,1,0,0,0,0,0
2.71531500151992,962,4,0,2,0.22140275816017,0,1,1,1,0,1,1,1,0,1,0,0,0,0,1,0,0,0,0,0,0
1.5945141401646,962,5,0,2,0.284025416687741,0,1,1,1,0,1,1,1,0,1,0,0,0,1,0,0,0,0,0,0,0
1.14170612478801,962,6,0,2,0.349858807576003,0,1,1,1,0,1,1,1,0,1,0,0,1,0,0,0,0,0,0,0,0
2.62024238945137,962,7,0,2,0.419067548593257,0,1,1,1,0,1,1,1,0,1,0,1,0,0,0,0,0,0,0,0,0
5.44096238704947,962,8,0,2,0.49182469764127,0,1,1,1,0,1,1,1,0,1,1,0,0,0,0,0,0,0,0,0,0
2.56772171630934,962,9,0,2,0.568312185490169,0,1,1,1,0,1,1,1,0,1,0,0,0,0,0,0,1,0,0,0,0
3.62242530393209,962,10,0,2,0.648721270700128,0,1,1,1,0,1,1,1,0,1,0,0,0,0,0,0,0,1,0,0,0
1.75755023317021,963,1,0,2,0.0512710963760241,0,0,0,0,1,0,1,1,0,0,0,0,0,0,0,0,0,0,0,0,0
-0.406249521389117,963,2,0,2,0.105170918075648,0,0,0,0,1,0,1,1,0,0,0,0,0,0,0,0,0,0,0,0,0
-0.273171996501362,963,3,0,2,0.161834242728283,0,0,0,0,1,0,1,1,0,0,0,0,0,0,0,0,0,0,0,0,0
1.2825556076197,963,4,0,2,0.22140275816017,0,0,0,0,1,0,1,1,0,0,0,0,0,0,0,0,0,0,0,0,0
0.474494947035558,963,5,0,2,0.284025416687741,0,0,0,0,1,0,1,1,0,0,0,0,0,0,0,0,0,0,0,0,0
1.57868414937463,963,6,0,2,0.349858807576003,0,0,0,0,1,0,1,1,0,0,0,0,0,0,0,0,0,0,0,0,0
0.822426197361078,963,7,0,2,0.419067548593257,0,0,0,0,1,0,1,1,0,0,0,0,0,0,0,0,0,0,0,0,0
2.33817820559012,963,8,0,2,0.49182469764127,0,0,0,0,1,0,1,1,0,0,0,0,0,0,0,0,0,0,0,0,0
2.47724192932277,963,9,0,2,0.568312185490169,0,0,0,0,1,0,1,1,0,0,0,0,0,0,0,0,0,0,0,0,0
2.43685136579678,963,10,0,2,0.648721270700128,0,0,0,0,1,0,1,1,0,0,0,0,0,0,0,0,0,0,0,0,0
1.12142837059477,964,1,0,1,0.01,0,1,1,0,1,0,0,1,1,1,0,0,0,0,0,0,0,0,0,0,0
-0.898511834738043,964,2,0,1,0.01,0,1,1,0,1,0,0,1,1,1,0,0,0,0,0,0,0,0,0,0,0
2.3624276825029,964,3,0,1,0.01,0,1,1,0,1,0,0,1,1,1,0,0,0,0,0,0,0,0,0,0,0
0.889369018736722,964,4,0,1,0.01,0,1,1,0,1,0,0,1,1,1,0,0,0,0,0,0,0,0,0,0,0
1.58643561952997,964,5,0,1,0.01,0,1,1,0,1,0,0,1,1,1,0,0,0,0,0,0,0,0,0,0,0
-0.761113504384143,964,6,0,1,0.01,0,1,1,0,1,0,0,1,1,1,0,0,0,0,0,0,0,0,0,0,0
-0.294915484096914,964,7,0,1,0.01,0,1,1,0,1,0,0,1,1,1,0,0,0,0,0,0,0,0,0,0,0
0.69148480499369,964,8,0,1,0.01,0,1,1,0,1,0,0,1,1,1,0,0,0,0,0,0,0,0,0,0,0
-0.675420722027294,964,9,0,1,0.01,0,1,1,0,1,0,0,1,1,1,0,0,0,0,0,0,0,0,0,0,0
-1.38641768600314,964,10,0,1,0.01,0,1,1,0,1,0,0,1,1,1,0,0,0,0,0,0,0,0,0,0,0
1.27273025997257,965,1,0,1,0.01,0,1,1,0,0,1,0,1,0,0,0,0,0,0,0,0,0,0,0,0,0
0.908057391498093,965,2,0,1,0.01,0,1,1,0,0,1,0,1,0,0,0,0,0,0,0,0,0,0,0,0,0
0.0716869163482835,965,3,0,1,0.01,0,1,1,0,0,1,0,1,0,0,0,0,0,0,0,0,0,0,0,0,0
1.30219284069271,965,4,0,1,0.01,0,1,1,0,0,1,0,1,0,0,0,0,0,0,0,0,0,0,0,0,0
-1.46016562530446,965,5,0,1,0.01,0,1,1,0,0,1,0,1,0,0,0,0,0,0,0,0,0,0,0,0,0
-0.692789774534179,965,6,0,1,0.01,0,1,1,0,0,1,0,1,0,0,0,0,0,0,0,0,0,0,0,0,0
0.675179719344584,965,7,0,1,0.01,0,1,1,0,0,1,0,1,0,0,0,0,0,0,0,0,0,0,0,0,0
-0.480022629264076,965,8,0,1,0.01,0,1,1,0,0,1,0,1,0,0,0,0,0,0,0,0,0,0,0,0,0
0.924108016013066,965,9,0,1,0.01,0,1,1,0,0,1,0,1,0,0,0,0,0,0,0,0,0,0,0,0,0
-0.313899743914749,965,10,0,1,0.01,0,1,1,0,0,1,0,1,0,0,0,0,0,0,0,0,0,0,0,0,0
-0.155793925137194,966,1,0,1,0.01,0,0,0,0,1,0,0,0,1,0,0,0,0,0,0,0,0,0,0,0,0
-0.466910055747602,966,2,0,1,0.01,0,0,0,0,1,0,0,0,1,0,0,0,0,0,0,0,0,0,0,0,0
-0.336739685240558,966,3,0,1,0.01,0,0,0,0,1,0,0,0,1,0,0,0,0,0,0,0,0,0,0,0,0
1.53894934382942,966,4,0,1,0.01,0,0,0,0,1,0,0,0,1,0,0,0,0,0,0,0,0,0,0,0,0
0.855200511857755,966,5,0,1,0.01,0,0,0,0,1,0,0,0,1,0,0,0,0,0,0,0,0,0,0,0,0
-0.1122289336125,966,6,0,1,0.01,0,0,0,0,1,0,0,0,1,0,0,0,0,0,0,0,0,0,0,0,0
0.743289915594511,966,7,0,1,0.01,0,0,0,0,1,0,0,0,1,0,0,0,0,0,0,0,0,0,0,0,0
0.0949823999662744,966,8,0,1,0.01,0,0,0,0,1,0,0,0,1,0,0,0,0,0,0,0,0,0,0,0,0
0.00682474691668904,966,9,0,1,0.01,0,0,0,0,1,0,0,0,1,0,0,0,0,0,0,0,0,0,0,0,0
-0.94309908711612,966,10,0,1,0.01,0,0,0,0,1,0,0,0,1,0,0,0,0,0,0,0,0,0,0,0,0
-1.65300161133807,967,1,0,3,0.127496851579376,0,0,0,1,0,1,0,0,0,0,0,0,0,0,0,0,0,0,0,0,0
2.03250097670869,967,2,0,3,0.271249150321405,0,0,0,1,0,1,0,0,0,0,0,0,0,0,0,0,0,0,0,0,0
2.09762193903526,967,3,0,3,0.43332941456034,0,0,0,1,0,1,0,0,0,0,0,0,0,0,0,0,0,0,0,0,0
2.10638451550248,967,4,0,3,0.616074402192893,0,0,0,1,0,1,0,0,0,0,0,0,0,0,0,1,0,0,0,0,0
3.76523586422829,967,5,0,3,0.822118800390509,0,0,0,1,0,1,0,0,0,0,0,0,0,0,1,0,0,0,0,0,0
4.42676232457362,967,6,0,3,1.05443321064389,0,0,0,1,0,1,0,0,0,0,0,0,0,1,0,0,0,0,0,0,0
5.67301528894592,967,7,0,3,1.31636697678109,0,0,0,1,0,1,0,0,0,0,0,0,1,0,0,0,0,0,0,0,0
7.65491268728718,967,8,0,3,1.61169647342312,0,0,0,1,0,1,0,0,0,0,0,1,0,0,0,0,0,0,0,0,0
9.34781369396558,967,9,0,3,1.94467955106552,0,0,0,1,0,1,0,0,0,0,1,0,0,0,0,0,0,0,0,0,0
12.9782727138254,967,10,0,3,2.32011692273655,0,0,0,1,0,1,0,0,0,0,0,0,0,0,0,0,1,0,0,0,0
0.235870921130269,968,1,0,1,0.01,1,0,0,0,0,0,1,0,1,0,0,0,0,0,0,0,0,0,0,0,0
0.141021062735679,968,2,0,1,0.01,1,0,0,0,0,0,1,0,1,0,0,0,0,0,0,0,0,0,0,0,0
0.704375688024397,968,3,0,1,0.01,1,0,0,0,0,0,1,0,1,0,0,0,0,0,0,0,0,0,0,0,0
0.781963721228862,968,4,0,1,0.01,1,0,0,0,0,0,1,0,1,0,0,0,0,0,0,0,0,0,0,0,0
-0.206208422815611,968,5,0,1,0.01,1,0,0,0,0,0,1,0,1,0,0,0,0,0,0,0,0,0,0,0,0
1.93382898518199,968,6,0,1,0.01,1,0,0,0,0,0,1,0,1,0,0,0,0,0,0,0,0,0,0,0,0
0.417268196535325,968,7,0,1,0.01,1,0,0,0,0,0,1,0,1,0,0,0,0,0,0,0,0,0,0,0,0
0.528088265187211,968,8,0,1,0.01,1,0,0,0,0,0,1,0,1,0,0,0,0,0,0,0,0,0,0,0,0
-1.0925266519203,968,9,0,1,0.01,1,0,0,0,0,0,1,0,1,0,0,0,0,0,0,0,0,0,0,0,0
0.053973754377483,968,10,0,1,0.01,1,0,0,0,0,0,1,0,1,0,0,0,0,0,0,0,0,0,0,0,0
0.296000657462698,969,1,0,1,0.01,0,0,1,0,0,0,0,0,1,1,0,0,0,0,0,0,0,0,0,0,0
0.171893042587528,969,2,0,1,0.01,0,0,1,0,0,0,0,0,1,1,0,0,0,0,0,0,0,0,0,0,0
0.926700191730093,969,3,0,1,0.01,0,0,1,0,0,0,0,0,1,1,0,0,0,0,0,0,0,0,0,0,0
-1.93700670279345,969,4,0,1,0.01,0,0,1,0,0,0,0,0,1,1,0,0,0,0,0,0,0,0,0,0,0
1.50292955488231,969,5,0,1,0.01,0,0,1,0,0,0,0,0,1,1,0,0,0,0,0,0,0,0,0,0,0
-2.04926899952941,969,6,0,1,0.01,0,0,1,0,0,0,0,0,1,1,0,0,0,0,0,0,0,0,0,0,0
0.915449354477148,969,7,0,1,0.01,0,0,1,0,0,0,0,0,1,1,0,0,0,0,0,0,0,0,0,0,0
0.0460818185081462,969,8,0,1,0.01,0,0,1,0,0,0,0,0,1,1,0,0,0,0,0,0,0,0,0,0,0
-0.963465656273854,969,9,0,1,0.01,0,0,1,0,0,0,0,0,1,1,0,0,0,0,0,0,0,0,0,0,0
-0.432252384832653,969,10,0,1,0.01,0,0,1,0,0,0,0,0,1,1,0,0,0,0,0,0,0,0,0,0,0
-1.09372937973366,970,1,0,1,0.01,1,1,1,1,1,0,1,1,0,1,0,0,0,0,0,0,0,0,0,0,0
-0.857670018762956,970,2,0,1,0.01,1,1,1,1,1,0,1,1,0,1,0,0,0,0,0,0,0,0,0,0,0
-0.753864763681177,970,3,0,1,0.01,1,1,1,1,1,0,1,1,0,1,0,0,0,0,0,0,0,0,0,0,0
-0.00259585388426729,970,4,0,1,0.01,1,1,1,1,1,0,1,1,0,1,0,0,0,0,0,0,0,0,0,0,0
1.7490426695457,970,5,0,1,0.01,1,1,1,1,1,0,1,1,0,1,0,0,0,0,0,0,0,0,0,0,0
0.402088569313193,970,6,0,1,0.01,1,1,1,1,1,0,1,1,0,1,0,0,0,0,0,0,0,0,0,0,0
0.608298289271246,970,7,0,1,0.01,1,1,1,1,1,0,1,1,0,1,0,0,0,0,0,0,0,0,0,0,0
-2.12434098141238,970,8,0,1,0.01,1,1,1,1,1,0,1,1,0,1,0,0,0,0,0,0,0,0,0,0,0
1.23584497898363,970,9,0,1,0.01,1,1,1,1,1,0,1,1,0,1,0,0,0,0,0,0,0,0,0,0,0
1.56004712073902,970,10,0,1,0.01,1,1,1,1,1,0,1,1,0,1,0,0,0,0,0,0,0,0,0,0,0
0.209402665060256,971,1,0,1,0.01,0,0,0,0,1,1,1,1,0,0,0,0,0,0,0,0,0,0,0,0,0
0.208078932877183,971,2,0,1,0.01,0,0,0,0,1,1,1,1,0,0,0,0,0,0,0,0,0,0,0,0,0
-0.68371187517019,971,3,0,1,0.01,0,0,0,0,1,1,1,1,0,0,0,0,0,0,0,0,0,0,0,0,0
-1.63986343686985,971,4,0,1,0.01,0,0,0,0,1,1,1,1,0,0,0,0,0,0,0,0,0,0,0,0,0
0.494489528580543,971,5,0,1,0.01,0,0,0,0,1,1,1,1,0,0,0,0,0,0,0,0,0,0,0,0,0
-0.885456175651308,971,6,0,1,0.01,0,0,0,0,1,1,1,1,0,0,0,0,0,0,0,0,0,0,0,0,0
0.568299742707258,971,7,0,1,0.01,0,0,0,0,1,1,1,1,0,0,0,0,0,0,0,0,0,0,0,0,0
-1.51340503758551,971,8,0,1,0.01,0,0,0,0,1,1,1,1,0,0,0,0,0,0,0,0,0,0,0,0,0
1.10200968775979,971,9,0,1,0.01,0,0,0,0,1,1,1,1,0,0,0,0,0,0,0,0,0,0,0,0,0
0.029516335380698,971,10,0,1,0.01,0,0,0,0,1,1,1,1,0,0,0,0,0,0,0,0,0,0,0,0,0
0.982864747741558,972,1,0,2,0.0512710963760241,0,1,1,1,0,0,1,0,1,0,0,0,0,0,0,0,0,0,0,0,0
-0.204861018913304,972,2,0,2,0.105170918075648,0,1,1,1,0,0,1,0,1,0,0,0,0,0,0,0,0,0,0,0,0
1.89944631477307,972,3,0,2,0.161834242728283,0,1,1,1,0,0,1,0,1,0,0,0,0,0,0,0,0,0,0,0,0
0.848985652467274,972,4,0,2,0.22140275816017,0,1,1,1,0,0,1,0,1,0,0,0,0,0,0,0,0,0,0,0,0
2.61680339954933,972,5,0,2,0.284025416687741,0,1,1,1,0,0,1,0,1,0,0,0,0,0,0,0,0,0,0,0,0
1.73909501538259,972,6,0,2,0.349858807576003,0,1,1,1,0,0,1,0,1,0,0,0,0,0,0,0,0,0,0,0,0
2.73858247996749,972,7,0,2,0.419067548593257,0,1,1,1,0,0,1,0,1,0,0,0,0,0,0,0,0,0,0,0,0
2.85040153822931,972,8,0,2,0.49182469764127,0,1,1,1,0,0,1,0,1,0,0,0,0,0,0,0,0,0,0,0,0
3.17305507794673,972,9,0,2,0.568312185490169,0,1,1,1,0,0,1,0,1,0,0,0,0,0,0,0,0,0,0,0,0
4.64565834310474,972,10,0,2,0.648721270700128,0,1,1,1,0,0,1,0,1,0,0,0,0,0,0,0,0,0,0,0,0
-0.65829643888484,973,1,0,3,0.127496851579376,0,0,0,0,0,0,1,1,1,1,0,0,0,0,0,0,0,0,0,0,0
1.28336348475142,973,2,0,3,0.271249150321405,0,0,0,0,0,0,1,1,1,1,0,0,0,0,0,0,0,0,0,0,0
2.95252002511793,973,3,0,3,0.43332941456034,0,0,0,0,0,0,1,1,1,1,0,0,0,0,0,0,0,0,0,0,0
4.88362155301662,973,4,0,3,0.616074402192893,0,0,0,0,0,0,1,1,1,1,0,0,0,0,0,0,0,0,0,0,0
5.78307407558068,973,5,0,3,0.822118800390509,0,0,0,0,0,0,1,1,1,1,0,0,0,0,0,0,0,0,0,0,0
6.93917835909323,973,6,0,3,1.05443321064389,0,0,0,0,0,0,1,1,1,1,0,0,0,0,0,0,0,0,0,0,0
7.45626377019402,973,7,0,3,1.31636697678109,0,0,0,0,0,0,1,1,1,1,0,0,0,0,0,0,0,0,0,0,0
8.88478341972157,973,8,0,3,1.61169647342312,0,0,0,0,0,0,1,1,1,1,0,0,0,0,0,0,0,0,0,0,0
8.52363450018142,973,9,0,3,1.94467955106552,0,0,0,0,0,0,1,1,1,1,0,0,0,0,0,0,0,0,0,0,0
13.1593936424714,973,10,0,3,2.32011692273655,0,0,0,0,0,0,1,1,1,1,0,0,0,0,0,0,0,0,0,0,0
-0.130993851083503,974,1,0,1,0.01,1,1,1,1,0,0,0,1,0,1,0,0,0,0,1,0,0,0,0,0,0
0.968177782408168,974,2,0,1,0.01,1,1,1,1,0,0,0,1,0,1,0,0,0,1,0,0,0,0,0,0,0
-1.53698875475068,974,3,0,1,0.01,1,1,1,1,0,0,0,1,0,1,0,0,1,0,0,0,0,0,0,0,0
-0.0140292704336029,974,4,0,1,0.01,1,1,1,1,0,0,0,1,0,1,0,1,0,0,0,0,0,0,0,0,0
1.66820983624742,974,5,0,1,0.01,1,1,1,1,0,0,0,1,0,1,1,0,0,0,0,0,0,0,0,0,0
-0.758694227267597,974,6,0,1,0.01,1,1,1,1,0,0,0,1,0,1,0,0,0,0,0,0,1,0,0,0,0
2.08612816722329,974,7,0,1,0.01,1,1,1,1,0,0,0,1,0,1,0,0,0,0,0,0,0,1,0,0,0
-1.61767908831105,974,8,0,1,0.01,1,1,1,1,0,0,0,1,0,1,0,0,0,0,0,0,0,0,1,0,0
-2.34559663231602,974,9,0,1,0.01,1,1,1,1,0,0,0,1,0,1,0,0,0,0,0,0,0,0,0,1,0
0.0141266622095716,974,10,0,1,0.01,1,1,1,1,0,0,0,1,0,1,0,0,0,0,0,0,0,0,0,0,1
1.15730011681586,975,1,0,1,0.01,1,1,0,0,1,0,1,1,1,0,0,0,0,0,0,0,0,0,0,0,0
-0.302409533786537,975,2,0,1,0.01,1,1,0,0,1,0,1,1,1,0,0,0,0,0,0,0,0,0,0,0,0
-1.90857983161732,975,3,0,1,0.01,1,1,0,0,1,0,1,1,1,0,0,0,0,0,0,0,0,0,0,0,0
-1.80650530699,975,4,0,1,0.01,1,1,0,0,1,0,1,1,1,0,0,0,0,0,0,0,0,0,0,0,0
-0.00579526871633693,975,5,0,1,0.01,1,1,0,0,1,0,1,1,1,0,0,0,0,0,0,0,0,0,0,0,0
-2.73680045670358,975,6,0,1,0.01,1,1,0,0,1,0,1,1,1,0,0,0,0,0,0,0,0,0,0,0,0
0.092817219150219,975,7,0,1,0.01,1,1,0,0,1,0,1,1,1,0,0,0,0,0,0,0,0,0,0,0,0
1.11472896581646,975,8,0,1,0.01,1,1,0,0,1,0,1,1,1,0,0,0,0,0,0,0,0,0,0,0,0
0.400915593202763,975,9,0,1,0.01,1,1,0,0,1,0,1,1,1,0,0,0,0,0,0,0,0,0,0,0,0
-1.27654239168059,975,10,0,1,0.01,1,1,0,0,1,0,1,1,1,0,0,0,0,0,0,0,0,0,0,0,0
2.65498672833397,976,1,0,1,0.01,1,1,1,0,0,0,0,0,1,0,0,0,0,0,0,0,0,0,0,0,0
0.919431787951458,976,2,0,1,0.01,1,1,1,0,0,0,0,0,1,0,0,0,0,0,0,0,0,0,0,0,0
-0.944153084494551,976,3,0,1,0.01,1,1,1,0,0,0,0,0,1,0,0,0,0,0,0,0,0,0,0,0,0
0.210346411954695,976,4,0,1,0.01,1,1,1,0,0,0,0,0,1,0,0,0,0,0,0,0,0,0,0,0,0
-0.766951290094973,976,5,0,1,0.01,1,1,1,0,0,0,0,0,1,0,0,0,0,0,0,0,0,0,0,0,0
0.602921215820584,976,6,0,1,0.01,1,1,1,0,0,0,0,0,1,0,0,0,0,0,0,0,0,0,0,0,0
-0.409702257938938,976,7,0,1,0.01,1,1,1,0,0,0,0,0,1,0,0,0,0,0,0,0,0,0,0,0,0
0.805649086907922,976,8,0,1,0.01,1,1,1,0,0,0,0,0,1,0,0,0,0,0,0,0,0,0,0,0,0
0.855186203654844,976,9,0,1,0.01,1,1,1,0,0,0,0,0,1,0,0,0,0,0,0,0,0,0,0,0,0
1.00002060978394,976,10,0,1,0.01,1,1,1,0,0,0,0,0,1,0,0,0,0,0,0,0,0,0,0,0,0
-0.385650908035467,977,1,0,1,0.01,1,1,1,1,1,0,0,1,1,1,0,0,0,0,0,0,0,0,0,0,0
-0.238948858424638,977,2,0,1,0.01,1,1,1,1,1,0,0,1,1,1,0,0,0,0,0,0,0,0,0,0,0
-1.03033653078539,977,3,0,1,0.01,1,1,1,1,1,0,0,1,1,1,0,0,0,0,0,0,0,0,0,0,0
-0.766195195921486,977,4,0,1,0.01,1,1,1,1,1,0,0,1,1,1,0,0,0,0,0,0,0,0,0,0,0
0.374931512168382,977,5,0,1,0.01,1,1,1,1,1,0,0,1,1,1,0,0,0,0,0,0,0,0,0,0,0
0.743451129404918,977,6,0,1,0.01,1,1,1,1,1,0,0,1,1,1,0,0,0,0,0,0,0,0,0,0,0
-1.17521982501549,977,7,0,1,0.01,1,1,1,1,1,0,0,1,1,1,0,0,0,0,0,0,0,0,0,0,0
-2.4614664175476,977,8,0,1,0.01,1,1,1,1,1,0,0,1,1,1,0,0,0,0,0,0,0,0,0,0,0
0.128201952377325,977,9,0,1,0.01,1,1,1,1,1,0,0,1,1,1,0,0,0,0,0,0,0,0,0,0,0
-0.0641024922579252,977,10,0,1,0.01,1,1,1,1,1,0,0,1,1,1,0,0,0,0,0,0,0,0,0,0,0
-2.54496979718783,978,1,0,3,0.127496851579376,1,1,0,0,1,1,0,0,0,0,0,0,0,0,0,0,0,0,0,0,0
1.22822304447341,978,2,0,3,0.271249150321405,1,1,0,0,1,1,0,0,0,0,0,0,0,0,0,1,0,0,0,0,0
1.92993441133041,978,3,0,3,0.43332941456034,1,1,0,0,1,1,0,0,0,0,0,0,0,0,1,0,0,0,0,0,0
4.68459549833547,978,4,0,3,0.616074402192893,1,1,0,0,1,1,0,0,0,0,0,0,0,1,0,0,0,0,0,0,0
6.64215129044342,978,5,0,3,0.822118800390509,1,1,0,0,1,1,0,0,0,0,0,0,1,0,0,0,0,0,0,0,0
4.26390206258689,978,6,0,3,1.05443321064389,1,1,0,0,1,1,0,0,0,0,0,1,0,0,0,0,0,0,0,0,0
8.32523797513134,978,7,0,3,1.31636697678109,1,1,0,0,1,1,0,0,0,0,1,0,0,0,0,0,0,0,0,0,0
7.63287529877874,978,8,0,3,1.61169647342312,1,1,0,0,1,1,0,0,0,0,0,0,0,0,0,0,1,0,0,0,0
9.74810383384055,978,9,0,3,1.94467955106552,1,1,0,0,1,1,0,0,0,0,0,0,0,0,0,0,0,1,0,0,0
12.7310668057472,978,10,0,3,2.32011692273655,1,1,0,0,1,1,0,0,0,0,0,0,0,0,0,0,0,0,1,0,0
-0.584207925722615,979,1,0,1,0.01,0,0,1,1,1,1,0,0,0,1,0,0,0,0,0,0,0,0,0,0,0
0.551207674190319,979,2,0,1,0.01,0,0,1,1,1,1,0,0,0,1,0,0,0,0,0,0,0,0,0,0,0
-1.45383673251093,979,3,0,1,0.01,0,0,1,1,1,1,0,0,0,1,0,0,0,0,0,0,0,0,0,0,0
1.94644655586402,979,4,0,1,0.01,0,0,1,1,1,1,0,0,0,1,0,0,0,0,0,0,0,0,0,0,0
-0.0953936243280319,979,5,0,1,0.01,0,0,1,1,1,1,0,0,0,1,0,0,0,0,0,0,0,0,0,0,0
0.238283531960143,979,6,0,1,0.01,0,0,1,1,1,1,0,0,0,1,0,0,0,0,0,0,0,0,0,0,0
2.06526919814737,979,7,0,1,0.01,0,0,1,1,1,1,0,0,0,1,0,0,0,0,0,0,0,0,0,0,0
2.12522383048073,979,8,0,1,0.01,0,0,1,1,1,1,0,0,0,1,0,0,0,0,0,0,0,0,0,0,0
-0.132485083460938,979,9,0,1,0.01,0,0,1,1,1,1,0,0,0,1,0,0,0,0,0,0,0,0,0,0,0
-0.0318504627049742,979,10,0,1,0.01,0,0,1,1,1,1,0,0,0,1,0,0,0,0,0,0,0,0,0,0,0
0.314029407942296,980,1,0,2,0.0512710963760241,1,0,1,0,0,1,0,1,0,1,0,0,0,0,0,0,0,0,0,0,0
0.604881848494867,980,2,0,2,0.105170918075648,1,0,1,0,0,1,0,1,0,1,0,0,0,0,0,0,0,0,0,0,0
-0.389930827556852,980,3,0,2,0.161834242728283,1,0,1,0,0,1,0,1,0,1,0,0,0,0,0,0,0,0,0,0,0
-0.522202192988729,980,4,0,2,0.22140275816017,1,0,1,0,0,1,0,1,0,1,0,0,0,0,0,0,0,0,0,0,0
3.7381351040222,980,5,0,2,0.284025416687741,1,0,1,0,0,1,0,1,0,1,0,0,0,0,0,0,0,0,0,0,0
0.2554582145092,980,6,0,2,0.349858807576003,1,0,1,0,0,1,0,1,0,1,0,0,0,0,0,0,0,0,0,0,0
3.49213600603591,980,7,0,2,0.419067548593257,1,0,1,0,0,1,0,1,0,1,0,0,0,0,0,0,0,0,0,0,0
3.23890756632682,980,8,0,2,0.49182469764127,1,0,1,0,0,1,0,1,0,1,0,0,0,0,0,0,0,0,0,0,0
2.27470406177616,980,9,0,2,0.568312185490169,1,0,1,0,0,1,0,1,0,1,0,0,0,0,0,0,0,0,0,0,0
2.5062350401981,980,10,0,2,0.648721270700128,1,0,1,0,0,1,0,1,0,1,0,0,0,0,0,0,0,0,0,0,0
-0.990979205117866,981,1,0,3,0.127496851579376,1,0,1,0,0,1,1,0,0,1,0,0,0,0,0,0,0,0,0,0,0
1.88590974005989,981,2,0,3,0.271249150321405,1,0,1,0,0,1,1,0,0,1,0,0,0,0,0,1,0,0,0,0,0
1.52247438912275,981,3,0,3,0.43332941456034,1,0,1,0,0,1,1,0,0,1,0,0,0,0,1,0,0,0,0,0,0
3.10048418522004,981,4,0,3,0.616074402192893,1,0,1,0,0,1,1,0,0,1,0,0,0,1,0,0,0,0,0,0,0
3.82400434702752,981,5,0,3,0.822118800390509,1,0,1,0,0,1,1,0,0,1,0,0,1,0,0,0,0,0,0,0,0
5.43244035988325,981,6,0,3,1.05443321064389,1,0,1,0,0,1,1,0,0,1,0,1,0,0,0,0,0,0,0,0,0
4.97945302157865,981,7,0,3,1.31636697678109,1,0,1,0,0,1,1,0,0,1,1,0,0,0,0,0,0,0,0,0,0
8.37714603246147,981,8,0,3,1.61169647342312,1,0,1,0,0,1,1,0,0,1,0,0,0,0,0,0,1,0,0,0,0
10.8302603816941,981,9,0,3,1.94467955106552,1,0,1,0,0,1,1,0,0,1,0,0,0,0,0,0,0,1,0,0,0
12.1111339224691,981,10,0,3,2.32011692273655,1,0,1,0,0,1,1,0,0,1,0,0,0,0,0,0,0,0,1,0,0
0.0955243762315837,982,1,0,1,0.01,1,0,1,0,1,1,1,1,0,1,0,0,1,0,0,0,0,0,0,0,0
-0.0904248386123537,982,2,0,1,0.01,1,0,1,0,1,1,1,1,0,1,0,1,0,0,0,0,0,0,0,0,0
0.472508624093083,982,3,0,1,0.01,1,0,1,0,1,1,1,1,0,1,1,0,0,0,0,0,0,0,0,0,0
0.248810140937877,982,4,0,1,0.01,1,0,1,0,1,1,1,1,0,1,0,0,0,0,0,0,1,0,0,0,0
-0.753586284774401,982,5,0,1,0.01,1,0,1,0,1,1,1,1,0,1,0,0,0,0,0,0,0,1,0,0,0
-0.9971311751188,982,6,0,1,0.01,1,0,1,0,1,1,1,1,0,1,0,0,0,0,0,0,0,0,1,0,0
0.8873449550543,982,7,0,1,0.01,1,0,1,0,1,1,1,1,0,1,0,0,0,0,0,0,0,0,0,1,0
-0.222482099617416,982,8,0,1,0.01,1,0,1,0,1,1,1,1,0,1,0,0,0,0,0,0,0,0,0,0,1
-0.597691124314136,982,9,0,1,0.01,1,0,1,0,1,1,1,1,0,1,0,0,0,0,0,0,0,0,0,0,0
-0.761789655907668,982,10,0,1,0.01,1,0,1,0,1,1,1,1,0,1,0,0,0,0,0,0,0,0,0,0,0
0.388924795561615,983,1,0,1,0.01,0,0,1,0,0,1,1,0,1,1,0,0,0,0,0,0,0,0,0,0,0
1.24711500138168,983,2,0,1,0.01,0,0,1,0,0,1,1,0,1,1,0,0,0,0,0,0,0,0,0,0,0
-1.96569844919232,983,3,0,1,0.01,0,0,1,0,0,1,1,0,1,1,0,0,0,0,0,0,0,0,0,0,0
-0.543575267492556,983,4,0,1,0.01,0,0,1,0,0,1,1,0,1,1,0,0,0,0,0,0,0,0,0,0,0
-0.247348957114604,983,5,0,1,0.01,0,0,1,0,0,1,1,0,1,1,0,0,0,0,0,0,0,0,0,0,0
1.27428521437091,983,6,0,1,0.01,0,0,1,0,0,1,1,0,1,1,0,0,0,0,0,0,0,0,0,0,0
-1.15886920390545,983,7,0,1,0.01,0,0,1,0,0,1,1,0,1,1,0,0,0,0,0,0,0,0,0,0,0
1.50225722315522,983,8,0,1,0.01,0,0,1,0,0,1,1,0,1,1,0,0,0,0,0,0,0,0,0,0,0
0.570824452698864,983,9,0,1,0.01,0,0,1,0,0,1,1,0,1,1,0,0,0,0,0,0,0,0,0,0,0
-0.0591556625098083,983,10,0,1,0.01,0,0,1,0,0,1,1,0,1,1,0,0,0,0,0,0,0,0,0,0,0
0.47105380265349,984,1,0,2,0.0512710963760241,0,0,1,0,1,1,1,0,0,0,0,0,0,0,0,0,0,0,0,0,0
-0.856346027850756,984,2,0,2,0.105170918075648,0,0,1,0,1,1,1,0,0,0,0,0,0,0,0,0,0,0,0,0,0
0.558118757038136,984,3,0,2,0.161834242728283,0,0,1,0,1,1,1,0,0,0,0,0,0,0,0,0,0,0,0,0,0
2.29779926386058,984,4,0,2,0.22140275816017,0,0,1,0,1,1,1,0,0,0,0,0,0,0,0,1,0,0,0,0,0
1.90314975030168,984,5,0,2,0.284025416687741,0,0,1,0,1,1,1,0,0,0,0,0,0,0,1,0,0,0,0,0,0
1.68932969322289,984,6,0,2,0.349858807576003,0,0,1,0,1,1,1,0,0,0,0,0,0,1,0,0,0,0,0,0,0
2.44905877214662,984,7,0,2,0.419067548593257,0,0,1,0,1,1,1,0,0,0,0,0,1,0,0,0,0,0,0,0,0
3.30699996965772,984,8,0,2,0.49182469764127,0,0,1,0,1,1,1,0,0,0,0,1,0,0,0,0,0,0,0,0,0
3.73774903164922,984,9,0,2,0.568312185490169,0,0,1,0,1,1,1,0,0,0,1,0,0,0,0,0,0,0,0,0,0
4.33037816528051,984,10,0,2,0.648721270700128,0,0,1,0,1,1,1,0,0,0,0,0,0,0,0,0,1,0,0,0,0
1.1436246965861,985,1,0,2,0.0512710963760241,0,0,0,0,0,1,0,0,0,0,0,0,0,0,0,0,0,0,0,0,0
0.770478164508656,985,2,0,2,0.105170918075648,0,0,0,0,0,1,0,0,0,0,0,0,0,0,0,0,0,0,0,0,0
1.24414938815095,985,3,0,2,0.161834242728283,0,0,0,0,0,1,0,0,0,0,0,0,0,0,0,0,0,0,0,0,0
-0.447223798774305,985,4,0,2,0.22140275816017,0,0,0,0,0,1,0,0,0,0,0,0,0,0,0,0,0,0,0,0,0
1.42171096904616,985,5,0,2,0.284025416687741,0,0,0,0,0,1,0,0,0,0,0,0,0,0,0,0,0,0,0,0,0
2.17078300254455,985,6,0,2,0.349858807576003,0,0,0,0,0,1,0,0,0,0,0,0,0,0,0,0,0,0,0,0,0
2.05271655012491,985,7,0,2,0.419067548593257,0,0,0,0,0,1,0,0,0,0,0,0,0,0,0,0,0,0,0,0,0
1.77484882241381,985,8,0,2,0.49182469764127,0,0,0,0,0,1,0,0,0,0,0,0,0,0,0,0,0,0,0,0,0
3.84490241968308,985,9,0,2,0.568312185490169,0,0,0,0,0,1,0,0,0,0,0,0,0,0,0,0,0,0,0,0,0
1.20795894300361,985,10,0,2,0.648721270700128,0,0,0,0,0,1,0,0,0,0,0,0,0,0,0,0,0,0,0,0,0
0.978501938207366,986,1,0,2,0.0512710963760241,1,1,1,1,1,0,0,1,0,0,0,0,0,0,0,0,0,0,0,0,0
1.24463723640371,986,2,0,2,0.105170918075648,1,1,1,1,1,0,0,1,0,0,0,0,0,0,0,0,0,0,0,0,0
-0.623014804025049,986,3,0,2,0.161834242728283,1,1,1,1,1,0,0,1,0,0,0,0,0,0,0,0,0,0,0,0,0
0.573081437702955,986,4,0,2,0.22140275816017,1,1,1,1,1,0,0,1,0,0,0,0,0,0,0,0,0,0,0,0,0
1.97151001175594,986,5,0,2,0.284025416687741,1,1,1,1,1,0,0,1,0,0,0,0,0,0,0,0,0,0,0,0,0
1.70183178315548,986,6,0,2,0.349858807576003,1,1,1,1,1,0,0,1,0,0,0,0,0,0,0,0,0,0,0,0,0
2.40177772173434,986,7,0,2,0.419067548593257,1,1,1,1,1,0,0,1,0,0,0,0,0,0,0,0,0,0,0,0,0
1.93951214346056,986,8,0,2,0.49182469764127,1,1,1,1,1,0,0,1,0,0,0,0,0,0,0,0,0,0,0,0,0
3.90823216958245,986,9,0,2,0.568312185490169,1,1,1,1,1,0,0,1,0,0,0,0,0,0,0,0,0,0,0,0,0
4.39168451494697,986,10,0,2,0.648721270700128,1,1,1,1,1,0,0,1,0,0,0,0,0,0,0,0,0,0,0,0,0
0.859874996152833,987,1,0,2,0.0512710963760241,1,0,1,1,0,0,1,0,1,0,0,0,0,0,0,1,0,0,0,0,0
3.18096459536307,987,2,0,2,0.105170918075648,1,0,1,1,0,0,1,0,1,0,0,0,0,0,1,0,0,0,0,0,0
1.23741534808361,987,3,0,2,0.161834242728283,1,0,1,1,0,0,1,0,1,0,0,0,0,1,0,0,0,0,0,0,0
2.56179600244623,987,4,0,2,0.22140275816017,1,0,1,1,0,0,1,0,1,0,0,0,1,0,0,0,0,0,0,0,0
1.03063373702417,987,5,0,2,0.284025416687741,1,0,1,1,0,0,1,0,1,0,0,1,0,0,0,0,0,0,0,0,0
1.69690395269885,987,6,0,2,0.349858807576003,1,0,1,1,0,0,1,0,1,0,1,0,0,0,0,0,0,0,0,0,0
2.10389594352777,987,7,0,2,0.419067548593257,1,0,1,1,0,0,1,0,1,0,0,0,0,0,0,0,1,0,0,0,0
2.8481128681226,987,8,0,2,0.49182469764127,1,0,1,1,0,0,1,0,1,0,0,0,0,0,0,0,0,1,0,0,0
2.28723073344941,987,9,0,2,0.568312185490169,1,0,1,1,0,0,1,0,1,0,0,0,0,0,0,0,0,0,1,0,0
3.37324939774522,987,10,0,2,0.648721270700128,1,0,1,1,0,0,1,0,1,0,0,0,0,0,0,0,0,0,0,1,0
0.629194165946401,988,1,0,1,0.01,1,1,0,1,1,1,1,1,1,1,0,0,0,0,0,0,0,0,0,0,0
-1.96025590879668,988,2,0,1,0.01,1,1,0,1,1,1,1,1,1,1,0,0,0,0,0,0,0,0,0,0,0
1.27616001775038,988,3,0,1,0.01,1,1,0,1,1,1,1,1,1,1,0,0,0,0,0,0,0,0,0,0,0
0.0497777571262647,988,4,0,1,0.01,1,1,0,1,1,1,1,1,1,1,0,0,0,0,0,0,0,0,0,0,0
-0.0289801189276382,988,5,0,1,0.01,1,1,0,1,1,1,1,1,1,1,0,0,0,0,0,0,0,0,0,0,0
-0.356814320895268,988,6,0,1,0.01,1,1,0,1,1,1,1,1,1,1,0,0,0,0,0,0,0,0,0,0,0
-1.27546200044801,988,7,0,1,0.01,1,1,0,1,1,1,1,1,1,1,0,0,0,0,0,0,0,0,0,0,0
-0.0964274626847409,988,8,0,1,0.01,1,1,0,1,1,1,1,1,1,1,0,0,0,0,0,0,0,0,0,0,0
-1.36294971889012,988,9,0,1,0.01,1,1,0,1,1,1,1,1,1,1,0,0,0,0,0,0,0,0,0,0,0
-0.781340061552415,988,10,0,1,0.01,1,1,0,1,1,1,1,1,1,1,0,0,0,0,0,0,0,0,0,0,0
0.910207415493462,989,1,0,3,0.127496851579376,1,1,0,1,1,1,1,0,0,0,0,0,0,0,0,0,0,0,0,0,0
2.88618526374027,989,2,0,3,0.271249150321405,1,1,0,1,1,1,1,0,0,0,0,0,0,0,0,0,0,0,0,0,0
2.11617503697223,989,3,0,3,0.43332941456034,1,1,0,1,1,1,1,0,0,0,0,0,0,0,0,0,0,0,0,0,0
3.11812666761966,989,4,0,3,0.616074402192893,1,1,0,1,1,1,1,0,0,0,0,0,0,0,0,0,0,0,0,0,0
4.53463203568023,989,5,0,3,0.822118800390509,1,1,0,1,1,1,1,0,0,0,0,0,0,0,0,1,0,0,0,0,0
6.3593528925223,989,6,0,3,1.05443321064389,1,1,0,1,1,1,1,0,0,0,0,0,0,0,1,0,0,0,0,0,0
6.77959252704847,989,7,0,3,1.31636697678109,1,1,0,1,1,1,1,0,0,0,0,0,0,1,0,0,0,0,0,0,0
7.46829261218523,989,8,0,3,1.61169647342312,1,1,0,1,1,1,1,0,0,0,0,0,1,0,0,0,0,0,0,0,0
8.69214157274386,989,9,0,3,1.94467955106552,1,1,0,1,1,1,1,0,0,0,0,1,0,0,0,0,0,0,0,0,0
12.1109887662632,989,10,0,3,2.32011692273655,1,1,0,1,1,1,1,0,0,0,1,0,0,0,0,0,0,0,0,0,0
-0.349730377601319,990,1,0,2,0.0512710963760241,0,1,0,1,1,0,0,0,1,0,0,0,0,0,0,1,0,0,0,0,0
1.32711122255673,990,2,0,2,0.105170918075648,0,1,0,1,1,0,0,0,1,0,0,0,0,0,1,0,0,0,0,0,0
1.06770351492619,990,3,0,2,0.161834242728283,0,1,0,1,1,0,0,0,1,0,0,0,0,1,0,0,0,0,0,0,0
0.335982215442559,990,4,0,2,0.22140275816017,0,1,0,1,1,0,0,0,1,0,0,0,1,0,0,0,0,0,0,0,0
0.796631725022446,990,5,0,2,0.284025416687741,0,1,0,1,1,0,0,0,1,0,0,1,0,0,0,0,0,0,0,0,0
0.780090050156697,990,6,0,2,0.349858807576003,0,1,0,1,1,0,0,0,1,0,1,0,0,0,0,0,0,0,0,0,0
2.45287793119037,990,7,0,2,0.419067548593257,0,1,0,1,1,0,0,0,1,0,0,0,0,0,0,0,1,0,0,0,0
1.79912687645024,990,8,0,2,0.49182469764127,0,1,0,1,1,0,0,0,1,0,0,0,0,0,0,0,0,1,0,0,0
1.98557619692455,990,9,0,2,0.568312185490169,0,1,0,1,1,0,0,0,1,0,0,0,0,0,0,0,0,0,1,0,0
3.26262031544142,990,10,0,2,0.648721270700128,0,1,0,1,1,0,0,0,1,0,0,0,0,0,0,0,0,0,0,1,0
2.41902164050082,991,1,0,2,0.0512710963760241,0,1,1,0,1,0,1,1,0,0,0,0,0,0,0,0,0,0,0,0,0
0.229944210598174,991,2,0,2,0.105170918075648,0,1,1,0,1,0,1,1,0,0,0,0,0,0,0,0,0,0,0,0,0
1.03785750164098,991,3,0,2,0.161834242728283,0,1,1,0,1,0,1,1,0,0,0,0,0,0,0,0,0,0,0,0,0
2.31967278952886,991,4,0,2,0.22140275816017,0,1,1,0,1,0,1,1,0,0,0,0,0,0,0,0,0,0,0,0,0
1.51320673478971,991,5,0,2,0.284025416687741,0,1,1,0,1,0,1,1,0,0,0,0,0,0,0,0,0,0,0,0,0
0.922989846926212,991,6,0,2,0.349858807576003,0,1,1,0,1,0,1,1,0,0,0,0,0,0,0,0,0,0,0,0,0
2.34553299430611,991,7,0,2,0.419067548593257,0,1,1,0,1,0,1,1,0,0,0,0,0,0,0,0,0,0,0,0,0
2.96469658254972,991,8,0,2,0.49182469764127,0,1,1,0,1,0,1,1,0,0,0,0,0,0,0,0,0,0,0,0,0
3.18039445942819,991,9,0,2,0.568312185490169,0,1,1,0,1,0,1,1,0,0,0,0,0,0,0,0,0,0,0,0,0
3.14490137357704,991,10,0,2,0.648721270700128,0,1,1,0,1,0,1,1,0,0,0,0,0,0,0,0,0,0,0,0,0
0.264504602068527,992,1,0,1,0.01,1,0,1,0,1,0,0,0,1,1,0,0,0,0,0,0,0,0,0,0,0
0.12206851804022,992,2,0,1,0.01,1,0,1,0,1,0,0,0,1,1,0,0,0,0,0,0,0,0,0,0,0
0.498113272819262,992,3,0,1,0.01,1,0,1,0,1,0,0,0,1,1,0,0,0,0,0,0,0,0,0,0,0
0.858604545950705,992,4,0,1,0.01,1,0,1,0,1,0,0,0,1,1,0,0,0,0,0,0,0,0,0,0,0
-1.07564891399436,992,5,0,1,0.01,1,0,1,0,1,0,0,0,1,1,0,0,0,0,0,0,0,0,0,0,0
0.573328390857328,992,6,0,1,0.01,1,0,1,0,1,0,0,0,1,1,0,0,0,0,0,0,0,0,0,0,0
-0.485451053753067,992,7,0,1,0.01,1,0,1,0,1,0,0,0,1,1,0,0,0,0,0,0,0,0,0,0,0
0.0353736372425288,992,8,0,1,0.01,1,0,1,0,1,0,0,0,1,1,0,0,0,0,0,0,0,0,0,0,0
0.525736139181811,992,9,0,1,0.01,1,0,1,0,1,0,0,0,1,1,0,0,0,0,0,0,0,0,0,0,0
0.179507045301986,992,10,0,1,0.01,1,0,1,0,1,0,0,0,1,1,0,0,0,0,0,0,0,0,0,0,0
1.03252758341071,993,1,0,1,0.01,0,1,0,1,0,1,1,1,1,0,0,0,0,0,0,0,0,0,0,0,0
0.225354072887228,993,2,0,1,0.01,0,1,0,1,0,1,1,1,1,0,0,0,0,0,0,0,0,0,0,0,0
0.369191674995938,993,3,0,1,0.01,0,1,0,1,0,1,1,1,1,0,0,0,0,0,0,0,0,0,0,0,0
2.03847131197526,993,4,0,1,0.01,0,1,0,1,0,1,1,1,1,0,0,0,0,0,0,0,0,0,0,0,0
-2.56881131248699,993,5,0,1,0.01,0,1,0,1,0,1,1,1,1,0,0,0,0,0,0,0,0,0,0,0,0
-1.82976460299676,993,6,0,1,0.01,0,1,0,1,0,1,1,1,1,0,0,0,0,0,0,0,0,0,0,0,0
1.41565975140263,993,7,0,1,0.01,0,1,0,1,0,1,1,1,1,0,0,0,0,0,0,0,0,0,0,0,0
-0.813739753686379,993,8,0,1,0.01,0,1,0,1,0,1,1,1,1,0,0,0,0,0,0,0,0,0,0,0,0
0.67637560208571,993,9,0,1,0.01,0,1,0,1,0,1,1,1,1,0,0,0,0,0,0,0,0,0,0,0,0
1.37760556082543,993,10,0,1,0.01,0,1,0,1,0,1,1,1,1,0,0,0,0,0,0,0,0,0,0,0,0
0.589620724105198,994,1,0,1,0.01,0,0,0,0,1,1,1,0,1,0,0,0,0,0,0,0,0,0,0,0,0
-1.34253578537375,994,2,0,1,0.01,0,0,0,0,1,1,1,0,1,0,0,0,0,0,0,0,0,0,0,0,0
-0.01013026149873,994,3,0,1,0.01,0,0,0,0,1,1,1,0,1,0,0,0,0,0,0,0,0,0,0,0,0
2.03562922488369,994,4,0,1,0.01,0,0,0,0,1,1,1,0,1,0,0,0,0,0,0,0,0,0,0,0,0
0.573842480506145,994,5,0,1,0.01,0,0,0,0,1,1,1,0,1,0,0,0,0,0,0,0,0,0,0,0,0
-1.16244213258882,994,6,0,1,0.01,0,0,0,0,1,1,1,0,1,0,0,0,0,0,0,0,0,0,0,0,0
1.49911267963213,994,7,0,1,0.01,0,0,0,0,1,1,1,0,1,0,0,0,0,0,0,0,0,0,0,0,0
1.97423122950875,994,8,0,1,0.01,0,0,0,0,1,1,1,0,1,0,0,0,0,0,0,0,0,0,0,0,0
1.60378258918176,994,9,0,1,0.01,0,0,0,0,1,1,1,0,1,0,0,0,0,0,0,0,0,0,0,0,0
1.89687979325894,994,10,0,1,0.01,0,0,0,0,1,1,1,0,1,0,0,0,0,0,0,0,0,0,0,0,0
0.565039751404099,995,1,0,1,0.01,1,1,1,1,0,1,0,1,0,0,0,0,0,0,0,0,0,0,0,0,0
-0.789160642410296,995,2,0,1,0.01,1,1,1,1,0,1,0,1,0,0,0,0,0,0,0,0,0,0,0,0,0
-0.246998450812551,995,3,0,1,0.01,1,1,1,1,0,1,0,1,0,0,0,0,0,0,0,0,0,0,0,0,0
1.17127365444709,995,4,0,1,0.01,1,1,1,1,0,1,0,1,0,0,0,0,0,0,0,0,0,0,0,0,0
0.246479739155514,995,5,0,1,0.01,1,1,1,1,0,1,0,1,0,0,0,0,0,0,0,0,0,0,0,0,0
-1.32108828344965,995,6,0,1,0.01,1,1,1,1,0,1,0,1,0,0,0,0,0,0,0,0,0,0,0,0,0
-0.0670137193400961,995,7,0,1,0.01,1,1,1,1,0,1,0,1,0,0,0,0,0,0,0,0,0,0,0,0,0
0.744856759179966,995,8,0,1,0.01,1,1,1,1,0,1,0,1,0,0,0,0,0,0,0,0,0,0,0,0,0
0.376277572381227,995,9,0,1,0.01,1,1,1,1,0,1,0,1,0,0,0,0,0,0,0,0,0,0,0,0,0
0.794941994418357,995,10,0,1,0.01,1,1,1,1,0,1,0,1,0,0,0,0,0,0,0,0,0,0,0,0,0
0.575707495234868,996,1,0,1,0.01,1,1,0,0,1,0,0,1,0,0,0,0,0,0,0,0,0,0,0,0,0
1.12238826283451,996,2,0,1,0.01,1,1,0,0,1,0,0,1,0,0,0,0,0,0,0,0,0,0,0,0,0
-0.820465121720268,996,3,0,1,0.01,1,1,0,0,1,0,0,1,0,0,0,0,0,0,0,0,0,0,0,0,0
-0.722912860285652,996,4,0,1,0.01,1,1,0,0,1,0,0,1,0,0,0,0,0,0,0,0,0,0,0,0,0
-0.512833520165514,996,5,0,1,0.01,1,1,0,0,1,0,0,1,0,0,0,0,0,0,0,0,0,0,0,0,0
-1.14996698369249,996,6,0,1,0.01,1,1,0,0,1,0,0,1,0,0,0,0,0,0,0,0,0,0,0,0,0
0.406686870095448,996,7,0,1,0.01,1,1,0,0,1,0,0,1,0,0,0,0,0,0,0,0,0,0,0,0,0
-1.96530112490462,996,8,0,1,0.01,1,1,0,0,1,0,0,1,0,0,0,0,0,0,0,0,0,0,0,0,0
0.289477745961553,996,9,0,1,0.01,1,1,0,0,1,0,0,1,0,0,0,0,0,0,0,0,0,0,0,0,0
-1.3776218513518,996,10,0,1,0.01,1,1,0,0,1,0,0,1,0,0,0,0,0,0,0,0,0,0,0,0,0
-0.195654402836874,997,1,0,1,0.01,1,1,1,1,1,0,1,1,0,0,0,0,0,0,0,0,0,0,0,0,0
-0.275959136967655,997,2,0,1,0.01,1,1,1,1,1,0,1,1,0,0,0,0,0,0,0,0,0,0,0,0,0
0.662771677727353,997,3,0,1,0.01,1,1,1,1,1,0,1,1,0,0,0,0,0,0,0,0,0,0,0,0,0
-0.401775674851528,997,4,0,1,0.01,1,1,1,1,1,0,1,1,0,0,0,0,0,0,0,0,0,0,0,0,0
-0.00250683683745699,997,5,0,1,0.01,1,1,1,1,1,0,1,1,0,0,0,0,0,0,0,0,0,0,0,0,0
1.04962934815996,997,6,0,1,0.01,1,1,1,1,1,0,1,1,0,0,0,0,0,0,0,0,0,0,0,0,0
0.365045574169803,997,7,0,1,0.01,1,1,1,1,1,0,1,1,0,0,0,0,0,0,0,0,0,0,0,0,0
1.29083279828912,997,8,0,1,0.01,1,1,1,1,1,0,1,1,0,0,0,0,0,0,0,0,0,0,0,0,0
-0.626684387904464,997,9,0,1,0.01,1,1,1,1,1,0,1,1,0,0,0,0,0,0,0,0,0,0,0,0,0
-0.00485601025077574,997,10,0,1,0.01,1,1,1,1,1,0,1,1,0,0,0,0,0,0,0,0,0,0,0,0,0
3.47678260062491,998,1,0,3,0.127496851579376,0,1,1,0,1,1,1,0,0,0,0,0,0,0,1,0,0,0,0,0,0
2.18268855124937,998,2,0,3,0.271249150321405,0,1,1,0,1,1,1,0,0,0,0,0,0,1,0,0,0,0,0,0,0
1.93421973051766,998,3,0,3,0.43332941456034,0,1,1,0,1,1,1,0,0,0,0,0,1,0,0,0,0,0,0,0,0
2.95937169109595,998,4,0,3,0.616074402192893,0,1,1,0,1,1,1,0,0,0,0,1,0,0,0,0,0,0,0,0,0
5.46357107014093,998,5,0,3,0.822118800390509,0,1,1,0,1,1,1,0,0,0,1,0,0,0,0,0,0,0,0,0,0
5.99090643778752,998,6,0,3,1.05443321064389,0,1,1,0,1,1,1,0,0,0,0,0,0,0,0,0,1,0,0,0,0
8.29736910363687,998,7,0,3,1.31636697678109,0,1,1,0,1,1,1,0,0,0,0,0,0,0,0,0,0,1,0,0,0
9.38894042446044,998,8,0,3,1.61169647342312,0,1,1,0,1,1,1,0,0,0,0,0,0,0,0,0,0,0,1,0,0
9.20321992170606,998,9,0,3,1.94467955106552,0,1,1,0,1,1,1,0,0,0,0,0,0,0,0,0,0,0,0,1,0
12.139518674191,998,10,0,3,2.32011692273655,0,1,1,0,1,1,1,0,0,0,0,0,0,0,0,0,0,0,0,0,1
0.470910489369936,999,1,0,1,0.01,0,1,1,1,0,0,1,0,1,0,0,0,0,0,0,0,0,0,0,0,0
1.99884799507031,999,2,0,1,0.01,0,1,1,1,0,0,1,0,1,0,0,0,0,0,0,0,0,0,0,0,0
0.0191019749341445,999,3,0,1,0.01,0,1,1,1,0,0,1,0,1,0,0,0,0,0,0,0,0,0,0,0,0
2.03699170362465,999,4,0,1,0.01,0,1,1,1,0,0,1,0,1,0,0,0,0,0,0,0,0,0,0,0,0
0.700320252428707,999,5,0,1,0.01,0,1,1,1,0,0,1,0,1,0,0,0,0,0,0,0,0,0,0,0,0
1.09379049064155,999,6,0,1,0.01,0,1,1,1,0,0,1,0,1,0,0,0,0,0,0,0,0,0,0,0,0
1.47835392434213,999,7,0,1,0.01,0,1,1,1,0,0,1,0,1,0,0,0,0,0,0,0,0,0,0,0,0
0.670160272586853,999,8,0,1,0.01,0,1,1,1,0,0,1,0,1,0,0,0,0,0,0,0,0,0,0,0,0
1.4202823206231,999,9,0,1,0.01,0,1,1,1,0,0,1,0,1,0,0,0,0,0,0,0,0,0,0,0,0
0.252193061581382,999,10,0,1,0.01,0,1,1,1,0,0,1,0,1,0,0,0,0,0,0,0,0,0,0,0,0
-1.39818076206457,1000,1,0,1,0.01,0,1,1,0,1,0,1,0,0,0,0,0,0,0,0,0,0,0,0,0,0
-1.4407755212306,1000,2,0,1,0.01,0,1,1,0,1,0,1,0,0,0,0,0,0,0,0,0,0,0,0,0,0
-1.37032915400673,1000,3,0,1,0.01,0,1,1,0,1,0,1,0,0,0,0,0,0,0,0,0,0,0,0,0,0
-0.698614139309759,1000,4,0,1,0.01,0,1,1,0,1,0,1,0,0,0,0,0,0,0,0,0,0,0,0,0,0
-0.0573856136567845,1000,5,0,1,0.01,0,1,1,0,1,0,1,0,0,0,0,0,0,0,0,0,0,0,0,0,0
0.912439270790912,1000,6,0,1,0.01,0,1,1,0,1,0,1,0,0,0,0,0,0,0,0,0,0,0,0,0,0
1.68955890006345,1000,7,0,1,0.01,0,1,1,0,1,0,1,0,0,0,0,0,0,0,0,0,0,0,0,0,0
-0.378366869891381,1000,8,0,1,0.01,0,1,1,0,1,0,1,0,0,0,0,0,0,0,0,0,0,0,0,0,0
1.00229410598204,1000,9,0,1,0.01,0,1,1,0,1,0,1,0,0,0,0,0,0,0,0,0,0,0,0,0,0
-0.0482466554655987,1000,10,0,1,0.01,0,1,1,0,1,0,1,0,0,0,0,0,0,0,0,0,0,0,0,0,0
